Stim	R	G	B	C	Temp	HueLux	Yellow	Red	Blue	Blue2	Trig
1	323	406	207	981	3832	384.0	0	1500	0	0	1
1	2871	549	484	3679	1904	0.0	0	1500	0	0	1
1	2992	553	497	3803	1892	0.0	0	1500	0	0	1
1	2989	555	497	3804	1893	0.0	0	1500	0	0	1
1	2990	553	497	3801	1892	0.0	0	1500	0	0	1
1	2994	555	498	3809	1893	0.0	0	1500	0	0	1
1	2987	553	496	3799	1892	0.0	0	1500	0	0	1
1	2992	555	498	3806	1893	0.0	0	1500	0	0	1
1	2993	554	497	3804	1890	0.0	0	1500	0	0	1
1	2989	555	497	3804	1893	0.0	0	1500	0	0	1
1	2990	554	497	3803	1892	0.0	0	1500	0	0	1
1	2995	555	498	3809	1893	0.0	0	1500	0	0	1
1	2988	554	497	3800	1892	0.0	0	1500	0	0	1
1	2992	555	498	3806	1893	0.0	0	1500	0	0	1
1	2994	554	497	3806	1891	0.0	0	1500	0	0	1
1	2989	555	497	3803	1892	0.0	0	1500	0	0	1
1	2990	554	497	3803	1892	0.0	0	1500	0	0	1
1	2993	555	498	3807	1893	0.0	0	1500	0	0	1
1	2988	554	497	3801	1892	0.0	0	1500	0	0	1
1	2993	554	497	3806	1892	0.0	0	1500	0	0	1
1	2988	554	497	3801	1892	0.0	0	1500	0	0	1
1	2989	554	497	3802	1892	0.0	0	1500	0	0	1
1	2993	554	497	3806	1892	0.0	0	1500	0	0	1
1	2987	554	497	3800	1893	0.0	0	1500	0	0	1
1	2988	554	497	3800	1892	0.0	0	1500	0	0	1
1	2993	554	497	3806	1892	0.0	0	1500	0	0	1
1	2987	553	496	3799	1892	0.0	0	1500	0	0	1
1	2988	554	497	3802	1894	0.0	0	1500	0	0	0
1	2560	530	450	3347	1938	0.0	0	1500	0	0	0
1	323	406	207	980	3832	384.0	0	1500	0	0	0
1	322	404	206	977	3828	382.0	0	1500	0	0	0
1	323	406	207	980	3832	384.0	0	1500	0	0	0
1	322	404	206	976	3828	382.0	0	1500	0	0	0
1	323	406	207	980	3832	384.0	0	1500	0	0	0
2	322	404	206	976	3828	382.0	0	1500	0	0	1
2	323	406	207	980	3832	384.0	0	1500	0	0	1
2	2953	551	493	3762	1896	0.0	0	1500	0	0	1
2	2988	553	496	3800	1892	0.0	0	1500	0	0	1
2	2988	555	497	3802	1892	0.0	0	1500	0	0	1
2	2991	553	497	3802	1892	0.0	0	1500	0	0	1
2	2989	555	497	3803	1892	0.0	0	1500	0	0	1
2	2985	552	496	3795	1892	0.0	0	1500	0	0	1
2	2992	555	498	3806	1893	0.0	0	1500	0	0	1
2	2987	553	496	3798	1891	0.0	0	1500	0	0	1
2	2987	555	497	3802	1894	0.0	0	1500	0	0	1
2	2990	553	496	3801	1891	0.0	0	1500	0	0	1
2	2989	555	497	3804	1893	0.0	0	1500	0	0	1
2	2985	553	496	3796	1892	0.0	0	1500	0	0	1
2	2992	556	498	3807	1893	0.0	0	1500	0	0	1
2	2986	553	496	3797	1892	0.0	0	1500	0	0	1
2	2986	555	497	3801	1894	0.0	0	1500	0	0	1
2	2990	553	496	3801	1891	0.0	0	1500	0	0	1
2	2989	555	498	3804	1894	0.0	0	1500	0	0	1
2	2986	552	496	3796	1892	0.0	0	1500	0	0	1
2	2993	555	498	3808	1893	0.0	0	1500	0	0	1
2	2987	555	497	3797	1890	0.0	0	1500	0	0	1
2	2990	553	496	3800	1891	0.0	0	1500	0	0	1
2	2988	555	497	3803	1894	0.0	0	1500	0	0	1
2	2985	552	496	3795	1892	0.0	0	1500	0	0	1
2	2992	555	498	3807	1893	0.0	0	1500	0	0	1
2	2987	553	496	3798	1891	0.0	0	1500	0	0	1
2	2986	555	497	3801	1894	0.0	0	1500	0	0	0
2	2576	530	451	3362	1935	0.0	0	1500	0	0	0
2	323	406	207	981	3832	384.0	0	1500	0	0	0
2	321	404	206	975	3836	382.0	0	1500	0	0	0
2	323	406	207	980	3832	384.0	0	1500	0	0	0
2	322	404	206	976	3828	382.0	0	1500	0	0	0
2	323	406	207	980	3832	384.0	0	1500	0	0	0
3	322	404	206	976	3828	382.0	0	1500	0	0	1
3	323	406	207	981	3832	384.0	0	1500	0	0	1
3	2933	550	490	3742	1898	0.0	0	1500	0	0	1
3	2991	555	498	3806	1893	0.0	0	1500	0	0	1
3	2988	553	497	3800	1892	0.0	0	1500	0	0	1
3	2986	555	497	3800	1893	0.0	0	1500	0	0	1
3	2988	554	497	3801	1892	0.0	0	1500	0	0	1
3	2985	553	496	3797	1893	0.0	0	1500	0	0	1
3	2991	554	497	3804	1892	0.0	0	1500	0	0	1
3	2988	554	497	3800	1892	0.0	0	1500	0	0	1
3	2985	554	496	3797	1892	0.0	0	1500	0	0	1
3	2990	554	497	3803	1892	0.0	0	1500	0	0	1
3	2987	554	497	3799	1893	0.0	0	1500	0	0	1
3	2984	554	496	3796	1892	0.0	0	1500	0	0	1
3	2989	554	497	3802	1892	0.0	0	1500	0	0	1
3	2987	554	497	3799	1893	0.0	0	1500	0	0	1
3	2984	553	496	3796	1893	0.0	0	1500	0	0	1
3	2990	554	497	3803	1892	0.0	0	1500	0	0	1
3	2985	553	496	3797	1893	0.0	0	1500	0	0	1
3	2984	554	497	3798	1894	0.0	0	1500	0	0	1
3	2989	554	497	3802	1892	0.0	0	1500	0	0	1
3	2986	555	497	3801	1894	0.0	0	1500	0	0	1
3	2984	553	496	3797	1893	0.0	0	1500	0	0	1
3	2991	555	498	3806	1893	0.0	0	1500	0	0	1
3	2986	555	497	3802	1894	0.0	0	1500	0	0	1
3	2989	554	497	3802	1892	0.0	0	1500	0	0	1
3	2985	555	497	3800	1894	0.0	0	1500	0	0	1
3	2984	553	496	3795	1892	0.0	0	1500	0	0	0
3	2488	528	443	3274	1949	0.0	0	1500	0	0	0
3	322	404	206	976	3828	382.0	0	1500	0	0	0
3	324	407	207	981	3825	385.0	0	1500	0	0	0
3	322	404	206	975	3828	382.0	0	1500	0	0	0
3	324	407	207	982	3825	385.0	0	1500	0	0	0
3	322	404	206	976	3828	382.0	0	1500	0	0	0
4	324	407	207	982	3825	385.0	0	1500	0	0	1
4	322	404	206	975	3828	382.0	0	1500	0	0	1
4	1459	470	331	2184	2176	25.0	0	1500	0	0	1
4	1681	480	354	2415	2101	0.0	0	1500	0	0	1
4	1632	480	350	2367	2119	0.0	0	1500	0	0	1
4	1629	477	348	2360	2115	0.0	0	1500	0	0	1
4	1631	480	350	2367	2119	0.0	0	1500	0	0	1
4	1629	477	348	2360	2115	0.0	0	1500	0	0	1
4	1629	477	348	2360	2115	0.0	0	1500	0	0	1
4	1631	480	350	2366	2119	0.0	0	1500	0	0	1
4	1628	477	348	2359	2116	0.0	0	1500	0	0	1
4	1637	480	350	2373	2117	0.0	0	1500	0	0	1
4	1629	477	348	2360	2115	0.0	0	1500	0	0	1
4	1631	480	350	2366	2119	0.0	0	1500	0	0	1
4	1629	477	348	2360	2115	0.0	0	1500	0	0	1
4	1679	482	355	2416	2104	0.0	0	1500	0	0	1
4	1682	480	354	2416	2100	0.0	0	1500	0	0	1
4	1679	482	355	2416	2104	0.0	0	1500	0	0	1
4	1677	480	354	2411	2102	0.0	0	1500	0	0	1
4	1677	482	355	2415	2107	0.0	0	1500	0	0	1
4	1677	480	354	2411	2102	0.0	0	1500	0	0	1
4	1679	482	355	2416	2104	0.0	0	1500	0	0	1
4	1682	481	354	2417	2100	0.0	0	1500	0	0	1
4	1678	482	355	2415	2104	0.0	0	1500	0	0	1
4	1678	480	354	2413	2104	0.0	0	1500	0	0	1
4	1683	482	355	2420	2102	0.0	0	1500	0	0	1
4	1630	479	349	2364	2117	0.0	0	1500	0	0	1
4	1629	478	349	2361	2118	0.0	0	1500	0	0	0
4	1630	478	349	2363	2117	0.0	0	1500	0	0	0
4	322	405	206	978	3828	383.0	0	1500	0	0	0
4	322	405	207	978	3840	383.0	0	1500	0	0	0
4	322	405	206	978	3828	383.0	0	1500	0	0	0
4	322	405	206	978	3828	383.0	0	1500	0	0	0
4	323	405	207	978	3832	382.0	0	1500	0	0	0
5	322	405	206	978	3828	383.0	0	1500	131	0	1
5	323	406	207	979	3832	384.0	0	1500	131	0	1
5	1548	473	340	2275	2142	0.0	0	1500	131	0	1
5	1648	480	353	2385	2117	0.0	0	1500	131	0	1
5	1630	478	350	2364	2120	0.0	0	1500	131	0	1
5	1631	480	351	2367	2122	0.0	0	1500	131	0	1
5	1630	478	350	2364	2120	0.0	0	1500	131	0	1
5	1631	480	351	2368	2122	0.0	0	1500	131	0	1
5	1630	478	350	2364	2120	0.0	0	1500	131	0	1
5	1637	480	352	2374	2121	0.0	0	1500	131	0	1
5	1631	480	351	2363	2118	0.0	0	1500	131	0	1
5	1630	478	350	2363	2120	0.0	0	1500	131	0	1
5	1631	480	351	2368	2122	0.0	0	1500	131	0	1
5	1629	478	350	2362	2120	0.0	0	1500	131	0	1
5	1678	483	356	2418	2109	0.0	0	1500	131	0	1
5	1679	480	355	2415	2106	0.0	0	1500	131	0	1
5	1682	483	357	2423	2109	0.0	0	1500	131	0	1
5	1676	480	355	2412	2107	0.0	0	1500	131	0	1
5	1681	483	357	2422	2110	0.0	0	1500	131	0	1
5	1680	481	355	2416	2103	0.0	0	1500	131	0	1
5	1678	483	356	2418	2109	0.0	0	1500	131	0	1
5	1679	481	355	2416	2106	0.0	0	1500	131	0	1
5	1681	483	357	2422	2110	0.0	0	1500	131	0	1
5	1676	480	355	2412	2107	0.0	0	1500	131	0	1
5	1681	483	357	2423	2110	0.0	0	1500	131	0	1
5	1673	480	355	2410	2108	0.0	0	1500	131	0	1
5	1631	481	351	2370	2124	0.0	0	1500	131	0	1
5	1629	478	350	2363	2120	0.0	0	1500	131	0	0
5	1632	481	350	2370	2121	0.0	0	1500	131	0	0
5	324	407	207	982	3825	385.0	0	1500	131	0	0
5	322	404	206	976	3828	382.0	0	1500	131	0	0
5	324	406	207	981	3825	384.0	0	1500	131	0	0
5	322	404	206	976	3828	382.0	0	1500	131	0	0
5	323	406	207	981	3832	384.0	0	1500	131	0	0
6	322	404	206	976	3828	382.0	0	1500	263	0	1
6	324	406	207	981	3825	384.0	0	1500	263	0	1
6	1536	472	338	2262	2145	0.0	0	1500	263	0	1
6	1662	486	363	2413	2132	0.0	0	1500	263	0	1
6	1632	483	359	2379	2140	0.0	0	1500	263	0	1
6	1633	484	360	2383	2142	0.0	0	1500	263	0	1
6	1632	483	359	2379	2140	0.0	0	1500	263	0	1
6	1639	485	361	2389	2140	0.0	0	1500	263	0	1
6	1632	483	360	2380	2143	0.0	0	1500	263	0	1
6	1633	484	360	2383	2142	0.0	0	1500	263	0	1
6	1632	483	360	2380	2143	0.0	0	1500	263	0	1
6	1638	484	361	2388	2142	0.0	0	1500	263	0	1
6	1632	483	360	2380	2143	0.0	0	1500	263	0	1
6	1632	484	360	2381	2143	0.0	0	1500	263	0	1
6	1672	486	364	2424	2130	0.0	0	1500	263	0	1
6	1682	486	365	2433	2126	0.0	0	1500	263	0	1
6	1682	486	365	2434	2128	0.0	0	1500	263	0	1
6	1678	486	364	2430	2127	0.0	0	1500	263	0	1
6	1681	486	364	2432	2126	0.0	0	1500	263	0	1
6	1683	486	365	2435	2127	0.0	0	1500	263	0	1
6	1678	485	364	2428	2127	0.0	0	1500	263	0	1
6	1681	486	365	2432	2126	0.0	0	1500	263	0	1
6	1683	485	365	2433	2125	0.0	0	1500	263	0	1
6	1673	486	364	2424	2130	0.0	0	1500	263	0	1
6	1679	485	364	2428	2125	0.0	0	1500	263	0	1
6	1685	487	365	2437	2125	0.0	0	1500	263	0	1
6	1631	482	359	2378	2141	0.0	0	1500	263	0	1
6	1632	484	360	2382	2143	0.0	0	1500	263	0	0
6	1631	482	359	2378	2141	0.0	0	1500	263	0	0
6	1632	483	357	2377	2136	0.0	0	1500	263	0	0
6	322	404	206	976	3828	382.0	0	1500	263	0	0
6	322	404	206	975	3828	382.0	0	1500	263	0	0
6	324	407	207	982	3825	385.0	0	1500	263	0	0
6	322	404	206	976	3828	382.0	0	1500	263	0	0
7	324	407	207	982	3825	385.0	0	1500	394	0	1
7	322	404	206	976	3828	382.0	0	1500	394	0	1
7	1357	464	320	2076	2219	57.0	0	1500	394	0	1
7	1683	489	374	2447	2148	0.0	0	1500	394	0	1
7	1685	492	375	2452	2148	0.0	0	1500	394	0	1
7	1638	487	369	2399	2162	0.0	0	1500	394	0	1
7	1635	489	370	2400	2165	0.0	0	1500	394	0	1
7	1632	487	369	2393	2165	0.0	0	1500	394	0	1
7	1634	489	370	2400	2168	0.0	0	1500	394	0	1
7	1632	487	369	2393	2165	0.0	0	1500	394	0	1
7	1634	489	370	2399	2166	0.0	0	1500	394	0	1
7	1632	486	369	2392	2165	0.0	0	1500	394	0	1
7	1633	489	370	2398	2166	0.0	0	1500	394	0	1
7	1631	486	368	2391	2163	0.0	0	1500	394	0	1
7	1633	489	370	2398	2166	0.0	0	1500	394	0	1
7	1633	488	370	2397	2166	0.0	0	1500	394	0	1
7	1684	488	373	2445	2144	0.0	0	1500	394	0	1
7	1681	490	374	2445	2147	0.0	0	1500	394	0	1
7	1677	487	373	2438	2149	0.0	0	1500	394	0	1
7	1684	490	374	2449	2148	0.0	0	1500	394	0	1
7	1680	488	373	2441	2145	0.0	0	1500	394	0	1
7	1674	489	373	2438	2150	0.0	0	1500	394	0	1
7	1680	488	373	2442	2147	0.0	0	1500	394	0	1
7	1684	490	374	2449	2148	0.0	0	1500	394	0	1
7	1678	488	373	2439	2146	0.0	0	1500	394	0	1
7	1679	489	374	2443	2150	0.0	0	1500	394	0	1
7	1684	488	373	2445	2144	0.0	0	1500	394	0	1
7	1675	489	373	2439	2150	0.0	0	1500	394	0	1
7	1631	485	368	2391	2165	0.0	0	1500	394	0	0
7	1637	485	366	2393	2155	0.0	0	1500	394	0	0
7	320	402	206	972	3843	379.0	0	1500	394	0	0
7	321	403	206	973	3836	381.0	0	1500	394	0	0
7	320	402	205	972	3831	380.0	0	1500	394	0	0
7	320	402	205	971	3831	380.0	0	1500	394	0	0
8	320	402	205	971	3831	380.0	0	1500	526	0	1
8	320	402	205	972	3831	380.0	0	1500	526	0	1
8	1441	465	327	2158	2177	26.0	0	1500	526	0	1
8	1673	492	383	2449	2174	0.0	0	1500	526	0	1
8	1649	491	380	2424	2181	0.0	0	1500	526	0	1
8	1632	490	379	2408	2190	0.0	0	1500	526	0	1
8	1632	490	379	2406	2189	0.0	0	1500	526	0	1
8	1633	491	379	2408	2188	0.0	0	1500	526	0	1
8	1632	489	379	2405	2189	0.0	0	1500	526	0	1
8	1633	491	379	2408	2188	0.0	0	1500	526	0	1
8	1632	489	379	2405	2189	0.0	0	1500	526	0	1
8	1639	491	380	2415	2187	0.0	0	1500	526	0	1
8	1632	489	379	2406	2189	0.0	0	1500	526	0	1
8	1634	492	380	2411	2190	0.0	0	1500	526	0	1
8	1633	490	379	2408	2188	0.0	0	1500	526	0	1
8	1635	493	380	2414	2189	0.0	0	1500	526	0	1
8	1680	493	383	2457	2171	0.0	0	1500	526	0	1
8	1683	494	384	2461	2170	0.0	0	1500	526	0	1
8	1676	496	384	2458	2175	0.0	0	1500	526	0	1
8	1683	494	384	2462	2172	0.0	0	1500	526	0	1
8	1686	497	385	2470	2173	0.0	0	1500	526	0	1
8	1680	494	383	2458	2171	0.0	0	1500	526	0	1
8	1684	497	385	2466	2172	0.0	0	1500	526	0	1
8	1685	494	384	2464	2171	0.0	0	1500	526	0	1
8	1683	497	385	2466	2174	0.0	0	1500	526	0	1
8	1680	494	383	2458	2171	0.0	0	1500	526	0	1
8	1688	497	385	2471	2172	0.0	0	1500	526	0	1
8	1633	492	380	2410	2190	0.0	0	1500	526	0	1
8	1635	495	381	2417	2192	0.0	0	1500	526	0	0
8	1632	490	375	2402	2179	0.0	0	1500	526	0	0
8	324	407	207	982	3825	385.0	0	1500	526	0	0
8	322	404	206	976	3828	382.0	0	1500	526	0	0
8	324	407	207	982	3825	385.0	0	1500	526	0	0
8	322	404	206	976	3828	382.0	0	1500	526	0	0
8	324	407	207	982	3825	385.0	0	1500	526	0	0
9	322	407	207	976	3840	386.0	0	1500	657	0	1
9	1419	466	326	2139	2189	36.0	0	1500	657	0	1
9	1689	502	396	2487	2195	0.0	0	1500	657	0	1
9	1666	499	393	2460	2201	0.0	0	1500	657	0	1
9	1636	499	391	2433	2217	0.0	0	1500	657	0	1
9	1635	498	390	2429	2213	0.0	0	1500	657	0	1
9	1636	499	391	2433	2217	0.0	0	1500	657	0	1
9	1635	498	390	2429	2213	0.0	0	1500	657	0	1
9	1636	499	391	2432	2215	0.0	0	1500	657	0	1
9	1635	498	391	2430	2216	0.0	0	1500	657	0	1
9	1636	499	391	2432	2215	0.0	0	1500	657	0	1
9	1635	498	391	2430	2216	0.0	0	1500	657	0	1
9	1642	499	392	2438	2215	0.0	0	1500	657	0	1
9	1636	498	391	2431	2215	0.0	0	1500	657	0	1
9	1636	498	391	2431	2215	0.0	0	1500	657	0	1
9	1683	500	394	2478	2195	0.0	0	1500	657	0	1
9	1677	500	394	2472	2198	0.0	0	1500	657	0	1
9	1685	500	395	2481	2196	0.0	0	1500	657	0	1
9	1688	500	395	2484	2195	0.0	0	1500	657	0	1
9	1683	500	394	2478	2195	0.0	0	1500	657	0	1
9	1689	501	395	2485	2192	0.0	0	1500	657	0	1
9	1682	499	394	2477	2195	0.0	0	1500	657	0	1
9	1684	501	395	2481	2197	0.0	0	1500	657	0	1
9	1688	499	395	2482	2193	0.0	0	1500	657	0	1
9	1685	501	395	2481	2194	0.0	0	1500	657	0	1
9	1682	499	394	2475	2194	0.0	0	1500	657	0	1
9	1637	499	392	2434	2217	0.0	0	1500	657	0	1
9	1635	497	391	2429	2216	0.0	0	1500	657	0	0
9	1636	495	382	2420	2196	0.0	0	1500	657	0	0
9	322	404	206	976	3828	382.0	0	1500	657	0	0
9	324	407	207	982	3825	385.0	0	1500	657	0	0
9	322	404	206	976	3828	382.0	0	1500	657	0	0
9	324	407	207	982	3825	385.0	0	1500	657	0	0
9	321	404	206	975	3836	382.0	0	1500	657	0	0
10	323	406	207	981	3832	384.0	0	1500	789	0	1
10	321	403	206	974	3836	381.0	0	1500	789	0	1
10	1251	458	308	1963	2265	91.0	0	1500	789	0	1
10	1686	505	405	2498	2219	0.0	0	1500	789	0	1
10	1687	503	404	2495	2216	0.0	0	1500	789	0	1
10	1638	504	402	2450	2241	0.0	0	1500	789	0	1
10	1642	501	401	2449	2236	0.0	0	1500	789	0	1
10	1638	504	402	2451	2242	0.0	0	1500	789	0	1
10	1636	502	401	2446	2241	0.0	0	1500	789	0	1
10	1639	505	402	2452	2240	0.0	0	1500	789	0	1
10	1643	502	402	2452	2238	0.0	0	1500	789	0	1
10	1638	504	402	2451	2242	0.0	0	1500	789	0	1
10	1636	502	401	2445	2239	0.0	0	1500	789	0	1
10	1638	504	402	2450	2241	0.0	0	1500	789	0	1
10	1636	502	401	2445	2239	0.0	0	1500	789	0	1
10	1637	504	402	2449	2241	0.0	0	1500	789	0	1
10	1636	502	401	2445	2239	0.0	0	1500	789	0	1
10	1684	505	405	2494	2218	0.0	0	1500	789	0	1
10	1683	503	404	2491	2218	0.0	0	1500	789	0	1
10	1689	505	405	2499	2216	0.0	0	1500	789	0	1
10	1684	504	404	2493	2218	0.0	0	1500	789	0	1
10	1688	504	405	2497	2216	0.0	0	1500	789	0	1
10	1679	504	404	2488	2220	0.0	0	1500	789	0	1
10	1683	504	404	2492	2218	0.0	0	1500	789	0	1
10	1688	504	405	2497	2216	0.0	0	1500	789	0	1
10	1685	504	405	2494	2218	0.0	0	1500	789	0	1
10	1676	503	404	2485	2222	0.0	0	1500	789	0	1
10	1677	504	405	2488	2224	0.0	0	1500	789	0	0
10	1635	500	396	2437	2228	0.0	0	1500	789	0	0
10	323	406	207	980	3832	384.0	0	1500	789	0	0
10	322	404	206	976	3828	382.0	0	1500	789	0	0
10	323	405	207	980	3832	382.0	0	1500	789	0	0
10	321	403	206	975	3836	381.0	0	1500	789	0	0
10	323	406	207	980	3832	384.0	0	1500	789	0	0
11	321	404	206	975	3836	382.0	0	1500	921	0	1
11	323	406	207	981	3832	384.0	0	1500	921	0	1
11	1336	461	316	2050	2223	62.0	0	1500	921	0	1
11	1689	512	416	2518	2243	0.0	0	1500	921	0	1
11	1684	509	415	2508	2242	0.0	0	1500	921	0	1
11	1638	507	412	2463	2265	0.0	0	1500	921	0	1
11	1640	510	413	2469	2266	0.0	0	1500	921	0	1
11	1638	507	412	2462	2265	0.0	0	1500	921	0	1
11	1640	510	413	2469	2266	0.0	0	1500	921	0	1
11	1638	507	412	2462	2265	0.0	0	1500	921	0	1
11	1640	510	413	2469	2266	0.0	0	1500	921	0	1
11	1638	507	412	2463	2265	0.0	0	1500	921	0	1
11	1646	510	414	2475	2265	0.0	0	1500	921	0	1
11	1638	507	412	2462	2265	0.0	0	1500	921	0	1
11	1640	510	413	2469	2266	0.0	0	1500	921	0	1
11	1638	507	412	2463	2265	0.0	0	1500	921	0	1
11	1689	512	417	2518	2244	0.0	0	1500	921	0	1
11	1689	509	415	2514	2241	0.0	0	1500	921	0	1
11	1686	511	416	2514	2245	0.0	0	1500	921	0	1
11	1687	509	415	2512	2242	0.0	0	1500	921	0	1
11	1685	511	416	2514	2245	0.0	0	1500	921	0	1
11	1685	509	415	2509	2241	0.0	0	1500	921	0	1
11	1688	511	416	2515	2242	0.0	0	1500	921	0	1
11	1686	511	416	2513	2243	0.0	0	1500	921	0	1
11	1687	510	415	2513	2242	0.0	0	1500	921	0	1
11	1692	511	416	2519	2240	0.0	0	1500	921	0	1
11	1685	510	415	2512	2243	0.0	0	1500	921	0	1
11	1639	509	413	2467	2266	0.0	0	1500	921	0	0
11	1638	506	408	2458	2255	0.0	0	1500	921	0	0
11	323	405	207	978	3832	382.0	0	1500	921	0	0
11	323	405	207	979	3832	382.0	0	1500	921	0	0
11	322	405	206	978	3828	383.0	0	1500	921	0	0
11	323	405	207	979	3832	382.0	0	1500	921	0	0
11	322	405	206	977	3828	383.0	0	1500	921	0	0
12	323	406	207	980	3832	384.0	0	1500	1052	0	1
12	322	404	206	976	3828	382.0	0	1500	1052	0	1
12	1321	462	316	2037	2232	69.0	0	1500	1052	0	1
12	1689	514	426	2529	2265	0.0	0	1500	1052	0	1
12	1694	516	427	2537	2264	0.0	0	1500	1052	0	1
12	1664	513	424	2505	2277	0.0	0	1500	1052	0	1
12	1647	515	424	2492	2288	0.0	0	1500	1052	0	1
12	1640	515	424	2480	2289	0.0	0	1500	1052	0	1
12	1640	512	423	2480	2290	0.0	0	1500	1052	0	1
12	1642	515	424	2486	2291	0.0	0	1500	1052	0	1
12	1640	512	423	2480	2290	0.0	0	1500	1052	0	1
12	1642	515	424	2487	2291	0.0	0	1500	1052	0	1
12	1640	512	423	2480	2290	0.0	0	1500	1052	0	1
12	1642	515	424	2487	2291	0.0	0	1500	1052	0	1
12	1645	513	423	2486	2287	0.0	0	1500	1052	0	1
12	1642	515	424	2487	2291	0.0	0	1500	1052	0	1
12	1691	514	426	2531	2263	0.0	0	1500	1052	0	1
12	1688	517	427	2532	2267	0.0	0	1500	1052	0	1
12	1681	514	425	2521	2268	0.0	0	1500	1052	0	1
12	1693	517	427	2538	2267	0.0	0	1500	1052	0	1
12	1687	514	425	2527	2265	0.0	0	1500	1052	0	1
12	1688	517	427	2533	2269	0.0	0	1500	1052	0	1
12	1686	514	425	2526	2266	0.0	0	1500	1052	0	1
12	1689	517	427	2533	2267	0.0	0	1500	1052	0	1
12	1686	514	425	2527	2266	0.0	0	1500	1052	0	1
12	1693	517	426	2538	2264	0.0	0	1500	1052	0	1
12	1688	516	426	2531	2267	0.0	0	1500	1052	0	1
12	1640	513	423	2482	2290	0.0	0	1500	1052	0	0
12	1639	510	413	2469	2268	0.0	0	1500	1052	0	0
12	322	405	206	978	3828	383.0	0	1500	1052	0	0
12	323	406	207	981	3832	384.0	0	1500	1052	0	0
12	323	405	207	979	3832	382.0	0	1500	1052	0	0
12	323	406	207	979	3832	384.0	0	1500	1052	0	0
12	322	405	207	978	3840	383.0	0	1500	1052	0	0
13	322	405	206	978	3828	383.0	0	1500	1184	0	1
13	322	405	207	978	3840	383.0	0	1500	1184	0	1
13	1144	450	296	1847	2323	122.0	0	1500	1184	0	1
13	1691	520	437	2548	2289	0.0	0	1500	1184	0	1
13	1687	519	436	2543	2291	0.0	0	1500	1184	0	1
13	1687	520	437	2544	2291	0.0	0	1500	1184	0	1
13	1690	519	436	2546	2289	0.0	0	1500	1184	0	1
13	1642	519	435	2502	2317	0.0	0	1500	1184	0	1
13	1640	517	433	2496	2314	0.0	0	1500	1184	0	1
13	1642	519	434	2501	2315	0.0	0	1500	1184	0	1
13	1641	519	434	2500	2316	0.0	0	1500	1184	0	1
13	1640	516	433	2495	2314	0.0	0	1500	1184	0	1
13	1647	519	435	2506	2314	0.0	0	1500	1184	0	1
13	1640	516	433	2494	2314	0.0	0	1500	1184	0	1
13	1642	519	434	2500	2315	0.0	0	1500	1184	0	1
13	1640	516	433	2494	2314	0.0	0	1500	1184	0	1
13	1642	519	434	2500	2315	0.0	0	1500	1184	0	1
13	1639	516	433	2494	2314	0.0	0	1500	1184	0	1
13	1688	520	436	2544	2288	0.0	0	1500	1184	0	1
13	1687	517	435	2539	2287	0.0	0	1500	1184	0	1
13	1693	520	437	2551	2290	0.0	0	1500	1184	0	1
13	1686	517	435	2538	2287	0.0	0	1500	1184	0	1
13	1688	519	436	2544	2290	0.0	0	1500	1184	0	1
13	1691	517	436	2544	2287	0.0	0	1500	1184	0	1
13	1688	520	436	2546	2290	0.0	0	1500	1184	0	1
13	1686	518	436	2540	2289	0.0	0	1500	1184	0	1
13	1693	520	437	2551	2290	0.0	0	1500	1184	0	1
13	1687	518	436	2541	2289	0.0	0	1500	1184	0	0
13	1669	517	434	2523	2298	0.0	0	1500	1184	0	0
13	322	405	207	977	3840	383.0	0	1500	1184	0	0
13	321	404	206	974	3836	382.0	0	1500	1184	0	0
13	322	405	207	977	3840	383.0	0	1500	1184	0	0
13	321	404	206	975	3836	382.0	0	1500	1184	0	0
13	322	404	206	977	3828	382.0	0	1500	1184	0	0
14	322	404	206	976	3828	382.0	0	1500	1315	0	1
14	322	404	206	976	3828	382.0	0	1500	1315	0	1
14	1226	455	305	1934	2276	96.0	0	1500	1315	0	1
14	1691	524	446	2562	2312	0.0	0	1500	1315	0	1
14	1694	525	447	2566	2311	0.0	0	1500	1315	0	1
14	1688	524	446	2559	2313	0.0	0	1500	1315	0	1
14	1649	524	445	2524	2337	0.0	0	1500	1315	0	1
14	1642	523	444	2515	2339	0.0	0	1500	1315	0	1
14	1643	524	446	2519	2343	0.0	0	1500	1315	0	1
14	1642	523	444	2515	2339	0.0	0	1500	1315	0	1
14	1643	525	445	2519	2341	0.0	0	1500	1315	0	1
14	1641	523	445	2515	2342	0.0	0	1500	1315	0	1
14	1641	522	444	2513	2339	0.0	0	1500	1315	0	1
14	1644	525	446	2521	2342	0.0	0	1500	1315	0	1
14	1641	522	444	2513	2339	0.0	0	1500	1315	0	1
14	1643	525	445	2520	2342	0.0	0	1500	1315	0	1
14	1641	523	444	2514	2339	0.0	0	1500	1315	0	1
14	1690	526	447	2564	2315	0.0	0	1500	1315	0	1
14	1692	524	446	2562	2309	0.0	0	1500	1315	0	1
14	1694	527	448	2569	2313	0.0	0	1500	1315	0	1
14	1688	524	446	2559	2313	0.0	0	1500	1315	0	1
14	1693	527	448	2569	2315	0.0	0	1500	1315	0	1
14	1687	524	446	2558	2314	0.0	0	1500	1315	0	1
14	1690	527	447	2565	2315	0.0	0	1500	1315	0	1
14	1692	524	447	2563	2312	0.0	0	1500	1315	0	1
14	1696	527	448	2571	2312	0.0	0	1500	1315	0	1
14	1689	524	446	2561	2313	0.0	0	1500	1315	0	1
14	1694	527	448	2569	2313	0.0	0	1500	1315	0	1
14	1694	525	447	2567	2312	0.0	0	1500	1315	0	0
14	1645	526	446	2522	2342	0.0	0	1500	1315	0	0
14	323	406	207	981	3832	384.0	0	1500	1315	0	0
14	322	405	206	978	3828	383.0	0	1500	1315	0	0
14	323	406	207	980	3832	384.0	0	1500	1315	0	0
14	323	405	206	979	3820	383.0	0	1500	1315	0	0
15	323	405	207	979	3832	382.0	0	1500	1447	0	1
15	323	405	207	979	3832	382.0	0	1500	1447	0	1
15	1215	455	304	1924	2284	101.0	0	1500	1447	0	1
15	1692	531	457	2582	2337	0.0	0	1500	1447	0	1
15	1689	530	457	2577	2338	0.0	0	1500	1447	0	1
15	1696	531	458	2586	2337	0.0	0	1500	1447	0	1
15	1662	529	457	2552	2356	0.0	0	1500	1447	0	1
15	1646	531	456	2539	2365	0.0	0	1500	1447	0	1
15	1650	529	456	2541	2363	0.0	0	1500	1447	0	1
15	1646	531	457	2540	2367	0.0	0	1500	1447	0	1
15	1644	529	455	2534	2364	0.0	0	1500	1447	0	1
15	1646	531	457	2540	2367	0.0	0	1500	1447	0	1
15	1644	529	456	2535	2366	0.0	0	1500	1447	0	1
15	1647	531	457	2540	2367	0.0	0	1500	1447	0	1
15	1647	532	457	2535	2361	0.0	0	1500	1447	0	1
15	1644	528	455	2534	2366	0.0	0	1500	1447	0	1
15	1652	531	457	2545	2364	0.0	0	1500	1447	0	1
15	1690	529	457	2576	2336	0.0	0	1500	1447	0	1
15	1695	532	458	2586	2337	0.0	0	1500	1447	0	1
15	1695	530	457	2582	2333	0.0	0	1500	1447	0	1
15	1692	532	459	2585	2341	0.0	0	1500	1447	0	1
15	1692	529	457	2580	2337	0.0	0	1500	1447	0	1
15	1697	532	459	2589	2338	0.0	0	1500	1447	0	1
15	1690	530	457	2578	2338	0.0	0	1500	1447	0	1
15	1689	532	458	2580	2341	0.0	0	1500	1447	0	1
15	1696	530	458	2584	2335	0.0	0	1500	1447	0	1
15	1692	532	458	2583	2339	0.0	0	1500	1447	0	1
15	1693	530	457	2581	2336	0.0	0	1500	1447	0	1
15	1697	532	458	2588	2336	0.0	0	1500	1447	0	0
15	1644	526	449	2525	2350	0.0	0	1500	1447	0	0
15	324	406	207	981	3825	384.0	0	1500	1447	0	0
15	323	405	207	979	3832	382.0	0	1500	1447	0	0
15	323	406	207	981	3832	384.0	0	1500	1447	0	0
15	323	406	207	980	3832	384.0	0	1500	1447	0	0
15	323	406	207	980	3832	384.0	0	1500	1447	0	0
16	323	405	207	979	3832	382.0	0	1500	1578	0	1
16	1047	447	286	1747	2388	156.0	0	1500	1578	0	1
16	1693	535	468	2597	2362	0.0	0	1500	1578	0	1
16	1696	537	469	2602	2360	0.0	0	1500	1578	0	1
16	1698	535	468	2602	2359	0.0	0	1500	1578	0	1
16	1694	537	469	2601	2363	0.0	0	1500	1578	0	1
16	1688	535	468	2592	2365	0.0	0	1500	1578	0	1
16	1647	536	468	2558	2395	0.0	0	1500	1578	0	1
16	1646	534	467	2553	2391	0.0	0	1500	1578	0	1
16	1648	537	468	2559	2392	0.0	0	1500	1578	0	1
16	1646	534	466	2553	2391	0.0	0	1500	1578	0	1
16	1648	537	468	2559	2392	0.0	0	1500	1578	0	1
16	1646	534	466	2552	2389	0.0	0	1500	1578	0	1
16	1648	537	468	2559	2392	0.0	0	1500	1578	0	1
16	1651	534	467	2558	2388	0.0	0	1500	1578	0	1
16	1648	537	468	2558	2392	0.0	0	1500	1578	0	1
16	1648	537	468	2559	2392	0.0	0	1500	1578	0	1
16	1646	534	466	2552	2389	0.0	0	1500	1578	0	1
16	1698	537	469	2606	2361	0.0	0	1500	1578	0	1
16	1692	535	467	2595	2360	0.0	0	1500	1578	0	1
16	1696	537	469	2603	2362	0.0	0	1500	1578	0	1
16	1692	535	468	2595	2360	0.0	0	1500	1578	0	1
16	1694	537	469	2600	2362	0.0	0	1500	1578	0	1
16	1695	535	468	2599	2360	0.0	0	1500	1578	0	1
16	1698	537	469	2605	2361	0.0	0	1500	1578	0	1
16	1693	535	468	2597	2362	0.0	0	1500	1578	0	1
16	1696	537	469	2602	2360	0.0	0	1500	1578	0	1
16	1697	536	468	2602	2359	0.0	0	1500	1578	0	0
16	1693	536	468	2598	2362	0.0	0	1500	1578	0	0
16	341	407	209	998	3726	378.0	0	1500	1578	0	0
16	323	406	207	980	3832	384.0	0	1500	1578	0	0
16	323	406	207	981	3832	384.0	0	1500	1578	0	0
16	323	405	207	979	3832	382.0	0	1500	1578	0	0
16	323	406	207	981	3832	384.0	0	1500	1578	0	0
17	324	406	207	981	3825	384.0	0	1500	1710	0	1
17	1133	450	294	1836	2328	127.0	0	1500	1710	0	1
17	1696	542	479	2618	2385	0.0	0	1500	1710	0	1
17	1691	540	478	2610	2386	0.0	0	1500	1710	0	1
17	1700	542	480	2623	2385	0.0	0	1500	1710	0	1
17	1693	540	478	2612	2385	0.0	0	1500	1710	0	1
17	1649	542	479	2576	2418	0.0	0	1500	1710	0	1
17	1653	539	478	2575	2413	0.0	0	1500	1710	0	1
17	1650	542	479	2577	2417	0.0	0	1500	1710	0	1
17	1647	539	477	2569	2414	0.0	0	1500	1710	0	1
17	1649	542	479	2577	2420	0.0	0	1500	1710	0	1
17	1653	540	478	2576	2413	0.0	0	1500	1710	0	1
17	1649	542	479	2576	2418	0.0	0	1500	1710	0	1
17	1647	539	478	2570	2417	0.0	0	1500	1710	0	1
17	1649	542	479	2577	2420	0.0	0	1500	1710	0	1
17	1647	539	477	2570	2416	0.0	0	1500	1710	0	1
17	1649	542	479	2577	2420	0.0	0	1500	1710	0	1
17	1647	540	478	2571	2417	0.0	0	1500	1710	0	1
17	1695	540	478	2615	2384	0.0	0	1500	1710	0	1
17	1695	542	479	2617	2386	0.0	0	1500	1710	0	1
17	1700	541	479	2620	2381	0.0	0	1500	1710	0	1
17	1695	541	479	2617	2386	0.0	0	1500	1710	0	1
17	1695	541	479	2615	2384	0.0	0	1500	1710	0	1
17	1694	541	479	2616	2386	0.0	0	1500	1710	0	1
17	1694	541	479	2615	2386	0.0	0	1500	1710	0	1
17	1696	541	479	2617	2385	0.0	0	1500	1710	0	1
17	1699	542	479	2620	2382	0.0	0	1500	1710	0	1
17	1687	540	478	2607	2388	0.0	0	1500	1710	0	0
17	1689	542	479	2612	2389	0.0	0	1500	1710	0	0
17	323	406	209	982	3856	382.0	0	1500	1710	0	0
17	324	406	207	982	3825	384.0	0	1500	1710	0	0
17	322	405	206	977	3828	383.0	0	1500	1710	0	0
17	324	407	207	982	3825	385.0	0	1500	1710	0	0
17	322	404	206	977	3828	382.0	0	1500	1710	0	0
18	324	407	207	983	3825	385.0	0	1500	1842	0	1
18	322	404	206	976	3828	382.0	0	1500	1842	0	1
18	1699	545	489	2633	2405	0.0	0	1500	1842	0	1
18	1700	547	490	2639	2408	0.0	0	1500	1842	0	1
18	1694	544	488	2628	2407	0.0	0	1500	1842	0	1
18	1696	547	490	2635	2411	0.0	0	1500	1842	0	1
18	1650	544	489	2589	2441	0.0	0	1500	1842	0	1
18	1650	547	490	2593	2443	0.0	0	1500	1842	0	1
18	1648	544	488	2586	2440	0.0	0	1500	1842	0	1
18	1655	546	490	2597	2440	0.0	0	1500	1842	0	1
18	1648	544	488	2585	2440	0.0	0	1500	1842	0	1
18	1649	546	489	2591	2443	0.0	0	1500	1842	0	1
18	1648	544	489	2586	2442	0.0	0	1500	1842	0	1
18	1649	545	489	2589	2442	0.0	0	1500	1842	0	1
18	1647	543	488	2585	2442	0.0	0	1500	1842	0	1
18	1648	545	489	2589	2444	0.0	0	1500	1842	0	1
18	1648	544	488	2586	2440	0.0	0	1500	1842	0	1
18	1648	545	489	2588	2442	0.0	0	1500	1842	0	1
18	1695	544	489	2629	2409	0.0	0	1500	1842	0	1
18	1700	545	489	2635	2406	0.0	0	1500	1842	0	1
18	1695	545	489	2630	2409	0.0	0	1500	1842	0	1
18	1700	545	490	2635	2407	0.0	0	1500	1842	0	1
18	1693	543	488	2626	2408	0.0	0	1500	1842	0	1
18	1698	545	489	2632	2405	0.0	0	1500	1842	0	1
18	1697	543	488	2629	2405	0.0	0	1500	1842	0	1
18	1689	545	489	2625	2413	0.0	0	1500	1842	0	1
18	1698	544	489	2631	2405	0.0	0	1500	1842	0	1
18	1698	546	490	2635	2409	0.0	0	1500	1842	0	0
18	1694	544	488	2627	2407	0.0	0	1500	1842	0	0
18	324	407	207	983	3825	385.0	0	1500	1842	0	0
18	322	404	206	976	3828	382.0	0	1500	1842	0	0
18	324	407	208	984	3836	384.0	0	1500	1842	0	0
18	322	404	206	976	3828	382.0	0	1500	1842	0	0
18	324	407	207	983	3825	385.0	0	1500	1842	0	0
19	322	404	206	976	3828	382.0	0	1500	1973	0	1
19	324	407	207	983	3825	385.0	0	1500	1973	0	1
19	952	440	275	1644	2459	184.0	0	1500	1973	0	1
19	1704	553	501	2659	2431	0.0	0	1500	1973	0	1
19	1698	550	500	2648	2431	0.0	0	1500	1973	0	1
19	1702	551	500	2654	2430	0.0	0	1500	1973	0	1
19	1699	552	501	2653	2434	0.0	0	1500	1973	0	1
19	1698	550	500	2648	2431	0.0	0	1500	1973	0	1
19	1652	552	500	2610	2466	0.0	0	1500	1973	0	1
19	1651	551	500	2608	2467	0.0	0	1500	1973	0	1
19	1652	552	501	2610	2468	0.0	0	1500	1973	0	1
19	1651	551	500	2608	2467	0.0	0	1500	1973	0	1
19	1651	551	501	2609	2469	0.0	0	1500	1973	0	1
19	1651	551	500	2609	2468	0.0	0	1500	1973	0	1
19	1651	551	500	2609	2468	0.0	0	1500	1973	0	1
19	1652	552	501	2611	2468	0.0	0	1500	1973	0	1
19	1657	551	500	2613	2463	0.0	0	1500	1973	0	1
19	1652	552	501	2611	2468	0.0	0	1500	1973	0	1
19	1651	551	500	2608	2467	0.0	0	1500	1973	0	1
19	1678	552	500	2635	2449	0.0	0	1500	1973	0	1
19	1700	551	500	2652	2431	0.0	0	1500	1973	0	1
19	1698	552	501	2652	2435	0.0	0	1500	1973	0	1
19	1700	550	500	2651	2431	0.0	0	1500	1973	0	1
19	1690	550	499	2641	2435	0.0	0	1500	1973	0	1
19	1703	553	501	2658	2432	0.0	0	1500	1973	0	1
19	1698	550	499	2648	2430	0.0	0	1500	1973	0	1
19	1699	553	501	2653	2433	0.0	0	1500	1973	0	1
19	1701	550	500	2652	2431	0.0	0	1500	1973	0	0
19	1698	553	501	2653	2435	0.0	0	1500	1973	0	0
19	427	410	217	1087	3327	349.0	0	1500	1973	0	0
19	324	407	207	983	3825	385.0	0	1500	1973	0	0
19	322	404	206	977	3828	382.0	0	1500	1973	0	0
19	324	407	207	983	3825	385.0	0	1500	1973	0	0
19	322	405	206	977	3828	383.0	0	1500	1973	0	0
20	324	407	207	982	3825	385.0	0	1500	2105	0	1
20	322	405	206	978	3828	383.0	0	1500	2105	0	1
20	1047	447	286	1747	2388	156.0	0	1500	2105	0	1
20	1698	555	510	2665	2456	0.0	0	1500	2105	0	1
20	1704	557	511	2673	2454	0.0	0	1500	2105	0	1
20	1700	556	511	2668	2457	0.0	0	1500	2105	0	1
20	1693	556	511	2663	2463	0.0	0	1500	2105	0	1
20	1652	556	511	2626	2494	0.0	0	1500	2105	0	1
20	1653	556	512	2627	2494	0.0	0	1500	2105	0	1
20	1657	555	511	2629	2489	0.0	0	1500	2105	0	1
20	1653	556	512	2627	2494	0.0	0	1500	2105	0	1
20	1652	555	511	2623	2492	0.0	0	1500	2105	0	1
20	1653	557	511	2627	2491	0.0	0	1500	2105	0	1
20	1657	555	511	2629	2489	0.0	0	1500	2105	0	1
20	1653	557	512	2628	2494	0.0	0	1500	2105	0	1
20	1651	555	511	2623	2493	0.0	0	1500	2105	0	1
20	1653	558	512	2630	2495	0.0	0	1500	2105	0	1
20	1651	555	511	2623	2493	0.0	0	1500	2105	0	1
20	1659	558	512	2634	2490	0.0	0	1500	2105	0	1
20	1697	555	510	2663	2456	0.0	0	1500	2105	0	1
20	1705	558	512	2675	2454	0.0	0	1500	2105	0	1
20	1699	555	510	2665	2455	0.0	0	1500	2105	0	1
20	1701	558	512	2671	2457	0.0	0	1500	2105	0	1
20	1703	555	511	2669	2453	0.0	0	1500	2105	0	1
20	1699	557	511	2669	2457	0.0	0	1500	2105	0	1
20	1702	557	512	2673	2458	0.0	0	1500	2105	0	1
20	1697	554	510	2662	2456	0.0	0	1500	2105	0	1
20	1703	557	511	2672	2455	0.0	0	1500	2105	0	0
20	1700	555	510	2665	2453	0.0	0	1500	2105	0	0
20	330	411	220	1005	3931	380.0	0	1500	2105	0	0
20	322	404	206	975	3828	382.0	0	1500	2105	0	0
20	323	405	207	979	3832	382.0	0	1500	2105	0	0
20	322	404	206	977	3828	382.0	0	1500	2105	0	0
20	322	405	206	978	3828	383.0	0	1500	2105	0	0
21	322	405	206	978	3828	383.0	0	1500	2236	0	1
21	322	405	206	977	3828	383.0	0	1500	2236	0	1
21	1040	445	285	1738	2391	156.0	0	1500	2236	0	1
21	1699	560	521	2681	2480	0.0	0	1500	2236	0	1
21	1703	561	522	2687	2480	0.0	0	1500	2236	0	1
21	1703	560	521	2685	2478	0.0	0	1500	2236	0	1
21	1700	561	521	2684	2480	0.0	0	1500	2236	0	1
21	1703	560	521	2684	2476	0.0	0	1500	2236	0	1
21	1654	562	523	2645	2519	0.0	0	1500	2236	0	1
21	1654	562	522	2640	2513	0.0	0	1500	2236	0	1
21	1652	559	522	2639	2518	0.0	0	1500	2236	0	1
21	1660	562	523	2651	2515	0.0	0	1500	2236	0	1
21	1652	559	521	2639	2517	0.0	0	1500	2236	0	1
21	1655	562	523	2646	2518	0.0	0	1500	2236	0	1
21	1652	559	522	2639	2518	0.0	0	1500	2236	0	1
21	1660	562	523	2651	2515	0.0	0	1500	2236	0	1
21	1652	560	522	2639	2518	0.0	0	1500	2236	0	1
21	1654	562	523	2645	2519	0.0	0	1500	2236	0	1
21	1652	559	521	2639	2517	0.0	0	1500	2236	0	1
21	1694	562	522	2679	2486	0.0	0	1500	2236	0	1
21	1699	559	521	2680	2480	0.0	0	1500	2236	0	1
21	1705	562	522	2690	2479	0.0	0	1500	2236	0	1
21	1698	559	521	2679	2481	0.0	0	1500	2236	0	1
21	1700	561	522	2684	2482	0.0	0	1500	2236	0	1
21	1704	560	521	2685	2475	0.0	0	1500	2236	0	1
21	1700	561	521	2683	2480	0.0	0	1500	2236	0	1
21	1698	560	521	2680	2481	0.0	0	1500	2236	0	1
21	1704	561	521	2688	2477	0.0	0	1500	2236	0	0
21	1698	560	521	2680	2481	0.0	0	1500	2236	0	0
21	345	405	209	1000	3699	374.0	0	1500	2236	0	0
21	321	403	206	975	3836	381.0	0	1500	2236	0	0
21	322	404	206	976	3828	382.0	0	1500	2236	0	0
21	321	403	206	974	3836	381.0	0	1500	2236	0	0
21	322	404	206	977	3828	382.0	0	1500	2236	0	0
22	321	403	206	973	3836	381.0	0	1500	2368	0	1
22	322	404	206	977	3828	382.0	0	1500	2368	0	1
22	863	433	265	1547	2539	209.0	0	1500	2368	0	1
22	1701	566	532	2700	2504	0.0	0	1500	2368	0	1
22	1703	564	531	2699	2501	0.0	0	1500	2368	0	1
22	1705	566	533	2705	2504	0.0	0	1500	2368	0	1
22	1693	563	530	2688	2505	0.0	0	1500	2368	0	1
22	1705	567	533	2705	2502	0.0	0	1500	2368	0	1
22	1702	564	531	2698	2501	0.0	0	1500	2368	0	1
22	1684	567	534	2687	2521	0.0	0	1500	2368	0	1
22	1659	564	532	2660	2537	0.0	0	1500	2368	0	1
22	1655	567	534	2662	2544	0.0	0	1500	2368	0	1
22	1655	567	534	2662	2544	0.0	0	1500	2368	0	1
22	1653	564	533	2656	2543	0.0	0	1500	2368	0	1
22	1655	567	534	2662	2544	0.0	0	1500	2368	0	1
22	1653	564	532	2655	2541	0.0	0	1500	2368	0	1
22	1655	566	534	2661	2544	0.0	0	1500	2368	0	1
22	1653	564	533	2656	2543	0.0	0	1500	2368	0	1
22	1654	566	533	2659	2543	0.0	0	1500	2368	0	1
22	1653	565	533	2657	2543	0.0	0	1500	2368	0	1
22	1704	566	532	2702	2501	0.0	0	1500	2368	0	1
22	1702	565	532	2699	2502	0.0	0	1500	2368	0	1
22	1700	565	532	2698	2505	0.0	0	1500	2368	0	1
22	1705	565	532	2702	2500	0.0	0	1500	2368	0	1
22	1701	565	532	2698	2503	0.0	0	1500	2368	0	1
22	1700	565	532	2697	2503	0.0	0	1500	2368	0	1
22	1699	564	532	2696	2506	0.0	0	1500	2368	0	1
22	1701	565	532	2698	2503	0.0	0	1500	2368	0	1
22	1699	564	531	2695	2503	0.0	0	1500	2368	0	0
22	1705	565	532	2704	2502	0.0	0	1500	2368	0	0
22	322	405	206	977	3828	383.0	0	1500	2368	0	0
22	320	402	205	972	3831	380.0	0	1500	2368	0	0
22	322	405	207	978	3840	383.0	0	1500	2368	0	0
22	320	402	205	972	3831	380.0	0	1500	2368	0	0
23	322	405	207	978	3840	383.0	0	1500	2500	0	1
23	320	402	205	971	3831	380.0	0	1500	2500	0	1
23	958	440	276	1651	2457	181.0	0	1500	2500	0	1
23	1706	569	542	2717	2522	0.0	0	1500	2500	0	1
23	1703	571	543	2718	2528	0.0	0	1500	2500	0	1
23	1701	568	542	2712	2528	0.0	0	1500	2500	0	1
23	1708	572	544	2724	2526	0.0	0	1500	2500	0	1
23	1700	568	542	2711	2528	0.0	0	1500	2500	0	1
23	1698	571	543	2714	2532	0.0	0	1500	2500	0	1
23	1654	569	543	2673	2568	0.0	0	1500	2500	0	1
23	1656	572	545	2679	2570	0.0	0	1500	2500	0	1
23	1654	570	544	2674	2569	0.0	0	1500	2500	0	1
23	1656	572	545	2679	2570	0.0	0	1500	2500	0	1
23	1655	571	545	2676	2570	0.0	0	1500	2500	0	1
23	1655	570	544	2676	2570	0.0	0	1500	2500	0	1
23	1662	572	545	2684	2565	0.0	0	1500	2500	0	1
23	1655	571	544	2676	2568	0.0	0	1500	2500	0	1
23	1656	571	545	2677	2570	0.0	0	1500	2500	0	1
23	1656	571	545	2678	2570	0.0	0	1500	2500	0	1
23	1683	571	543	2700	2544	0.0	0	1500	2500	0	1
23	1704	571	543	2718	2526	0.0	0	1500	2500	0	1
23	1701	570	542	2714	2528	0.0	0	1500	2500	0	1
23	1707	571	543	2722	2526	0.0	0	1500	2500	0	1
23	1696	569	542	2708	2531	0.0	0	1500	2500	0	1
23	1703	571	543	2719	2528	0.0	0	1500	2500	0	1
23	1706	569	543	2718	2525	0.0	0	1500	2500	0	1
23	1702	571	543	2717	2529	0.0	0	1500	2500	0	1
23	1703	569	542	2715	2526	0.0	0	1500	2500	0	1
