Stim	R	G	B	C	Temp	HueLux	Yellow	Red	Blue	Blue2	Trig
1	93	317	250	685	11632	287.0	0	0	0	0	1
1	93	315	248	681	11551	285.0	0	0	0	0	1
1	93	317	250	685	11632	287.0	0	0	0	0	1
1	93	315	248	682	11551	285.0	0	0	0	0	1
1	93	317	250	686	11632	287.0	0	0	0	0	1
1	93	316	249	683	11591	286.0	0	0	0	0	1
1	93	317	250	686	11632	287.0	0	0	0	0	1
1	93	316	249	683	11591	286.0	0	0	0	0	1
1	93	317	250	685	11632	287.0	0	0	0	0	1
1	93	316	249	683	11591	286.0	0	0	0	0	1
1	93	317	250	685	11632	287.0	0	0	0	0	1
1	93	316	249	683	11591	286.0	0	0	0	0	1
1	93	316	249	685	11591	286.0	0	0	0	0	1
1	93	317	250	685	11632	287.0	0	0	0	0	1
1	93	316	249	684	11591	286.0	0	0	0	0	1
1	93	316	249	684	11591	286.0	0	0	0	0	1
1	93	316	249	684	11591	286.0	0	0	0	0	1
1	93	316	249	684	11591	286.0	0	0	0	0	1
1	93	316	249	684	11591	286.0	0	0	0	0	1
1	93	316	249	684	11591	286.0	0	0	0	0	1
1	93	316	249	684	11591	286.0	0	0	0	0	1
1	93	316	249	683	11591	286.0	0	0	0	0	1
1	93	317	249	685	11591	287.0	0	0	0	0	1
1	93	316	249	683	11591	286.0	0	0	0	0	1
1	93	316	249	685	11591	286.0	0	0	0	0	1
1	93	315	248	682	11551	285.0	0	0	0	0	1
1	93	317	249	685	11591	287.0	0	0	0	0	1
1	93	315	249	682	11591	284.0	0	0	0	0	0
1	94	317	250	685	11523	286.0	0	0	0	0	0
1	93	315	249	682	11591	284.0	0	0	0	0	0
1	94	317	248	685	11442	288.0	0	0	0	0	0
1	94	317	250	686	11523	286.0	0	0	0	0	0
1	93	315	249	682	11591	284.0	0	0	0	0	0
1	94	317	250	687	11523	286.0	0	0	0	0	0
2	93	316	249	683	11591	286.0	0	0	0	0	1
2	94	318	250	687	11523	288.0	0	0	0	0	1
2	93	316	249	683	11591	286.0	0	0	0	0	1
2	94	318	250	687	11523	288.0	0	0	0	0	1
2	93	315	249	683	11591	284.0	0	0	0	0	1
2	94	318	250	688	11523	288.0	0	0	0	0	1
2	93	315	249	682	11591	284.0	0	0	0	0	1
2	94	318	250	687	11523	288.0	0	0	0	0	1
2	93	316	249	683	11591	286.0	0	0	0	0	1
2	94	318	250	687	11523	288.0	0	0	0	0	1
2	93	316	249	683	11591	286.0	0	0	0	0	1
2	94	318	250	687	11523	288.0	0	0	0	0	1
2	93	316	249	683	11591	286.0	0	0	0	0	1
2	94	318	250	687	11523	288.0	0	0	0	0	1
2	93	316	249	683	11591	286.0	0	0	0	0	1
2	93	316	249	683	11591	286.0	0	0	0	0	1
2	94	318	250	687	11523	288.0	0	0	0	0	1
2	93	316	249	684	11591	286.0	0	0	0	0	1
2	94	318	250	687	11523	288.0	0	0	0	0	1
2	93	316	249	684	11591	286.0	0	0	0	0	1
2	94	318	250	687	11523	288.0	0	0	0	0	1
2	93	317	250	686	11632	287.0	0	0	0	0	1
2	94	318	250	687	11523	288.0	0	0	0	0	1
2	93	316	249	683	11591	286.0	0	0	0	0	1
2	94	317	250	686	11523	286.0	0	0	0	0	1
2	93	316	249	684	11591	286.0	0	0	0	0	1
2	94	317	250	686	11523	286.0	0	0	0	0	1
2	93	316	249	684	11591	286.0	0	0	0	0	0
2	93	317	250	686	11632	287.0	0	0	0	0	0
2	93	316	249	685	11591	286.0	0	0	0	0	0
2	93	317	250	686	11632	287.0	0	0	0	0	0
2	93	317	249	685	11591	287.0	0	0	0	0	0
2	94	317	250	686	11523	286.0	0	0	0	0	0
2	93	317	250	685	11632	287.0	0	0	0	0	0
3	94	317	250	686	11523	286.0	0	0	0	0	1
3	93	317	249	685	11591	287.0	0	0	0	0	1
3	94	317	250	686	11523	286.0	0	0	0	0	1
3	93	317	249	685	11591	287.0	0	0	0	0	1
3	94	317	250	686	11523	286.0	0	0	0	0	1
3	93	316	249	684	11591	286.0	0	0	0	0	1
3	94	317	250	686	11523	286.0	0	0	0	0	1
3	93	316	249	684	11591	286.0	0	0	0	0	1
3	94	317	250	686	11523	286.0	0	0	0	0	1
3	93	316	249	684	11591	286.0	0	0	0	0	1
3	94	317	250	687	11523	286.0	0	0	0	0	1
3	93	316	249	683	11591	286.0	0	0	0	0	1
3	94	317	250	687	11523	286.0	0	0	0	0	1
3	93	316	249	683	11591	286.0	0	0	0	0	1
3	94	318	250	687	11523	288.0	0	0	0	0	1
3	93	316	249	683	11591	286.0	0	0	0	0	1
3	94	318	250	687	11523	288.0	0	0	0	0	1
3	94	318	250	688	11523	288.0	0	0	0	0	1
3	93	316	249	683	11591	286.0	0	0	0	0	1
3	94	318	250	688	11523	288.0	0	0	0	0	1
3	93	316	249	683	11591	286.0	0	0	0	0	1
3	94	318	250	687	11523	288.0	0	0	0	0	1
3	93	315	249	683	11591	284.0	0	0	0	0	1
3	94	318	250	687	11523	288.0	0	0	0	0	1
3	93	316	249	683	11591	286.0	0	0	0	0	1
3	94	318	250	687	11523	288.0	0	0	0	0	1
3	93	316	249	683	11591	286.0	0	0	0	0	1
3	94	318	250	687	11523	288.0	0	0	0	0	0
3	93	316	249	683	11591	286.0	0	0	0	0	0
3	94	318	250	687	11523	288.0	0	0	0	0	0
3	93	316	249	683	11591	286.0	0	0	0	0	0
3	94	318	250	688	11523	288.0	0	0	0	0	0
3	93	316	249	683	11591	286.0	0	0	0	0	0
3	94	318	250	688	11523	288.0	0	0	0	0	0
4	93	316	249	684	11591	286.0	0	0	0	0	1
4	93	316	249	684	11591	286.0	0	0	0	0	1
4	94	318	250	687	11523	288.0	0	0	0	0	1
4	93	316	249	684	11591	286.0	0	0	0	0	1
4	94	318	250	687	11523	288.0	0	0	0	0	1
4	93	316	249	683	11591	286.0	0	0	0	0	1
4	94	317	250	686	11523	286.0	0	0	0	0	1
4	93	316	249	684	11591	286.0	0	0	0	0	1
4	94	317	250	686	11523	286.0	0	0	0	0	1
4	93	316	249	684	11591	286.0	0	0	0	0	1
4	94	317	250	686	11523	286.0	0	0	0	0	1
4	93	316	249	684	11591	286.0	0	0	0	0	1
4	94	317	250	686	11523	286.0	0	0	0	0	1
4	93	316	249	685	11591	286.0	0	0	0	0	1
4	94	317	250	686	11523	286.0	0	0	0	0	1
4	93	317	249	685	11591	287.0	0	0	0	0	1
4	93	317	250	685	11632	287.0	0	0	0	0	1
4	93	317	250	685	11632	287.0	0	0	0	0	1
4	93	317	250	686	11632	287.0	0	0	0	0	1
4	93	317	249	686	11591	287.0	0	0	0	0	1
4	94	317	250	686	11523	286.0	0	0	0	0	1
4	93	316	249	685	11591	286.0	0	0	0	0	1
4	94	317	250	686	11523	286.0	0	0	0	0	1
4	93	316	249	684	11591	286.0	0	0	0	0	1
4	94	317	250	686	11523	286.0	0	0	0	0	1
4	93	316	249	684	11591	286.0	0	0	0	0	1
4	94	317	250	686	11523	286.0	0	0	0	0	1
4	93	316	249	684	11591	286.0	0	0	0	0	0
4	94	317	250	687	11523	286.0	0	0	0	0	0
4	93	316	249	684	11591	286.0	0	0	0	0	0
4	94	318	250	687	11523	288.0	0	0	0	0	0
4	93	316	249	683	11591	286.0	0	0	0	0	0
4	94	318	250	687	11523	288.0	0	0	0	0	0
4	93	316	249	683	11591	286.0	0	0	0	0	0
5	94	318	250	687	11523	288.0	0	0	131	0	1
5	93	316	249	683	11591	286.0	0	0	131	0	1
5	94	318	250	688	11523	288.0	0	0	131	0	1
5	94	320	268	707	12253	278.0	0	0	131	0	1
5	94	320	267	706	12213	279.0	0	0	131	0	1
5	94	322	268	710	12253	281.0	0	0	131	0	1
5	94	320	267	706	12213	279.0	0	0	131	0	1
5	94	322	268	710	12253	281.0	0	0	131	0	1
5	94	319	267	706	12213	277.0	0	0	131	0	1
5	94	322	268	710	12253	281.0	0	0	131	0	1
5	94	320	267	706	12213	279.0	0	0	131	0	1
5	94	322	268	711	12253	281.0	0	0	131	0	1
5	94	320	268	707	12253	278.0	0	0	131	0	1
5	94	322	269	711	12294	280.0	0	0	131	0	1
5	94	320	268	707	12253	278.0	0	0	131	0	1
5	94	322	269	711	12294	280.0	0	0	131	0	1
5	94	320	268	707	12253	278.0	0	0	131	0	1
5	94	322	269	711	12294	280.0	0	0	131	0	1
5	94	320	268	707	12253	278.0	0	0	131	0	1
5	94	322	269	711	12294	280.0	0	0	131	0	1
5	94	320	268	707	12253	278.0	0	0	131	0	1
5	94	322	269	711	12294	280.0	0	0	131	0	1
5	94	322	269	711	12294	280.0	0	0	131	0	1
5	94	320	267	707	12213	279.0	0	0	131	0	1
5	94	322	268	710	12253	281.0	0	0	131	0	1
5	94	320	267	707	12213	279.0	0	0	131	0	1
5	94	321	268	710	12253	279.0	0	0	131	0	1
5	94	320	267	707	12213	279.0	0	0	131	0	0
5	94	321	268	709	12253	279.0	0	0	131	0	0
5	93	317	250	686	11632	287.0	0	0	131	0	0
5	94	317	250	687	11523	286.0	0	0	131	0	0
5	93	317	249	685	11591	287.0	0	0	131	0	0
5	94	317	250	686	11523	286.0	0	0	131	0	0
5	93	317	249	685	11591	287.0	0	0	131	0	0
6	94	317	250	686	11523	286.0	0	0	263	0	1
6	93	317	249	685	11591	287.0	0	0	263	0	1
6	94	317	250	686	11523	286.0	0	0	263	0	1
6	97	342	369	836	15884	238.0	0	0	263	0	1
6	97	342	369	836	15884	238.0	0	0	263	0	1
6	97	342	369	836	15884	238.0	0	0	263	0	1
6	97	342	369	836	15884	238.0	0	0	263	0	1
6	97	342	369	835	15884	238.0	0	0	263	0	1
6	97	342	369	837	15884	238.0	0	0	263	0	1
6	97	341	368	835	15845	237.0	0	0	263	0	1
6	97	342	369	837	15884	238.0	0	0	263	0	1
6	97	341	368	835	15845	237.0	0	0	263	0	1
6	97	343	374	843	16081	236.0	0	0	263	0	1
6	97	342	373	840	16041	235.0	0	0	263	0	1
6	97	343	374	843	16081	236.0	0	0	263	0	1
6	97	342	373	841	16041	235.0	0	0	263	0	1
6	97	343	374	843	16081	236.0	0	0	263	0	1
6	97	342	372	839	16002	236.0	0	0	263	0	1
6	97	344	374	844	16081	237.0	0	0	263	0	1
6	97	342	372	839	16002	236.0	0	0	263	0	1
6	97	344	374	843	16081	237.0	0	0	263	0	1
6	97	342	373	840	16041	235.0	0	0	263	0	1
6	97	344	374	844	16081	237.0	0	0	263	0	1
6	97	341	371	837	15963	235.0	0	0	263	0	1
6	96	341	368	834	15996	237.0	0	0	263	0	1
6	97	343	369	837	15884	239.0	0	0	263	0	1
6	96	340	368	833	15996	236.0	0	0	263	0	1
6	97	343	369	838	15884	239.0	0	0	263	0	0
6	96	341	368	833	15996	237.0	0	0	263	0	0
6	94	318	250	688	11523	288.0	0	0	263	0	0
6	93	316	249	683	11591	286.0	0	0	263	0	0
6	94	318	250	687	11523	288.0	0	0	263	0	0
6	93	316	249	683	11591	286.0	0	0	263	0	0
6	94	318	251	688	11564	287.0	0	0	263	0	0
7	93	316	249	684	11591	286.0	0	0	394	0	1
7	94	318	251	689	11564	287.0	0	0	394	0	1
7	93	316	249	684	11591	286.0	0	0	394	0	1
7	101	366	481	979	19535	192.0	0	0	394	0	1
7	100	364	480	975	19679	190.0	0	0	394	0	1
7	101	366	481	980	19535	192.0	0	0	394	0	1
7	100	364	480	976	19679	190.0	0	0	394	0	1
7	101	366	481	980	19535	192.0	0	0	394	0	1
7	100	366	481	979	19717	193.0	0	0	394	0	1
7	100	364	480	975	19679	190.0	0	0	394	0	1
7	100	366	481	979	19717	193.0	0	0	394	0	1
7	100	364	481	976	19717	190.0	0	0	394	0	1
7	100	366	481	978	19717	193.0	0	0	394	0	1
7	100	365	486	982	19907	187.0	0	0	394	0	1
7	101	368	490	990	19875	189.0	0	0	394	0	1
7	100	366	487	985	19945	188.0	0	0	394	0	1
7	101	368	489	989	19837	190.0	0	0	394	0	1
7	100	367	489	988	20021	188.0	0	0	394	0	1
7	101	368	489	989	19837	190.0	0	0	394	0	1
7	100	367	489	987	20021	188.0	0	0	394	0	1
7	101	368	490	990	19875	189.0	0	0	394	0	1
7	100	367	489	987	20021	188.0	0	0	394	0	1
7	101	368	489	989	19837	190.0	0	0	394	0	1
7	100	367	490	989	20060	188.0	0	0	394	0	1
7	101	367	488	988	19799	189.0	0	0	394	0	1
7	100	365	480	978	19679	192.0	0	0	394	0	1
7	100	365	481	978	19717	191.0	0	0	394	0	1
7	100	366	481	978	19717	193.0	0	0	394	0	1
7	100	365	481	978	19717	191.0	0	0	394	0	0
7	94	317	250	687	11523	286.0	0	0	394	0	0
7	94	317	250	687	11523	286.0	0	0	394	0	0
7	94	317	250	686	11523	286.0	0	0	394	0	0
7	94	317	250	687	11523	286.0	0	0	394	0	0
7	93	317	250	686	11632	287.0	0	0	394	0	0
8	94	317	250	687	11523	286.0	0	0	526	0	1
8	93	317	250	686	11632	287.0	0	0	526	0	1
8	94	318	250	687	11523	288.0	0	0	526	0	1
8	104	390	601	1129	23408	141.0	0	0	526	0	1
8	104	391	602	1131	23445	142.0	0	0	526	0	1
8	104	390	603	1131	23481	140.0	0	0	526	0	1
8	104	391	602	1131	23445	142.0	0	0	526	0	1
8	104	390	601	1129	23408	141.0	0	0	526	0	1
8	104	391	602	1131	23445	142.0	0	0	526	0	1
8	104	389	601	1128	23408	140.0	0	0	526	0	1
8	104	390	601	1131	23408	141.0	0	0	526	0	1
8	104	391	602	1131	23445	142.0	0	0	526	0	1
8	104	390	604	1132	23518	139.0	0	0	526	0	1
8	105	394	616	1150	23743	136.0	0	0	526	0	1
8	104	392	613	1145	23848	136.0	0	0	526	0	1
8	105	394	615	1148	23706	137.0	0	0	526	0	1
8	104	393	615	1146	23921	136.0	0	0	526	0	1
8	105	394	615	1148	23706	137.0	0	0	526	0	1
8	104	392	613	1144	23848	136.0	0	0	526	0	1
8	105	394	616	1150	23743	136.0	0	0	526	0	1
8	104	392	614	1145	23884	135.0	0	0	526	0	1
8	105	394	613	1146	23634	139.0	0	0	526	0	1
8	104	392	614	1145	23884	135.0	0	0	526	0	1
8	105	394	616	1150	23743	136.0	0	0	526	0	1
8	104	390	602	1130	23445	141.0	0	0	526	0	1
8	104	392	604	1135	23518	142.0	0	0	526	0	1
8	104	389	601	1128	23408	140.0	0	0	526	0	1
8	104	391	602	1133	23445	142.0	0	0	526	0	1
8	103	389	601	1128	23622	140.0	0	0	526	0	0
8	94	322	277	719	12618	274.0	0	0	526	0	0
8	94	318	251	689	11564	287.0	0	0	526	0	0
8	93	316	249	685	11591	286.0	0	0	526	0	0
8	94	319	251	689	11564	289.0	0	0	526	0	0
8	93	316	249	685	11591	286.0	0	0	526	0	0
8	94	318	251	689	11564	287.0	0	0	526	0	0
9	93	316	249	685	11591	286.0	0	0	657	0	1
9	94	319	251	689	11564	289.0	0	0	657	0	1
9	107	416	726	1287	27242	90.0	0	0	657	0	1
9	108	418	726	1290	27002	93.0	0	0	657	0	1
9	108	416	725	1285	26967	90.0	0	0	657	0	1
9	108	418	726	1290	27002	93.0	0	0	657	0	1
9	108	416	727	1288	27037	89.0	0	0	657	0	1
9	108	418	726	1290	27002	93.0	0	0	657	0	1
9	107	416	725	1285	27206	91.0	0	0	657	0	1
9	108	418	726	1290	27002	93.0	0	0	657	0	1
9	108	416	725	1286	26967	90.0	0	0	657	0	1
9	108	418	726	1290	27002	93.0	0	0	657	0	1
9	109	421	743	1312	27361	85.0	0	0	657	0	1
9	108	420	742	1308	27567	84.0	0	0	657	0	1
9	109	422	745	1314	27431	85.0	0	0	657	0	1
9	108	420	742	1308	27567	84.0	0	0	657	0	1
9	109	421	743	1311	27361	85.0	0	0	657	0	1
9	108	420	744	1311	27637	83.0	0	0	657	0	1
9	108	421	741	1308	27531	87.0	0	0	657	0	1
9	108	420	742	1308	27567	84.0	0	0	657	0	1
9	109	421	745	1313	27431	83.0	0	0	657	0	1
9	108	420	742	1308	27567	84.0	0	0	657	0	1
9	108	420	741	1308	27531	85.0	0	0	657	0	1
9	108	419	736	1300	27355	87.0	0	0	657	0	1
9	108	418	726	1290	27002	93.0	0	0	657	0	1
9	108	417	725	1288	26967	92.0	0	0	657	0	1
9	108	418	728	1292	27073	91.0	0	0	657	0	1
9	108	417	725	1288	26967	92.0	0	0	657	0	0
9	108	418	726	1290	27002	93.0	0	0	657	0	0
9	94	318	250	688	11523	288.0	0	0	657	0	0
9	94	318	251	689	11564	287.0	0	0	657	0	0
9	94	319	251	690	11564	289.0	0	0	657	0	0
9	94	318	251	689	11564	287.0	0	0	657	0	0
9	94	318	251	689	11564	287.0	0	0	657	0	0
10	94	318	251	688	11564	287.0	0	0	789	0	1
10	94	318	251	689	11564	287.0	0	0	789	0	1
10	112	443	849	1444	30272	41.0	0	0	789	0	1
10	112	443	849	1445	30272	41.0	0	0	789	0	1
10	112	443	849	1445	30272	41.0	0	0	789	0	1
10	112	443	849	1445	30272	41.0	0	0	789	0	1
10	112	443	849	1445	30272	41.0	0	0	789	0	1
10	112	443	849	1445	30272	41.0	0	0	789	0	1
10	112	443	850	1445	30306	40.0	0	0	789	0	1
10	112	443	849	1444	30272	41.0	0	0	789	0	1
10	112	443	849	1445	30272	41.0	0	0	789	0	1
10	112	443	849	1444	30272	41.0	0	0	789	0	1
10	112	443	850	1446	30306	40.0	0	0	789	0	1
10	112	443	852	1448	30374	39.0	0	0	789	0	1
10	112	447	870	1471	30986	32.0	0	0	789	0	1
10	113	448	873	1476	30825	31.0	0	0	789	0	1
10	112	446	868	1468	30918	32.0	0	0	789	0	1
10	112	448	871	1472	31020	33.0	0	0	789	0	1
10	112	447	873	1473	31088	30.0	0	0	789	0	1
10	112	448	872	1475	31054	32.0	0	0	789	0	1
10	112	447	870	1470	30986	32.0	0	0	789	0	1
10	113	448	873	1475	30825	31.0	0	0	789	0	1
10	112	447	873	1473	31088	30.0	0	0	789	0	1
10	113	448	871	1473	30758	32.0	0	0	789	0	1
10	112	447	871	1472	31020	31.0	0	0	789	0	1
10	112	444	850	1447	30306	42.0	0	0	789	0	1
10	111	442	849	1443	30532	40.0	0	0	789	0	1
10	112	444	850	1446	30306	42.0	0	0	789	0	0
10	111	442	848	1443	30498	40.0	0	0	789	0	0
10	94	319	251	691	11564	289.0	0	0	789	0	0
10	94	318	250	687	11523	288.0	0	0	789	0	0
10	94	319	251	691	11564	289.0	0	0	789	0	0
10	94	319	251	691	11564	289.0	0	0	789	0	0
10	94	318	250	687	11523	288.0	0	0	789	0	0
11	94	319	251	691	11564	289.0	0	0	921	0	1
11	94	318	250	687	11523	288.0	0	0	921	0	1
11	116	469	973	1602	33349	0.0	0	0	921	0	1
11	115	467	972	1598	33593	0.0	0	0	921	0	1
11	116	469	973	1602	33349	0.0	0	0	921	0	1
11	115	467	972	1598	33593	0.0	0	0	921	0	1
11	116	470	977	1606	33480	0.0	0	0	921	0	1
11	115	467	972	1598	33593	0.0	0	0	921	0	1
11	116	470	973	1603	33349	0.0	0	0	921	0	1
11	115	468	972	1598	33593	0.0	0	0	921	0	1
11	116	470	973	1603	33349	0.0	0	0	921	0	1
11	115	467	972	1599	33593	0.0	0	0	921	0	1
11	116	470	973	1603	33349	0.0	0	0	921	0	1
11	115	469	981	1610	33891	0.0	0	0	921	0	1
11	116	475	999	1635	34202	0.0	0	0	921	0	1
11	116	473	999	1633	34202	0.0	0	0	921	0	1
11	116	473	1000	1636	34235	0.0	0	0	921	0	1
11	116	475	1001	1638	34268	0.0	0	0	921	0	1
11	116	473	998	1631	34170	0.0	0	0	921	0	1
11	117	475	1002	1639	34020	0.0	0	0	921	0	1
11	116	473	1000	1634	34235	0.0	0	0	921	0	1
11	116	475	999	1636	34202	0.0	0	0	921	0	1
11	116	473	997	1630	34137	0.0	0	0	921	0	1
11	116	475	1002	1638	34301	0.0	0	0	921	0	1
11	115	467	972	1598	33593	0.0	0	0	921	0	1
11	116	469	973	1603	33349	0.0	0	0	921	0	1
11	115	468	975	1602	33693	0.0	0	0	921	0	1
11	116	469	973	1603	33349	0.0	0	0	921	0	0
11	115	467	972	1599	33593	0.0	0	0	921	0	0
11	96	332	309	764	13654	266.0	0	0	921	0	0
11	94	318	250	687	11523	288.0	0	0	921	0	0
11	94	320	252	692	11605	290.0	0	0	921	0	0
11	94	318	250	687	11523	288.0	0	0	921	0	0
11	94	320	251	691	11564	290.0	0	0	921	0	0
12	94	318	251	687	11564	287.0	0	0	1052	0	1
12	94	318	250	687	11523	288.0	0	0	1052	0	1
12	119	495	1096	1758	36481	0.0	0	0	1052	0	1
12	119	493	1095	1754	36449	0.0	0	0	1052	0	1
12	119	495	1096	1758	36481	0.0	0	0	1052	0	1
12	119	493	1095	1754	36449	0.0	0	0	1052	0	1
12	119	495	1096	1758	36481	0.0	0	0	1052	0	1
12	119	493	1095	1754	36449	0.0	0	0	1052	0	1
12	119	496	1100	1762	36609	0.0	0	0	1052	0	1
12	119	493	1095	1754	36449	0.0	0	0	1052	0	1
12	119	495	1096	1758	36481	0.0	0	0	1052	0	1
12	119	493	1095	1754	36449	0.0	0	0	1052	0	1
12	119	495	1096	1757	36481	0.0	0	0	1052	0	1
12	119	494	1095	1755	36449	0.0	0	0	1052	0	1
12	120	502	1130	1801	37268	0.0	0	0	1052	0	1
12	120	500	1125	1793	37109	0.0	0	0	1052	0	1
12	120	501	1127	1797	37173	0.0	0	0	1052	0	1
12	120	501	1129	1798	37236	0.0	0	0	1052	0	1
12	120	501	1126	1795	37141	0.0	0	0	1052	0	1
12	120	502	1130	1800	37268	0.0	0	0	1052	0	1
12	120	500	1126	1794	37141	0.0	0	0	1052	0	1
12	120	502	1130	1800	37268	0.0	0	0	1052	0	1
12	120	500	1127	1796	37173	0.0	0	0	1052	0	1
12	120	501	1126	1795	37141	0.0	0	0	1052	0	1
12	119	495	1103	1765	36705	0.0	0	0	1052	0	1
12	119	494	1096	1756	36481	0.0	0	0	1052	0	1
12	119	494	1095	1755	36449	0.0	0	0	1052	0	1
12	119	494	1096	1756	36481	0.0	0	0	1052	0	0
12	119	495	1099	1760	36577	0.0	0	0	1052	0	0
12	94	319	251	689	11564	289.0	0	0	1052	0	0
12	94	318	251	689	11564	287.0	0	0	1052	0	0
12	94	319	251	690	11564	289.0	0	0	1052	0	0
12	94	319	251	689	11564	289.0	0	0	1052	0	0
12	94	319	251	689	11564	289.0	0	0	1052	0	0
13	94	319	251	690	11564	289.0	0	0	1184	0	1
13	94	319	251	689	11564	289.0	0	0	1184	0	1
13	94	319	251	690	11564	289.0	0	0	1184	0	1
13	123	524	1237	1935	39707	0.0	0	0	1184	0	1
13	123	520	1219	1912	39150	0.0	0	0	1184	0	1
13	123	520	1220	1913	39181	0.0	0	0	1184	0	1
13	123	520	1223	1917	39274	0.0	0	0	1184	0	1
13	123	520	1220	1913	39181	0.0	0	0	1184	0	1
13	123	519	1219	1911	39150	0.0	0	0	1184	0	1
13	123	520	1219	1913	39150	0.0	0	0	1184	0	1
13	123	519	1219	1911	39150	0.0	0	0	1184	0	1
13	123	520	1220	1913	39181	0.0	0	0	1184	0	1
13	123	519	1219	1911	39150	0.0	0	0	1184	0	1
13	123	520	1220	1913	39181	0.0	0	0	1184	0	1
13	123	519	1219	1911	39150	0.0	0	0	1184	0	1
13	124	529	1259	1963	40074	0.0	0	0	1184	0	1
13	124	526	1254	1955	39921	0.0	0	0	1184	0	1
13	124	528	1258	1961	40044	0.0	0	0	1184	0	1
13	124	527	1256	1959	39982	0.0	0	0	1184	0	1
13	124	527	1250	1952	39798	0.0	0	0	1184	0	1
13	124	527	1258	1960	40044	0.0	0	0	1184	0	1
13	124	526	1253	1954	39890	0.0	0	0	1184	0	1
13	124	527	1254	1957	39921	0.0	0	0	1184	0	1
13	124	526	1253	1954	39890	0.0	0	0	1184	0	1
13	124	528	1256	1960	39982	0.0	0	0	1184	0	1
13	124	527	1257	1959	40013	0.0	0	0	1184	0	1
13	123	521	1224	1919	39305	0.0	0	0	1184	0	1
13	122	519	1218	1910	39428	0.0	0	0	1184	0	0
13	123	520	1220	1914	39181	0.0	0	0	1184	0	0
13	94	317	250	687	11523	286.0	0	0	1184	0	0
13	94	319	251	691	11564	289.0	0	0	1184	0	0
13	94	318	250	687	11523	288.0	0	0	1184	0	0
13	94	320	251	691	11564	290.0	0	0	1184	0	0
13	94	318	250	687	11523	288.0	0	0	1184	0	0
14	94	320	252	691	11605	290.0	0	0	1315	0	1
14	94	318	250	687	11523	288.0	0	0	1315	0	1
14	94	320	252	691	11605	290.0	0	0	1315	0	1
14	126	544	1341	2065	41940	0.0	0	0	1315	0	1
14	127	546	1343	2070	41681	0.0	0	0	1315	0	1
14	127	546	1343	2065	41681	0.0	0	0	1315	0	1
14	126	544	1341	2065	41940	0.0	0	0	1315	0	1
14	127	546	1343	2070	41681	0.0	0	0	1315	0	1
14	126	545	1346	2071	42091	0.0	0	0	1315	0	1
14	127	546	1343	2070	41681	0.0	0	0	1315	0	1
14	126	544	1342	2065	41970	0.0	0	0	1315	0	1
14	127	546	1343	2070	41681	0.0	0	0	1315	0	1
14	126	545	1347	2072	42121	0.0	0	0	1315	0	1
14	127	546	1343	2070	41681	0.0	0	0	1315	0	1
14	127	552	1380	2113	42791	0.0	0	0	1315	0	1
14	128	555	1385	2123	42616	0.0	0	0	1315	0	1
14	127	551	1376	2109	42671	0.0	0	0	1315	0	1
14	128	555	1387	2125	42675	0.0	0	0	1315	0	1
14	127	553	1382	2116	42851	0.0	0	0	1315	0	1
14	128	554	1382	2119	42527	0.0	0	0	1315	0	1
14	127	553	1385	2121	42941	0.0	0	0	1315	0	1
14	128	554	1383	2119	42556	0.0	0	0	1315	0	1
14	127	552	1381	2115	42821	0.0	0	0	1315	0	1
14	128	555	1381	2125	42497	0.0	0	0	1315	0	1
14	128	553	1378	2114	42408	0.0	0	0	1315	0	1
14	126	544	1342	2065	41970	0.0	0	0	1315	0	1
14	127	546	1343	2069	41681	0.0	0	0	1315	0	1
14	126	544	1342	2066	41970	0.0	0	0	1315	0	1
14	127	546	1343	2070	41681	0.0	0	0	1315	0	0
14	96	336	337	797	14765	252.0	0	0	1315	0	0
14	94	320	251	691	11564	290.0	0	0	1315	0	0
14	94	318	250	687	11523	288.0	0	0	1315	0	0
14	94	319	251	691	11564	289.0	0	0	1315	0	0
14	94	318	250	687	11523	288.0	0	0	1315	0	0
15	94	319	251	691	11564	289.0	0	0	1447	0	1
15	94	318	250	687	11523	288.0	0	0	1447	0	1
15	94	319	251	691	11564	289.0	0	0	1447	0	1
15	130	570	1463	2220	44268	0.0	0	0	1447	0	1
15	130	572	1468	2227	44414	0.0	0	0	1447	0	1
15	130	570	1466	2223	44356	0.0	0	0	1447	0	1
15	130	572	1467	2226	44385	0.0	0	0	1447	0	1
15	130	570	1466	2223	44356	0.0	0	0	1447	0	1
15	130	570	1466	2223	44356	0.0	0	0	1447	0	1
15	130	572	1468	2226	44414	0.0	0	0	1447	0	1
15	130	572	1472	2230	44531	0.0	0	0	1447	0	1
15	130	572	1468	2227	44414	0.0	0	0	1447	0	1
15	130	571	1467	2224	44385	0.0	0	0	1447	0	1
15	130	572	1468	2227	44414	0.0	0	0	1447	0	1
15	131	575	1488	2250	44667	0.0	0	0	1447	0	1
15	132	581	1512	2282	45032	0.0	0	0	1447	0	1
15	131	581	1516	2285	45482	0.0	0	0	1447	0	1
15	132	581	1512	2283	45032	0.0	0	0	1447	0	1
15	131	578	1504	2272	45133	0.0	0	0	1447	0	1
15	132	582	1515	2287	45119	0.0	0	0	1447	0	1
15	131	580	1513	2282	45395	0.0	0	0	1447	0	1
15	132	581	1511	2281	45003	0.0	0	0	1447	0	1
15	131	580	1513	2282	45395	0.0	0	0	1447	0	1
15	132	582	1515	2287	45119	0.0	0	0	1447	0	1
15	131	579	1510	2279	45307	0.0	0	0	1447	0	1
15	132	581	1512	2282	45032	0.0	0	0	1447	0	1
15	130	571	1467	2226	44385	0.0	0	0	1447	0	1
15	130	570	1466	2223	44356	0.0	0	0	1447	0	1
15	130	572	1467	2226	44385	0.0	0	0	1447	0	0
15	94	318	250	688	11523	288.0	0	0	1447	0	0
15	94	319	251	690	11564	289.0	0	0	1447	0	0
15	94	318	251	688	11564	287.0	0	0	1447	0	0
15	94	319	251	690	11564	289.0	0	0	1447	0	0
15	94	318	250	688	11523	288.0	0	0	1447	0	0
15	94	319	251	690	11564	289.0	0	0	1447	0	0
16	94	318	250	688	11523	288.0	0	0	1578	0	1
16	94	319	251	690	11564	289.0	0	0	1578	0	1
16	128	558	1405	2147	43211	0.0	0	0	1578	0	1
16	136	608	1645	2450	47475	0.0	0	0	1578	0	1
16	134	597	1592	2383	46656	0.0	0	0	1578	0	1
16	134	597	1591	2382	46627	0.0	0	0	1578	0	1
16	134	596	1591	2380	46627	0.0	0	0	1578	0	1
16	134	597	1591	2382	46627	0.0	0	0	1578	0	1
16	134	598	1596	2388	46769	0.0	0	0	1578	0	1
16	134	596	1590	2381	46599	0.0	0	0	1578	0	1
16	134	597	1591	2382	46627	0.0	0	0	1578	0	1
16	134	597	1591	2381	46627	0.0	0	0	1578	0	1
16	134	597	1591	2382	46627	0.0	0	0	1578	0	1
16	134	597	1591	2381	46627	0.0	0	0	1578	0	1
16	134	597	1591	2382	46627	0.0	0	0	1578	0	1
16	135	606	1638	2441	47619	0.0	0	0	1578	0	1
16	136	608	1643	2448	47419	0.0	0	0	1578	0	1
16	135	607	1642	2446	47731	0.0	0	0	1578	0	1
16	135	607	1639	2442	47647	0.0	0	0	1578	0	1
16	135	607	1640	2443	47675	0.0	0	0	1578	0	1
16	136	608	1645	2450	47475	0.0	0	0	1578	0	1
16	135	607	1639	2443	47647	0.0	0	0	1578	0	1
16	135	607	1639	2443	47647	0.0	0	0	1578	0	1
16	135	608	1644	2448	47788	0.0	0	0	1578	0	1
16	135	606	1636	2438	47562	0.0	0	0	1578	0	1
16	135	607	1638	2441	47619	0.0	0	0	1578	0	1
16	136	608	1643	2447	47419	0.0	0	0	1578	0	1
16	134	598	1597	2389	46798	0.0	0	0	1578	0	0
16	94	318	251	689	11564	287.0	0	0	1578	0	0
16	94	319	251	690	11564	289.0	0	0	1578	0	0
16	94	318	251	689	11564	287.0	0	0	1578	0	0
16	94	319	251	690	11564	289.0	0	0	1578	0	0
16	94	319	251	689	11564	289.0	0	0	1578	0	0
16	94	319	251	689	11564	289.0	0	0	1578	0	0
17	94	318	250	688	11523	288.0	0	0	1710	0	1
17	94	319	251	689	11564	289.0	0	0	1710	0	1
17	134	599	1604	2398	46997	0.0	0	0	1710	0	1
17	139	631	1755	2589	49495	0.0	0	0	1710	0	1
17	138	623	1716	2539	48767	0.0	0	0	1710	0	1
17	138	623	1716	2540	48767	0.0	0	0	1710	0	1
17	138	623	1716	2540	48767	0.0	0	0	1710	0	1
17	138	623	1716	2540	48767	0.0	0	0	1710	0	1
17	138	623	1716	2539	48767	0.0	0	0	1710	0	1
17	138	623	1716	2540	48767	0.0	0	0	1710	0	1
17	138	623	1716	2539	48767	0.0	0	0	1710	0	1
17	138	623	1716	2540	48767	0.0	0	0	1710	0	1
17	138	623	1716	2539	48767	0.0	0	0	1710	0	1
17	138	624	1722	2548	48933	0.0	0	0	1710	0	1
17	139	632	1761	2596	49660	0.0	0	0	1710	0	1
17	139	634	1768	2606	49852	0.0	0	0	1710	0	1
17	139	634	1772	2611	49961	0.0	0	0	1710	0	1
17	139	633	1765	2602	49769	0.0	0	0	1710	0	1
17	139	633	1768	2605	49852	0.0	0	0	1710	0	1
17	139	635	1772	2610	49961	0.0	0	0	1710	0	1
17	139	634	1772	2610	49961	0.0	0	0	1710	0	1
17	139	634	1768	2606	49852	0.0	0	0	1710	0	1
17	139	634	1770	2608	49906	0.0	0	0	1710	0	1
17	139	635	1773	2612	49989	0.0	0	0	1710	0	1
17	139	633	1767	2603	49824	0.0	0	0	1710	0	1
17	139	634	1770	2608	49906	0.0	0	0	1710	0	1
17	138	623	1715	2539	48739	0.0	0	0	1710	0	1
17	138	623	1716	2540	48767	0.0	0	0	1710	0	0
17	138	622	1715	2538	48739	0.0	0	0	1710	0	0
17	94	318	250	838	11523	288.0	0	0	1710	0	0
17	94	319	251	690	11564	289.0	0	0	1710	0	0
17	94	318	250	688	11523	288.0	0	0	1710	0	0
17	94	319	251	690	11564	289.0	0	0	1710	0	0
17	94	318	250	687	11523	288.0	0	0	1710	0	0
18	94	319	251	690	11564	289.0	0	0	1842	0	1
18	94	318	250	687	11523	288.0	0	0	1842	0	1
18	137	620	1699	2518	48640	0.0	0	0	1842	0	1
18	143	660	1900	2771	52013	0.0	0	0	1842	0	1
18	141	649	1841	2698	51137	0.0	0	0	1842	0	1
18	141	648	1841	2695	51137	0.0	0	0	1842	0	1
18	142	649	1841	2698	50786	0.0	0	0	1842	0	1
18	141	648	1840	2696	51110	0.0	0	0	1842	0	1
18	142	649	1841	2698	50786	0.0	0	0	1842	0	1
18	141	648	1841	2695	51137	0.0	0	0	1842	0	1
18	142	649	1841	2698	50786	0.0	0	0	1842	0	1
18	141	648	1840	2695	51110	0.0	0	0	1842	0	1
18	142	651	1848	2707	50974	0.0	0	0	1842	0	1
18	141	648	1841	2694	51137	0.0	0	0	1842	0	1
18	142	654	1869	2731	51538	0.0	0	0	1842	0	1
18	143	662	1905	2778	52146	0.0	0	0	1842	0	1
18	143	660	1899	2769	51986	0.0	0	0	1842	0	1
18	143	661	1898	2770	51960	0.0	0	0	1842	0	1
18	143	660	1902	2772	52066	0.0	0	0	1842	0	1
18	143	660	1895	2766	51880	0.0	0	0	1842	0	1
18	143	659	1897	2766	51933	0.0	0	0	1842	0	1
18	143	662	1901	2774	52040	0.0	0	0	1842	0	1
18	143	660	1902	2772	52066	0.0	0	0	1842	0	1
18	143	661	1898	2770	51960	0.0	0	0	1842	0	1
18	143	660	1900	2770	52013	0.0	0	0	1842	0	1
18	143	663	1904	2778	52119	0.0	0	0	1842	0	1
18	141	648	1840	2695	51110	0.0	0	0	1842	0	1
18	142	650	1842	2699	50813	0.0	0	0	1842	0	0
18	141	648	1840	2695	51110	0.0	0	0	1842	0	0
18	94	320	251	691	11564	290.0	0	0	1842	0	0
18	93	317	250	686	11632	287.0	0	0	1842	0	0
18	94	319	251	691	11564	289.0	0	0	1842	0	0
18	94	320	251	691	11564	290.0	0	0	1842	0	0
18	93	317	250	686	11632	287.0	0	0	1842	0	0
19	94	319	251	691	11564	289.0	0	0	1973	0	1
19	93	317	250	686	11632	287.0	0	0	1973	0	1
19	134	595	1578	2366	46258	0.0	0	0	1973	0	1
19	147	688	2033	2938	54083	0.0	0	0	1973	0	1
19	147	689	2030	2937	54005	0.0	0	0	1973	0	1
19	145	675	1973	2862	53233	0.0	0	0	1973	0	1
19	145	676	1967	2857	53075	0.0	0	0	1973	0	1
19	145	674	1965	2853	53023	0.0	0	0	1973	0	1
19	145	676	1967	2857	53075	0.0	0	0	1973	0	1
19	145	674	1965	2853	53023	0.0	0	0	1973	0	1
19	146	678	1974	2867	52904	0.0	0	0	1973	0	1
19	145	674	1965	2853	53023	0.0	0	0	1973	0	1
19	145	676	1967	2857	53075	0.0	0	0	1973	0	1
19	145	674	1965	2853	53023	0.0	0	0	1973	0	1
19	145	676	1967	2857	53075	0.0	0	0	1973	0	1
19	145	674	1965	2853	53023	0.0	0	0	1973	0	1
19	147	687	2030	2935	54005	0.0	0	0	1973	0	1
19	147	687	2020	2925	53746	0.0	0	0	1973	0	1
19	147	687	2031	2936	54031	0.0	0	0	1973	0	1
19	147	690	2032	2940	54057	0.0	0	0	1973	0	1
19	147	687	2026	2930	53901	0.0	0	0	1973	0	1
19	147	689	2031	2939	54031	0.0	0	0	1973	0	1
19	147	688	2032	2938	54057	0.0	0	0	1973	0	1
19	147	689	2028	2935	53953	0.0	0	0	1973	0	1
19	147	687	2028	2933	53953	0.0	0	0	1973	0	1
19	147	690	2034	2943	54108	0.0	0	0	1973	0	1
19	146	685	2020	2922	54104	0.0	0	0	1973	0	1
19	147	689	2029	2936	53979	0.0	0	0	1973	0	0
19	145	674	1965	2853	53023	0.0	0	0	1973	0	0
19	94	320	252	691	11605	290.0	0	0	1973	0	0
19	94	318	250	688	11523	288.0	0	0	1973	0	0
19	94	319	251	691	11564	289.0	0	0	1973	0	0
19	94	318	250	688	11523	288.0	0	0	1973	0	0
19	94	319	251	691	11564	289.0	0	0	1973	0	0
20	94	319	251	691	11564	289.0	0	0	2105	0	1
20	94	318	250	688	11523	288.0	0	0	2105	0	1
20	140	641	1801	2647	50403	0.0	0	0	2105	0	1
20	151	715	2163	3103	55967	0.0	0	0	2105	0	1
20	151	712	2142	3078	55437	0.0	0	0	2105	0	1
20	149	701	2092	3013	54884	0.0	0	0	2105	0	1
20	149	702	2092	3015	54884	0.0	0	0	2105	0	1
20	149	702	2100	3024	55088	0.0	0	0	2105	0	1
20	149	702	2092	3016	54884	0.0	0	0	2105	0	1
20	149	701	2092	3014	54884	0.0	0	0	2105	0	1
20	149	701	2092	3015	54884	0.0	0	0	2105	0	1
20	149	701	2092	3014	54884	0.0	0	0	2105	0	1
20	149	701	2092	3015	54884	0.0	0	0	2105	0	1
20	149	701	2092	3014	54884	0.0	0	0	2105	0	1
20	149	701	2092	3015	54884	0.0	0	0	2105	0	1
20	149	701	2092	3014	54884	0.0	0	0	2105	0	1
20	151	715	2157	3097	55815	0.0	0	0	2105	0	1
20	151	715	2160	3100	55891	0.0	0	0	2105	0	1
20	151	715	2159	3099	55866	0.0	0	0	2105	0	1
20	151	714	2152	3091	55689	0.0	0	0	2105	0	1
20	151	716	2164	3106	55992	0.0	0	0	2105	0	1
20	151	715	2159	3099	55866	0.0	0	0	2105	0	1
20	151	715	2161	3101	55916	0.0	0	0	2105	0	1
20	151	714	2156	3095	55790	0.0	0	0	2105	0	1
20	151	715	2159	3099	55866	0.0	0	0	2105	0	1
20	151	715	2160	3100	55891	0.0	0	0	2105	0	1
20	151	716	2165	3107	56017	0.0	0	0	2105	0	1
20	149	702	2100	3024	55088	0.0	0	0	2105	0	0
20	149	701	2092	3015	54884	0.0	0	0	2105	0	0
20	98	349	398	874	16864	227.0	0	0	2105	0	0
20	94	319	251	690	11564	289.0	0	0	2105	0	0
20	94	318	250	688	11523	288.0	0	0	2105	0	0
20	94	319	251	690	11564	289.0	0	0	2105	0	0
20	94	318	250	688	11523	288.0	0	0	2105	0	0
21	94	319	251	690	11564	289.0	0	0	2236	0	1
21	94	318	250	688	11523	288.0	0	0	2236	0	1
21	142	656	1877	690	1443	0.0	0	0	2236	0	1
21	155	744	2295	3272	57803	0.0	0	0	2236	0	1
21	155	741	2289	3263	57656	0.0	0	0	2236	0	1
21	153	730	2227	3186	56847	0.0	0	0	2236	0	1
21	152	726	2217	3172	56961	0.0	0	0	2236	0	1
21	153	728	2218	3175	56623	0.0	0	0	2236	0	1
21	152	727	2217	3172	56961	0.0	0	0	2236	0	1
21	153	728	2218	3175	56623	0.0	0	0	2236	0	1
21	152	726	2217	3171	56961	0.0	0	0	2236	0	1
21	153	728	2218	3175	56623	0.0	0	0	2236	0	1
21	152	726	2216	3170	56936	0.0	0	0	2236	0	1
21	153	727	2218	3174	56623	0.0	0	0	2236	0	1
21	152	726	2216	3170	56936	0.0	0	0	2236	0	1
21	153	727	2218	3174	56623	0.0	0	0	2236	0	1
21	153	734	2260	3224	57669	0.0	0	0	2236	0	1
21	155	742	2288	3263	57631	0.0	0	0	2236	0	1
21	154	741	2292	3265	58095	0.0	0	0	2236	0	1
21	155	743	2293	3270	57754	0.0	0	0	2236	0	1
21	154	740	2292	3258	58095	0.0	0	0	2236	0	1
21	154	740	2284	3255	57897	0.0	0	0	2236	0	1
21	155	742	2289	3264	57656	0.0	0	0	2236	0	1
21	154	741	2291	3263	58070	0.0	0	0	2236	0	1
21	155	744	2295	3271	57803	0.0	0	0	2236	0	1
21	154	740	2287	3259	57971	0.0	0	0	2236	0	1
21	155	743	2291	3266	57705	0.0	0	0	2236	0	1
21	152	725	2216	3169	56936	0.0	0	0	2236	0	0
21	153	727	2218	3173	56623	0.0	0	0	2236	0	0
21	93	317	249	685	11591	287.0	0	0	2236	0	0
21	94	319	251	690	11564	289.0	0	0	2236	0	0
21	93	317	249	685	11591	287.0	0	0	2236	0	0
21	94	319	251	690	11564	289.0	0	0	2236	0	0
21	93	317	249	685	11591	287.0	0	0	2236	0	0
22	94	319	251	690	11564	289.0	0	0	2368	0	1
22	93	317	249	685	11591	287.0	0	0	2368	0	1
22	94	319	251	690	11564	289.0	0	0	2368	0	1
22	137	620	1707	2527	48863	0.0	0	0	2368	0	1
22	159	769	2420	3429	59379	0.0	0	0	2368	0	1
22	159	771	2426	3436	59523	0.0	0	0	2368	0	1
22	156	752	2344	3331	58638	0.0	0	0	2368	0	1
22	157	754	2345	3335	58298	0.0	0	0	2368	0	1
22	156	752	2344	3330	58638	0.0	0	0	2368	0	1
22	157	754	2345	3335	58298	0.0	0	0	2368	0	1
22	156	752	2344	3330	58638	0.0	0	0	2368	0	1
22	157	754	2345	3334	58298	0.0	0	0	2368	0	1
22	156	754	2353	3342	58858	0.0	0	0	2368	0	1
22	156	754	2345	3334	58663	0.0	0	0	2368	0	1
22	156	752	2343	3330	58614	0.0	0	0	2368	0	1
22	157	754	2345	3334	58298	0.0	0	0	2368	0	1
22	156	754	2353	3342	58858	0.0	0	0	2368	0	1
22	156	754	2345	3334	58663	0.0	0	0	2368	0	1
22	158	768	2422	3429	59794	0.0	0	0	2368	0	1
22	159	769	2420	3429	59379	0.0	0	0	2368	0	1
22	158	767	2415	3420	59626	0.0	0	0	2368	0	1
22	159	770	2425	3434	59499	0.0	0	0	2368	0	1
22	158	767	2418	3424	59698	0.0	0	0	2368	0	1
22	158	769	2425	3432	59867	0.0	0	0	2368	0	1
22	159	769	2421	3429	59403	0.0	0	0	2368	0	1
22	159	769	2422	3430	59427	0.0	0	0	2368	0	1
22	159	771	2426	3437	59523	0.0	0	0	2368	0	1
22	158	768	2421	3429	59770	0.0	0	0	2368	0	1
22	158	767	2411	3417	59529	0.0	0	0	2368	0	0
22	94	317	250	687	11523	286.0	0	0	2368	0	0
22	94	319	251	689	11564	289.0	0	0	2368	0	0
22	94	318	250	687	11523	288.0	0	0	2368	0	0
22	94	318	251	689	11564	287.0	0	0	2368	0	0
22	94	318	250	688	11523	288.0	0	0	2368	0	0
23	94	318	251	689	11564	287.0	0	0	2500	0	1
23	94	318	250	688	11523	288.0	0	0	2500	0	1
23	94	318	251	689	11564	287.0	0	0	2500	0	1
23	144	668	1936	2817	52614	0.0	0	0	2500	0	1
23	163	797	2552	3595	61042	0.0	0	0	2500	0	1
23	163	797	2556	3601	61135	0.0	0	0	2500	0	1
23	162	790	2519	3553	60634	0.0	0	0	2500	0	1
23	160	780	2472	3495	60255	0.0	0	0	2500	0	1
23	160	780	2472	3494	60255	0.0	0	0	2500	0	1
23	161	782	2482	3507	60126	0.0	0	0	2500	0	1
23	160	780	2472	3495	60255	0.0	0	0	2500	0	1
23	160	780	2472	3494	60255	0.0	0	0	2500	0	1
23	160	780	2472	3494	60255	0.0	0	0	2500	0	1
23	160	780	2472	3494	60255	0.0	0	0	2500	0	1
23	160	780	2472	3494	60255	0.0	0	0	2500	0	1
23	160	780	2472	3495	60255	0.0	0	0	2500	0	1
23	160	780	2472	3495	60255	0.0	0	0	2500	0	1
23	163	796	2551	3594	61018	0.0	0	0	2500	0	1
23	163	798	2556	3601	61135	0.0	0	0	2500	0	1
23	163	797	2558	3602	61182	0.0	0	0	2500	0	1
23	163	797	2553	3597	61065	0.0	0	0	2500	0	1
23	163	797	2554	3597	61088	0.0	0	0	2500	0	1
23	163	798	2558	3603	61182	0.0	0	0	2500	0	1
23	163	797	2555	3598	61112	0.0	0	0	2500	0	1
23	163	797	2553	3597	61065	0.0	0	0	2500	0	1
23	163	796	2547	3589	60925	0.0	0	0	2500	0	1
23	162	796	2551	3593	61386	0.0	0	0	2500	0	1
23	163	798	2556	3601	61135	0.0	0	0	2500	0	1
