Stim	R	G	B	C	Temp	HueLux	Yellow	Red	Blue	Blue2	Trig
1	179	98	104	371	3558	20.0	1800	0	0	0	1
1	1231	218	230	1596	1996	0.0	1800	0	0	0	1
1	1646	265	280	2078	1927	0.0	1800	0	0	0	1
1	1647	266	280	2080	1927	0.0	1800	0	0	0	1
1	1643	265	279	2075	1926	0.0	1800	0	0	0	1
1	1646	266	280	2079	1927	0.0	1800	0	0	0	1
1	1645	265	279	2076	1925	0.0	1800	0	0	0	1
1	1644	265	280	2076	1928	0.0	1800	0	0	0	1
1	1646	265	279	2077	1925	0.0	1800	0	0	0	1
1	1645	266	280	2077	1926	0.0	1800	0	0	0	1
1	1644	265	279	2075	1926	0.0	1800	0	0	0	1
1	1647	266	280	2080	1927	0.0	1800	0	0	0	1
1	1643	265	279	2075	1926	0.0	1800	0	0	0	1
1	1645	266	280	2078	1928	0.0	1800	0	0	0	1
1	1646	265	280	2078	1927	0.0	1800	0	0	0	1
1	1645	265	279	2076	1925	0.0	1800	0	0	0	1
1	1646	266	280	2079	1927	0.0	1800	0	0	0	1
1	1643	265	279	2074	1926	0.0	1800	0	0	0	1
1	1646	266	280	2079	1927	0.0	1800	0	0	0	1
1	1644	265	279	2076	1926	0.0	1800	0	0	0	1
1	1644	266	280	2077	1928	0.0	1800	0	0	0	1
1	1646	265	280	2078	1927	0.0	1800	0	0	0	1
1	1645	266	280	2077	1926	0.0	1800	0	0	0	1
1	1644	265	279	2075	1926	0.0	1800	0	0	0	1
1	1647	266	280	2080	1927	0.0	1800	0	0	0	1
1	1643	265	279	2074	1926	0.0	1800	0	0	0	1
1	1646	266	280	2078	1925	0.0	1800	0	0	0	1
1	1645	265	279	2076	1925	0.0	1800	0	0	0	0
1	1644	266	280	2076	1926	0.0	1800	0	0	0	0
1	259	107	113	464	2993	2.0	1800	0	0	0	0
1	180	98	104	373	3555	20.0	1800	0	0	0	0
1	179	97	104	371	3568	18.0	1800	0	0	0	0
1	180	98	104	373	3555	20.0	1800	0	0	0	0
1	180	98	104	373	3555	20.0	1800	0	0	0	0
2	179	97	104	371	3568	18.0	1800	0	0	0	1
2	1277	224	236	1649	1984	0.0	1800	0	0	0	1
2	1645	265	279	2077	1925	0.0	1800	0	0	0	1
2	1646	266	280	2079	1927	0.0	1800	0	0	0	1
2	1643	265	279	2074	1926	0.0	1800	0	0	0	1
2	1647	266	280	2079	1925	0.0	1800	0	0	0	1
2	1644	265	279	2075	1926	0.0	1800	0	0	0	1
2	1644	265	280	2077	1928	0.0	1800	0	0	0	1
2	1646	265	280	2078	1927	0.0	1800	0	0	0	1
2	1644	266	280	2077	1928	0.0	1800	0	0	0	1
2	1644	265	279	2075	1926	0.0	1800	0	0	0	1
2	1647	266	280	2079	1925	0.0	1800	0	0	0	1
2	1643	265	279	2075	1926	0.0	1800	0	0	0	1
2	1645	266	280	2077	1926	0.0	1800	0	0	0	1
2	1645	265	280	2077	1928	0.0	1800	0	0	0	1
2	1643	265	280	2076	1928	0.0	1800	0	0	0	1
2	1644	265	280	2076	1928	0.0	1800	0	0	0	1
2	1643	265	279	2074	1926	0.0	1800	0	0	0	1
2	1645	266	280	2078	1928	0.0	1800	0	0	0	1
2	1645	265	280	2077	1928	0.0	1800	0	0	0	1
2	1643	265	280	2075	1928	0.0	1800	0	0	0	1
2	1645	265	280	2077	1928	0.0	1800	0	0	0	1
2	1645	265	280	2077	1928	0.0	1800	0	0	0	1
2	1643	265	279	2074	1926	0.0	1800	0	0	0	1
2	1645	265	280	2077	1928	0.0	1800	0	0	0	1
2	1645	265	280	2076	1926	0.0	1800	0	0	0	1
2	1643	265	279	2074	1926	0.0	1800	0	0	0	1
2	1645	265	280	2077	1928	0.0	1800	0	0	0	0
2	1645	265	280	2077	1928	0.0	1800	0	0	0	0
2	263	107	114	469	2983	0.0	1800	0	0	0	0
2	179	98	104	372	3568	20.0	1800	0	0	0	0
2	180	98	104	372	3546	20.0	1800	0	0	0	0
2	180	98	104	372	3546	20.0	1800	0	0	0	0
2	180	98	104	372	3546	20.0	1800	0	0	0	0
3	179	98	104	372	3568	20.0	1800	0	0	0	1
3	180	223	235	372	9659	121.0	1800	0	0	0	1
3	1645	266	280	2077	1926	0.0	1800	0	0	0	1
3	1643	265	279	2074	1926	0.0	1800	0	0	0	1
3	1646	266	280	2078	1925	0.0	1800	0	0	0	1
3	1644	265	279	2075	1926	0.0	1800	0	0	0	1
3	1643	265	280	2075	1928	0.0	1800	0	0	0	1
3	1645	265	279	2076	1925	0.0	1800	0	0	0	1
3	1645	265	280	2077	1928	0.0	1800	0	0	0	1
3	1642	265	279	2073	1926	0.0	1800	0	0	0	1
3	1645	266	280	2078	1928	0.0	1800	0	0	0	1
3	1644	265	279	2075	1926	0.0	1800	0	0	0	1
3	1643	265	280	2075	1928	0.0	1800	0	0	0	1
3	1644	265	279	2076	1926	0.0	1800	0	0	0	1
3	1645	266	280	2077	1926	0.0	1800	0	0	0	1
3	1642	265	279	2073	1926	0.0	1800	0	0	0	1
3	1646	266	280	2078	1925	0.0	1800	0	0	0	1
3	1644	265	279	2075	1926	0.0	1800	0	0	0	1
3	1643	265	280	2076	1928	0.0	1800	0	0	0	1
3	1644	265	279	2076	1926	0.0	1800	0	0	0	1
3	1642	265	279	2073	1926	0.0	1800	0	0	0	1
3	1646	266	280	2079	1927	0.0	1800	0	0	0	1
3	1643	265	279	2075	1926	0.0	1800	0	0	0	1
3	1643	265	280	2075	1928	0.0	1800	0	0	0	1
3	1644	265	279	2076	1926	0.0	1800	0	0	0	1
3	1644	266	280	2077	1928	0.0	1800	0	0	0	1
3	1642	265	279	2073	1926	0.0	1800	0	0	0	1
3	1646	266	280	2079	1927	0.0	1800	0	0	0	0
3	1643	265	279	2074	1926	0.0	1800	0	0	0	0
3	215	102	108	414	3259	12.0	1800	0	0	0	0
3	179	97	104	371	3568	18.0	1800	0	0	0	0
3	180	98	104	373	3555	20.0	1800	0	0	0	0
3	179	97	104	371	3568	18.0	1800	0	0	0	0
3	180	98	104	373	3555	20.0	1800	0	0	0	0
4	179	97	104	371	3568	18.0	1800	0	0	0	1
4	180	98	104	373	3555	20.0	1800	0	0	0	1
4	457	129	137	694	2448	0.0	1800	0	0	0	1
4	926	183	194	1241	2084	0.0	1800	0	0	0	1
4	928	184	194	1244	2083	0.0	1800	0	0	0	1
4	921	182	193	1235	2088	0.0	1800	0	0	0	1
4	927	184	194	1243	2084	0.0	1800	0	0	0	1
4	927	183	193	1241	2079	0.0	1800	0	0	0	1
4	925	183	194	1240	2085	0.0	1800	0	0	0	1
4	902	180	190	1213	2093	0.0	1800	0	0	0	1
4	900	180	190	1210	2091	0.0	1800	0	0	0	1
4	899	180	190	1209	2092	0.0	1800	0	0	0	1
4	900	180	190	1210	2091	0.0	1800	0	0	0	1
4	902	180	190	1213	2093	0.0	1800	0	0	0	1
4	900	180	190	1210	2091	0.0	1800	0	0	0	1
4	899	180	190	1209	2092	0.0	1800	0	0	0	1
4	900	180	190	1210	2091	0.0	1800	0	0	0	1
4	899	180	190	1209	2092	0.0	1800	0	0	0	1
4	900	180	190	1210	2091	0.0	1800	0	0	0	1
4	899	180	190	1209	2092	0.0	1800	0	0	0	1
4	903	181	191	1214	2093	0.0	1800	0	0	0	1
4	928	183	194	1243	2083	0.0	1800	0	0	0	1
4	926	183	193	1241	2084	0.0	1800	0	0	0	1
4	928	183	194	1243	2083	0.0	1800	0	0	0	1
4	925	183	193	1240	2084	0.0	1800	0	0	0	1
4	926	183	193	1241	2084	0.0	1800	0	0	0	1
4	928	183	194	1243	2083	0.0	1800	0	0	0	1
4	925	183	193	1239	2081	0.0	1800	0	0	0	0
4	927	183	194	1242	2084	0.0	1800	0	0	0	0
4	307	112	119	520	2797	0.0	1800	0	0	0	0
4	180	98	104	373	3555	20.0	1800	0	0	0	0
4	179	98	104	371	3558	20.0	1800	0	0	0	0
4	180	98	104	373	3555	20.0	1800	0	0	0	0
4	179	98	104	371	3558	20.0	1800	0	0	0	0
5	180	98	104	373	3555	20.0	1800	0	131	0	1
5	179	97	104	371	3568	18.0	1800	0	131	0	1
5	509	136	144	756	2380	0.0	1800	0	131	0	1
5	924	183	195	1240	2090	0.0	1800	0	131	0	1
5	927	184	196	1245	2092	0.0	1800	0	131	0	1
5	925	183	195	1241	2089	0.0	1800	0	131	0	1
5	926	183	195	1242	2089	0.0	1800	0	131	0	1
5	926	184	196	1244	2093	0.0	1800	0	131	0	1
5	899	180	192	1211	2101	0.0	1800	0	131	0	1
5	900	181	193	1213	2104	0.0	1800	0	131	0	1
5	899	180	192	1211	2101	0.0	1800	0	131	0	1
5	900	181	193	1213	2104	0.0	1800	0	131	0	1
5	899	180	192	1211	2101	0.0	1800	0	131	0	1
5	900	181	193	1213	2104	0.0	1800	0	131	0	1
5	899	180	192	1211	2101	0.0	1800	0	131	0	1
5	903	181	193	1217	2102	0.0	1800	0	131	0	1
5	899	180	192	1211	2101	0.0	1800	0	131	0	1
5	900	181	193	1214	2104	0.0	1800	0	131	0	1
5	899	180	192	1211	2101	0.0	1800	0	131	0	1
5	903	181	193	1217	2102	0.0	1800	0	131	0	1
5	926	183	195	1243	2092	0.0	1800	0	131	0	1
5	926	184	196	1244	2093	0.0	1800	0	131	0	1
5	928	183	195	1245	2091	0.0	1800	0	131	0	1
5	923	183	195	1240	2094	0.0	1800	0	131	0	1
5	929	184	196	1242	2084	0.0	1800	0	131	0	1
5	925	183	195	1241	2089	0.0	1800	0	131	0	1
5	927	184	196	1245	2092	0.0	1800	0	131	0	1
5	927	183	195	1244	2091	0.0	1800	0	131	0	0
5	926	184	196	1243	2093	0.0	1800	0	131	0	0
5	256	106	113	461	3012	1.0	1800	0	131	0	0
5	180	98	104	373	3555	20.0	1800	0	131	0	0
5	179	98	104	371	3558	20.0	1800	0	131	0	0
5	180	98	104	373	3555	20.0	1800	0	131	0	0
5	179	98	104	371	3558	20.0	1800	0	131	0	0
6	180	98	104	373	3555	20.0	1800	0	263	0	1
6	179	98	104	371	3558	20.0	1800	0	263	0	1
6	502	135	143	748	2386	0.0	1800	0	263	0	1
6	927	186	208	1259	2143	0.0	1800	0	263	0	1
6	929	186	208	1262	2145	0.0	1800	0	263	0	1
6	926	185	208	1257	2144	0.0	1800	0	263	0	1
6	928	186	208	1260	2142	0.0	1800	0	263	0	1
6	928	186	208	1260	2142	0.0	1800	0	263	0	1
6	926	186	206	1258	2139	0.0	1800	0	263	0	1
6	901	183	205	1229	2156	0.0	1800	0	263	0	1
6	900	183	205	1228	2157	0.0	1800	0	263	0	1
6	900	183	205	1229	2160	0.0	1800	0	263	0	1
6	900	183	205	1229	2160	0.0	1800	0	263	0	1
6	900	183	205	1229	2160	0.0	1800	0	263	0	1
6	901	183	205	1229	2156	0.0	1800	0	263	0	1
6	900	183	205	1229	2160	0.0	1800	0	263	0	1
6	901	183	205	1229	2156	0.0	1800	0	263	0	1
6	903	183	206	1232	2159	0.0	1800	0	263	0	1
6	901	183	205	1229	2156	0.0	1800	0	263	0	1
6	900	183	205	1228	2157	0.0	1800	0	263	0	1
6	929	186	208	1261	2141	0.0	1800	0	263	0	1
6	926	185	208	1257	2144	0.0	1800	0	263	0	1
6	928	186	208	1261	2146	0.0	1800	0	263	0	1
6	927	186	208	1259	2143	0.0	1800	0	263	0	1
6	926	186	208	1259	2147	0.0	1800	0	263	0	1
6	925	185	208	1256	2145	0.0	1800	0	263	0	1
6	927	186	208	1260	2147	0.0	1800	0	263	0	1
6	930	186	208	1263	2144	0.0	1800	0	263	0	0
6	926	185	208	1258	2147	0.0	1800	0	263	0	0
6	263	108	114	470	2983	1.0	1800	0	263	0	0
6	179	97	104	371	3568	18.0	1800	0	263	0	0
6	180	98	104	373	3555	20.0	1800	0	263	0	0
6	179	97	104	371	3568	18.0	1800	0	263	0	0
6	180	98	104	373	3555	20.0	1800	0	263	0	0
7	179	97	104	371	3568	18.0	1800	0	394	0	1
7	180	98	104	373	3555	20.0	1800	0	394	0	1
7	411	124	131	641	2527	0.0	1800	0	394	0	1
7	928	188	222	1277	2205	0.0	1800	0	394	0	1
7	928	188	222	1277	2205	0.0	1800	0	394	0	1
7	930	188	222	1279	2203	0.0	1800	0	394	0	1
7	926	188	221	1274	2203	0.0	1800	0	394	0	1
7	930	189	222	1280	2203	0.0	1800	0	394	0	1
7	925	188	221	1273	2204	0.0	1800	0	394	0	1
7	928	188	222	1277	2205	0.0	1800	0	394	0	1
7	926	188	221	1274	2203	0.0	1800	0	394	0	1
7	901	185	219	1246	2221	0.0	1800	0	394	0	1
7	902	186	220	1249	2224	0.0	1800	0	394	0	1
7	901	185	220	1246	2222	0.0	1800	0	394	0	1
7	902	186	220	1248	2221	0.0	1800	0	394	0	1
7	904	185	220	1250	2222	0.0	1800	0	394	0	1
7	902	186	220	1248	2221	0.0	1800	0	394	0	1
7	901	185	219	1246	2221	0.0	1800	0	394	0	1
7	902	186	220	1248	2221	0.0	1800	0	394	0	1
7	901	185	219	1246	2221	0.0	1800	0	394	0	1
7	902	186	220	1248	2221	0.0	1800	0	394	0	1
7	920	187	221	1268	2208	0.0	1800	0	394	0	1
7	930	189	222	1280	2203	0.0	1800	0	394	0	1
7	928	188	222	1276	2202	0.0	1800	0	394	0	1
7	929	188	222	1278	2204	0.0	1800	0	394	0	1
7	930	188	222	1278	2200	0.0	1800	0	394	0	1
7	927	188	222	1276	2206	0.0	1800	0	394	0	1
7	929	188	222	1278	2204	0.0	1800	0	394	0	1
7	929	188	222	1278	2204	0.0	1800	0	394	0	0
7	353	118	125	574	2661	0.0	1800	0	394	0	0
7	180	98	104	372	3546	20.0	1800	0	394	0	0
7	180	98	104	373	3555	20.0	1800	0	394	0	0
7	180	98	104	372	3546	20.0	1800	0	394	0	0
7	180	98	104	372	3546	20.0	1800	0	394	0	0
8	180	98	104	372	3546	20.0	1800	0	526	0	1
8	180	98	104	372	3546	20.0	1800	0	526	0	1
8	466	131	138	705	2430	0.0	1800	0	526	0	1
8	930	191	237	1297	2267	0.0	1800	0	526	0	1
8	929	191	237	1296	2268	0.0	1800	0	526	0	1
8	928	191	237	1295	2269	0.0	1800	0	526	0	1
8	929	191	237	1295	2265	0.0	1800	0	526	0	1
8	930	191	237	1297	2267	0.0	1800	0	526	0	1
8	930	191	237	1298	2267	0.0	1800	0	526	0	1
8	928	190	237	1294	2269	0.0	1800	0	526	0	1
8	903	188	235	1268	2289	0.0	1800	0	526	0	1
8	902	188	235	1267	2290	0.0	1800	0	526	0	1
8	903	188	236	1268	2293	0.0	1800	0	526	0	1
8	903	188	236	1268	2293	0.0	1800	0	526	0	1
8	902	188	235	1266	2290	0.0	1800	0	526	0	1
8	903	188	236	1268	2293	0.0	1800	0	526	0	1
8	902	188	235	1266	2290	0.0	1800	0	526	0	1
8	903	188	235	1268	2289	0.0	1800	0	526	0	1
8	902	188	235	1266	2290	0.0	1800	0	526	0	1
8	903	188	236	1268	2293	0.0	1800	0	526	0	1
8	918	189	236	1284	2278	0.0	1800	0	526	0	1
8	929	191	237	1296	2268	0.0	1800	0	526	0	1
8	931	191	237	1297	2263	0.0	1800	0	526	0	1
8	930	191	237	1297	2267	0.0	1800	0	526	0	1
8	928	190	237	1294	2269	0.0	1800	0	526	0	1
8	929	191	237	1296	2268	0.0	1800	0	526	0	1
8	928	190	236	1294	2265	0.0	1800	0	526	0	1
8	930	191	237	1298	2267	0.0	1800	0	526	0	1
8	930	191	237	1296	2264	0.0	1800	0	526	0	0
8	925	191	237	1292	2272	0.0	1800	0	526	0	0
8	298	112	121	513	2867	0.0	1800	0	526	0	0
8	180	98	104	374	3555	20.0	1800	0	526	0	0
8	180	98	104	374	3555	20.0	1800	0	526	0	0
8	179	98	104	371	3558	20.0	1800	0	526	0	0
8	180	98	104	373	3555	20.0	1800	0	526	0	0
9	179	97	104	371	3568	18.0	1800	0	657	0	1
9	464	131	138	704	2440	0.0	1800	0	657	0	1
9	929	193	252	1313	2331	0.0	1800	0	657	0	1
9	931	194	253	1317	2333	0.0	1800	0	657	0	1
9	929	193	252	1314	2331	0.0	1800	0	657	0	1
9	933	194	253	1320	2331	0.0	1800	0	657	0	1
9	926	193	252	1311	2334	0.0	1800	0	657	0	1
9	932	194	253	1318	2332	0.0	1800	0	657	0	1
9	931	193	252	1317	2332	0.0	1800	0	657	0	1
9	904	191	252	1289	2362	0.0	1800	0	657	0	1
9	907	191	251	1290	2354	0.0	1800	0	657	0	1
9	904	191	252	1289	2362	0.0	1800	0	657	0	1
9	903	191	251	1287	2358	0.0	1800	0	657	0	1
9	904	191	252	1288	2362	0.0	1800	0	657	0	1
9	903	191	251	1287	2358	0.0	1800	0	657	0	1
9	904	191	251	1287	2357	0.0	1800	0	657	0	1
9	904	191	252	1289	2362	0.0	1800	0	657	0	1
9	904	191	251	1287	2357	0.0	1800	0	657	0	1
9	907	191	252	1292	2358	0.0	1800	0	657	0	1
9	914	192	251	1298	2346	0.0	1800	0	657	0	1
9	933	194	253	1319	2331	0.0	1800	0	657	0	1
9	930	193	252	1315	2330	0.0	1800	0	657	0	1
9	931	194	253	1317	2333	0.0	1800	0	657	0	1
9	932	194	253	1317	2329	0.0	1800	0	657	0	1
9	929	193	252	1315	2335	0.0	1800	0	657	0	1
9	932	194	253	1318	2332	0.0	1800	0	657	0	1
9	927	193	252	1313	2337	0.0	1800	0	657	0	1
9	930	193	252	1315	2330	0.0	1800	0	657	0	0
9	932	194	253	1318	2332	0.0	1800	0	657	0	0
9	299	111	118	511	2831	0.0	1800	0	657	0	0
9	179	98	104	372	3568	20.0	1800	0	657	0	0
9	180	98	104	372	3546	20.0	1800	0	657	0	0
9	179	98	104	371	3558	20.0	1800	0	657	0	0
9	179	98	104	371	3558	20.0	1800	0	657	0	0
10	180	98	104	373	3555	20.0	1800	0	789	0	1
10	373	120	127	596	2604	0.0	1800	0	789	0	1
10	933	196	268	1337	2395	0.0	1800	0	789	0	1
10	931	196	268	1335	2397	0.0	1800	0	789	0	1
10	934	197	268	1339	2394	0.0	1800	0	789	0	1
10	930	196	267	1334	2397	0.0	1800	0	789	0	1
10	933	196	268	1337	2395	0.0	1800	0	789	0	1
10	932	196	268	1336	2396	0.0	1800	0	789	0	1
10	931	196	268	1336	2400	0.0	1800	0	789	0	1
10	932	196	268	1336	2396	0.0	1800	0	789	0	1
10	907	194	268	1312	2431	0.0	1800	0	789	0	1
10	905	193	267	1307	2426	0.0	1800	0	789	0	1
10	906	194	268	1309	2429	0.0	1800	0	789	0	1
10	905	193	267	1307	2426	0.0	1800	0	789	0	1
10	906	194	268	1309	2429	0.0	1800	0	789	0	1
10	905	193	267	1307	2426	0.0	1800	0	789	0	1
10	906	194	268	1310	2429	0.0	1800	0	789	0	1
10	906	194	268	1309	2429	0.0	1800	0	789	0	1
10	904	193	267	1307	2430	0.0	1800	0	789	0	1
10	906	194	268	1309	2429	0.0	1800	0	789	0	1
10	904	193	267	1307	2430	0.0	1800	0	789	0	1
10	933	196	268	1338	2398	0.0	1800	0	789	0	1
10	930	196	267	1333	2394	0.0	1800	0	789	0	1
10	934	197	268	1339	2394	0.0	1800	0	789	0	1
10	928	195	267	1331	2399	0.0	1800	0	789	0	1
10	931	196	268	1336	2400	0.0	1800	0	789	0	1
10	933	196	268	1336	2395	0.0	1800	0	789	0	1
10	932	196	268	1337	2399	0.0	1800	0	789	0	0
10	930	196	267	1334	2397	0.0	1800	0	789	0	0
10	395	123	130	623	2564	0.0	1800	0	789	0	0
10	179	98	104	371	3558	20.0	1800	0	789	0	0
10	180	98	104	373	3555	20.0	1800	0	789	0	0
10	179	98	104	371	3558	20.0	1800	0	789	0	0
10	180	98	104	373	3555	20.0	1800	0	789	0	0
11	179	98	104	371	3558	20.0	1800	0	921	0	1
11	425	126	133	657	2500	0.0	1800	0	921	0	1
11	933	199	284	1357	2465	0.0	1800	0	921	0	1
11	935	199	283	1357	2456	0.0	1800	0	921	0	1
11	933	199	283	1355	2458	0.0	1800	0	921	0	1
11	933	199	283	1355	2458	0.0	1800	0	921	0	1
11	931	199	284	1355	2468	0.0	1800	0	921	0	1
11	931	198	283	1353	2463	0.0	1800	0	921	0	1
11	934	199	284	1357	2461	0.0	1800	0	921	0	1
11	917	197	284	1340	2485	0.0	1800	0	921	0	1
11	910	197	284	1332	2493	0.0	1800	0	921	0	1
11	906	196	283	1328	2497	0.0	1800	0	921	0	1
11	906	196	284	1329	2501	0.0	1800	0	921	0	1
11	906	196	283	1328	2497	0.0	1800	0	921	0	1
11	910	197	284	1332	2493	0.0	1800	0	921	0	1
11	906	196	284	1329	2501	0.0	1800	0	921	0	1
11	906	196	283	1328	2497	0.0	1800	0	921	0	1
11	906	196	283	1328	2497	0.0	1800	0	921	0	1
11	906	196	284	1329	2501	0.0	1800	0	921	0	1
11	906	196	283	1328	2497	0.0	1800	0	921	0	1
11	932	199	283	1355	2462	0.0	1800	0	921	0	1
11	933	199	283	1356	2461	0.0	1800	0	921	0	1
11	934	199	283	1357	2460	0.0	1800	0	921	0	1
11	931	198	283	1353	2463	0.0	1800	0	921	0	1
11	934	199	284	1357	2461	0.0	1800	0	921	0	1
11	933	199	283	1355	2458	0.0	1800	0	921	0	1
11	929	199	283	1352	2466	0.0	1800	0	921	0	1
11	934	199	283	1357	2460	0.0	1800	0	921	0	0
11	933	199	283	1356	2461	0.0	1800	0	921	0	0
11	340	117	130	567	2776	0.0	1800	0	921	0	0
11	180	98	104	373	3555	20.0	1800	0	921	0	0
11	179	98	104	371	3558	20.0	1800	0	921	0	0
11	180	98	104	373	3555	20.0	1800	0	921	0	0
11	179	97	104	371	3568	18.0	1800	0	921	0	0
12	180	98	104	373	3555	20.0	1800	0	1052	0	1
12	179	97	104	371	3568	18.0	1800	0	1052	0	1
12	419	125	133	651	2517	0.0	1800	0	1052	0	1
12	933	201	298	1373	2524	0.0	1800	0	1052	0	1
12	933	201	299	1374	2528	0.0	1800	0	1052	0	1
12	935	202	299	1376	2523	0.0	1800	0	1052	0	1
12	935	201	299	1376	2526	0.0	1800	0	1052	0	1
12	934	202	299	1375	2524	0.0	1800	0	1052	0	1
12	930	201	298	1371	2528	0.0	1800	0	1052	0	1
12	926	201	299	1369	2540	0.0	1800	0	1052	0	1
12	907	199	299	1348	2565	0.0	1800	0	1052	0	1
12	908	199	300	1350	2568	0.0	1800	0	1052	0	1
12	910	199	299	1351	2561	0.0	1800	0	1052	0	1
12	908	199	300	1350	2568	0.0	1800	0	1052	0	1
12	907	199	299	1347	2562	0.0	1800	0	1052	0	1
12	908	199	300	1350	2568	0.0	1800	0	1052	0	1
12	907	199	299	1348	2565	0.0	1800	0	1052	0	1
12	908	199	300	1350	2568	0.0	1800	0	1052	0	1
12	907	199	299	1348	2565	0.0	1800	0	1052	0	1
12	908	199	300	1350	2568	0.0	1800	0	1052	0	1
12	907	199	299	1348	2565	0.0	1800	0	1052	0	1
12	933	202	299	1375	2528	0.0	1800	0	1052	0	1
12	936	202	299	1377	2522	0.0	1800	0	1052	0	1
12	934	201	298	1375	2523	0.0	1800	0	1052	0	1
12	933	201	299	1374	2528	0.0	1800	0	1052	0	1
12	935	201	299	1376	2526	0.0	1800	0	1052	0	1
12	935	202	299	1376	2523	0.0	1800	0	1052	0	1
12	933	201	298	1373	2524	0.0	1800	0	1052	0	0
12	932	201	299	1374	2530	0.0	1800	0	1052	0	0
12	348	117	124	568	2676	0.0	1800	0	1052	0	0
12	180	98	104	372	3546	20.0	1800	0	1052	0	0
12	180	98	104	372	3546	20.0	1800	0	1052	0	0
12	180	98	104	372	3546	20.0	1800	0	1052	0	0
12	180	98	104	372	3546	20.0	1800	0	1052	0	0
13	180	98	104	372	3546	20.0	1800	0	1184	0	1
13	180	98	104	372	3546	20.0	1800	0	1184	0	1
13	326	114	121	542	2737	0.0	1800	0	1184	0	1
13	934	204	315	1394	2595	0.0	1800	0	1184	0	1
13	935	204	314	1395	2589	0.0	1800	0	1184	0	1
13	935	204	314	1394	2589	0.0	1800	0	1184	0	1
13	932	204	314	1391	2593	0.0	1800	0	1184	0	1
13	934	204	314	1393	2590	0.0	1800	0	1184	0	1
13	937	204	314	1397	2586	0.0	1800	0	1184	0	1
13	935	204	314	1394	2589	0.0	1800	0	1184	0	1
13	935	204	314	1394	2589	0.0	1800	0	1184	0	1
13	908	202	315	1368	2633	0.0	1800	0	1184	0	1
13	909	202	316	1370	2636	0.0	1800	0	1184	0	1
13	908	202	315	1368	2633	0.0	1800	0	1184	0	1
13	909	202	315	1370	2632	0.0	1800	0	1184	0	1
13	908	202	315	1368	2633	0.0	1800	0	1184	0	1
13	909	202	316	1370	2636	0.0	1800	0	1184	0	1
13	908	201	315	1368	2633	0.0	1800	0	1184	0	1
13	909	202	316	1371	2636	0.0	1800	0	1184	0	1
13	911	202	315	1371	2629	0.0	1800	0	1184	0	1
13	909	202	315	1370	2632	0.0	1800	0	1184	0	1
13	908	201	315	1368	2633	0.0	1800	0	1184	0	1
13	909	202	316	1370	2636	0.0	1800	0	1184	0	1
13	936	204	314	1396	2588	0.0	1800	0	1184	0	1
13	933	204	314	1392	2592	0.0	1800	0	1184	0	1
13	937	205	315	1398	2591	0.0	1800	0	1184	0	1
13	931	203	314	1390	2594	0.0	1800	0	1184	0	1
13	935	204	314	1395	2589	0.0	1800	0	1184	0	0
13	937	204	314	1396	2586	0.0	1800	0	1184	0	0
13	441	128	136	676	2479	0.0	1800	0	1184	0	0
13	179	97	104	371	3568	18.0	1800	0	1184	0	0
13	180	98	104	373	3555	20.0	1800	0	1184	0	0
13	179	98	104	371	3558	20.0	1800	0	1184	0	0
13	180	98	104	373	3555	20.0	1800	0	1184	0	0
14	179	98	104	371	3558	20.0	1800	0	1315	0	1
14	180	98	104	373	3555	20.0	1800	0	1315	0	1
14	375	120	127	599	2605	0.0	1800	0	1315	0	1
14	938	207	330	1417	2652	0.0	1800	0	1315	0	1
14	935	206	329	1413	2655	0.0	1800	0	1315	0	1
14	938	207	330	1416	2652	0.0	1800	0	1315	0	1
14	937	207	329	1415	2649	0.0	1800	0	1315	0	1
14	936	207	330	1414	2655	0.0	1800	0	1315	0	1
14	934	207	330	1415	2661	0.0	1800	0	1315	0	1
14	935	207	329	1413	2652	0.0	1800	0	1315	0	1
14	910	205	331	1390	2699	0.0	1800	0	1315	0	1
14	910	204	331	1389	2699	0.0	1800	0	1315	0	1
14	910	205	331	1389	2699	0.0	1800	0	1315	0	1
14	910	204	331	1389	2699	0.0	1800	0	1315	0	1
14	910	205	331	1389	2699	0.0	1800	0	1315	0	1
14	910	205	332	1390	2704	0.0	1800	0	1315	0	1
14	913	205	331	1392	2695	0.0	1800	0	1315	0	1
14	910	205	331	1390	2699	0.0	1800	0	1315	0	1
14	910	205	332	1390	2704	0.0	1800	0	1315	0	1
14	910	205	331	1390	2699	0.0	1800	0	1315	0	1
14	910	204	331	1389	2699	0.0	1800	0	1315	0	1
14	910	205	332	1391	2704	0.0	1800	0	1315	0	1
14	937	207	329	1414	2649	0.0	1800	0	1315	0	1
14	938	207	330	1417	2652	0.0	1800	0	1315	0	1
14	935	206	329	1412	2652	0.0	1800	0	1315	0	1
14	937	207	330	1415	2654	0.0	1800	0	1315	0	1
14	937	207	330	1415	2654	0.0	1800	0	1315	0	1
14	935	206	329	1413	2655	0.0	1800	0	1315	0	1
14	939	207	330	1418	2651	0.0	1800	0	1315	0	0
14	392	124	140	632	2674	0.0	1800	0	1315	0	0
14	180	98	104	373	3555	20.0	1800	0	1315	0	0
14	179	97	104	371	3568	18.0	1800	0	1315	0	0
14	180	98	104	373	3555	20.0	1800	0	1315	0	0
14	179	97	104	371	3568	18.0	1800	0	1315	0	0
15	180	98	104	373	3555	20.0	1800	0	1447	0	1
15	179	97	104	371	3568	18.0	1800	0	1447	0	1
15	365	119	127	589	2639	0.0	1800	0	1447	0	1
15	939	209	345	1436	2716	0.0	1800	0	1447	0	1
15	937	210	345	1435	2719	0.0	1800	0	1447	0	1
15	937	209	345	1433	2716	0.0	1800	0	1447	0	1
15	940	210	346	1438	2716	0.0	1800	0	1447	0	1
15	936	209	345	1432	2718	0.0	1800	0	1447	0	1
15	938	210	345	1435	2715	0.0	1800	0	1447	0	1
15	939	209	345	1435	2714	0.0	1800	0	1447	0	1
15	937	210	345	1435	2719	0.0	1800	0	1447	0	1
15	912	208	347	1411	2765	0.0	1800	0	1447	0	1
15	911	207	348	1410	2771	0.0	1800	0	1447	0	1
15	911	208	348	1411	2771	0.0	1800	0	1447	0	1
15	914	207	347	1412	2762	0.0	1800	0	1447	0	1
15	912	208	348	1412	2770	0.0	1800	0	1447	0	1
15	911	207	347	1410	2770	0.0	1800	0	1447	0	1
15	911	207	347	1410	2770	0.0	1800	0	1447	0	1
15	914	208	348	1414	2767	0.0	1800	0	1447	0	1
15	911	208	347	1411	2770	0.0	1800	0	1447	0	1
15	911	207	347	1410	2770	0.0	1800	0	1447	0	1
15	911	208	348	1411	2771	0.0	1800	0	1447	0	1
15	934	209	345	1431	2724	0.0	1800	0	1447	0	1
15	939	210	345	1436	2714	0.0	1800	0	1447	0	1
15	937	209	345	1433	2716	0.0	1800	0	1447	0	1
15	938	209	345	1434	2715	0.0	1800	0	1447	0	1
15	939	210	345	1436	2714	0.0	1800	0	1447	0	1
15	936	209	345	1433	2721	0.0	1800	0	1447	0	1
15	938	210	345	1435	2715	0.0	1800	0	1447	0	0
15	398	123	130	627	2555	0.0	1800	0	1447	0	0
15	179	98	104	371	3558	20.0	1800	0	1447	0	0
15	180	98	104	373	3555	20.0	1800	0	1447	0	0
15	179	97	104	371	3568	18.0	1800	0	1447	0	0
15	180	98	104	373	3555	20.0	1800	0	1447	0	0
15	179	97	104	371	3568	18.0	1800	0	1447	0	0
16	180	98	104	373	3555	20.0	1800	0	1578	0	1
16	272	108	115	479	2935	0.0	1800	0	1578	0	1
16	940	212	361	1456	2782	0.0	1800	0	1578	0	1
16	937	212	360	1451	2779	0.0	1800	0	1578	0	1
16	941	213	362	1458	2782	0.0	1800	0	1578	0	1
16	938	212	360	1453	2781	0.0	1800	0	1578	0	1
16	938	212	361	1454	2785	0.0	1800	0	1578	0	1
16	940	212	360	1455	2777	0.0	1800	0	1578	0	1
16	936	212	361	1452	2788	0.0	1800	0	1578	0	1
16	937	212	360	1452	2782	0.0	1800	0	1578	0	1
16	941	213	361	1457	2777	0.0	1800	0	1578	0	1
16	937	212	360	1452	2782	0.0	1800	0	1578	0	1
16	912	210	363	1429	2834	0.0	1800	0	1578	0	1
16	913	210	364	1432	2840	0.0	1800	0	1578	0	1
16	912	210	363	1430	2837	0.0	1800	0	1578	0	1
16	913	210	363	1431	2835	0.0	1800	0	1578	0	1
16	912	210	364	1430	2839	0.0	1800	0	1578	0	1
16	913	210	364	1431	2837	0.0	1800	0	1578	0	1
16	912	210	363	1429	2834	0.0	1800	0	1578	0	1
16	912	210	364	1432	2841	0.0	1800	0	1578	0	1
16	912	210	362	1429	2833	0.0	1800	0	1578	0	1
16	912	210	363	1430	2837	0.0	1800	0	1578	0	1
16	914	210	363	1432	2834	0.0	1800	0	1578	0	1
16	939	212	360	1454	2779	0.0	1800	0	1578	0	1
16	939	212	360	1454	2779	0.0	1800	0	1578	0	1
16	937	212	360	1452	2782	0.0	1800	0	1578	0	1
16	938	212	360	1454	2781	0.0	1800	0	1578	0	1
16	939	212	360	1454	2779	0.0	1800	0	1578	0	0
16	934	212	361	1449	2788	0.0	1800	0	1578	0	0
16	493	134	141	737	2395	0.0	1800	0	1578	0	0
16	179	98	104	371	3558	20.0	1800	0	1578	0	0
16	180	98	104	372	3546	20.0	1800	0	1578	0	0
16	179	98	104	371	3558	20.0	1800	0	1578	0	0
16	180	98	104	372	3546	20.0	1800	0	1578	0	0
17	179	97	104	371	3568	18.0	1800	0	1710	0	1
17	322	114	121	538	2754	0.0	1800	0	1710	0	1
17	939	214	375	1472	2842	0.0	1800	0	1710	0	1
17	942	215	376	1477	2841	0.0	1800	0	1710	0	1
17	938	214	375	1471	2843	0.0	1800	0	1710	0	1
17	940	215	376	1474	2844	0.0	1800	0	1710	0	1
17	941	215	376	1474	2840	0.0	1800	0	1710	0	1
17	939	215	376	1474	2846	0.0	1800	0	1710	0	1
17	939	214	376	1472	2846	0.0	1800	0	1710	0	1
17	942	215	377	1477	2845	0.0	1800	0	1710	0	1
17	938	214	376	1472	2848	0.0	1800	0	1710	0	1
17	914	213	380	1452	2907	0.0	1800	0	1710	0	1
17	912	212	379	1449	2906	0.0	1800	0	1710	0	1
17	913	213	380	1452	2908	0.0	1800	0	1710	0	1
17	912	213	379	1449	2906	0.0	1800	0	1710	0	1
17	912	213	380	1450	2910	0.0	1800	0	1710	0	1
17	913	213	380	1451	2908	0.0	1800	0	1710	0	1
17	915	213	378	1451	2896	0.0	1800	0	1710	0	1
17	913	213	380	1452	2908	0.0	1800	0	1710	0	1
17	912	213	379	1449	2906	0.0	1800	0	1710	0	1
17	913	213	380	1451	2908	0.0	1800	0	1710	0	1
17	912	213	380	1450	2910	0.0	1800	0	1710	0	1
17	940	215	376	1474	2844	0.0	1800	0	1710	0	1
17	939	215	376	1473	2846	0.0	1800	0	1710	0	1
17	938	215	376	1472	2848	0.0	1800	0	1710	0	1
17	937	214	375	1470	2845	0.0	1800	0	1710	0	1
17	939	215	376	1473	2846	0.0	1800	0	1710	0	1
17	938	215	376	1471	2845	0.0	1800	0	1710	0	0
17	940	215	376	1475	2844	0.0	1800	0	1710	0	0
17	441	130	150	694	2610	0.0	1800	0	1710	0	0
17	179	98	104	371	3558	20.0	1800	0	1710	0	0
17	179	98	104	371	3558	20.0	1800	0	1710	0	0
17	179	98	104	371	3558	20.0	1800	0	1710	0	0
17	179	98	104	371	3558	20.0	1800	0	1710	0	0
18	179	98	104	372	3568	20.0	1800	0	1842	0	1
18	314	113	120	529	2777	0.0	1800	0	1842	0	1
18	942	218	392	1495	2908	0.0	1800	0	1842	0	1
18	937	217	392	1490	2916	0.0	1800	0	1842	0	1
18	939	218	392	1492	2913	0.0	1800	0	1842	0	1
18	941	217	391	1493	2905	0.0	1800	0	1842	0	1
18	941	218	392	1494	2909	0.0	1800	0	1842	0	1
18	938	217	391	1490	2910	0.0	1800	0	1842	0	1
18	941	218	392	1495	2909	0.0	1800	0	1842	0	1
18	940	217	391	1493	2909	0.0	1800	0	1842	0	1
18	940	218	392	1493	2911	0.0	1800	0	1842	0	1
18	913	215	395	1469	2973	0.0	1800	0	1842	0	1
18	915	216	396	1472	2974	0.0	1800	0	1842	0	1
18	913	215	396	1470	2977	0.0	1800	0	1842	0	1
18	915	216	396	1472	2974	0.0	1800	0	1842	0	1
18	913	215	395	1470	2975	0.0	1800	0	1842	0	1
18	915	216	396	1472	2974	0.0	1800	0	1842	0	1
18	914	216	396	1472	2975	0.0	1800	0	1842	0	1
18	913	215	396	1471	2980	0.0	1800	0	1842	0	1
18	918	216	395	1475	2964	0.0	1800	0	1842	0	1
18	914	216	395	1470	2971	0.0	1800	0	1842	0	1
18	915	216	397	1473	2978	0.0	1800	0	1842	0	1
18	941	218	392	1494	2909	0.0	1800	0	1842	0	1
18	939	218	392	1492	2913	0.0	1800	0	1842	0	1
18	939	217	391	1491	2909	0.0	1800	0	1842	0	1
18	942	218	392	1496	2908	0.0	1800	0	1842	0	1
18	941	217	392	1493	2909	0.0	1800	0	1842	0	1
18	937	217	391	1489	2912	0.0	1800	0	1842	0	0
18	942	218	392	1494	2905	0.0	1800	0	1842	0	0
18	451	129	137	688	2463	0.0	1800	0	1842	0	0
18	180	98	104	372	3546	20.0	1800	0	1842	0	0
18	180	98	104	373	3555	20.0	1800	0	1842	0	0
18	180	98	104	372	3546	20.0	1800	0	1842	0	0
18	180	98	104	372	3546	20.0	1800	0	1842	0	0
19	180	98	104	373	3555	20.0	1800	0	1973	0	1
19	222	103	109	422	3207	10.0	1800	0	1973	0	1
19	944	220	407	1516	2969	0.0	1800	0	1973	0	1
19	943	221	407	1515	2969	0.0	1800	0	1973	0	1
19	941	220	407	1512	2972	0.0	1800	0	1973	0	1
19	944	221	408	1517	2971	0.0	1800	0	1973	0	1
19	942	220	407	1513	2970	0.0	1800	0	1973	0	1
19	942	220	407	1514	2973	0.0	1800	0	1973	0	1
19	943	220	407	1514	2969	0.0	1800	0	1973	0	1
19	943	221	408	1515	2973	0.0	1800	0	1973	0	1
19	938	220	407	1509	2977	0.0	1800	0	1973	0	1
19	944	221	408	1517	2971	0.0	1800	0	1973	0	1
19	942	220	407	1513	2970	0.0	1800	0	1973	0	1
19	917	219	413	1495	3043	0.0	1800	0	1973	0	1
19	919	218	411	1494	3031	0.0	1800	0	1973	0	1
19	917	219	412	1494	3039	0.0	1800	0	1973	0	1
19	916	218	412	1492	3041	0.0	1800	0	1973	0	1
19	917	219	412	1494	3039	0.0	1800	0	1973	0	1
19	919	219	412	1496	3035	0.0	1800	0	1973	0	1
19	916	218	411	1491	3036	0.0	1800	0	1973	0	1
19	917	219	412	1494	3039	0.0	1800	0	1973	0	1
19	916	218	412	1492	3041	0.0	1800	0	1973	0	1
19	917	219	412	1494	3039	0.0	1800	0	1973	0	1
19	928	219	409	1502	3006	0.0	1800	0	1973	0	1
19	942	220	407	1514	2973	0.0	1800	0	1973	0	1
19	944	220	407	1515	2967	0.0	1800	0	1973	0	1
19	943	221	407	1515	2969	0.0	1800	0	1973	0	1
19	942	220	407	1513	2970	0.0	1800	0	1973	0	0
19	944	221	408	1517	2971	0.0	1800	0	1973	0	0
19	542	139	147	794	2334	0.0	1800	0	1973	0	0
19	180	98	104	373	3555	20.0	1800	0	1973	0	0
19	180	98	104	372	3546	20.0	1800	0	1973	0	0
19	180	98	104	372	3546	20.0	1800	0	1973	0	0
19	180	98	104	372	3546	20.0	1800	0	1973	0	0
20	180	98	104	372	3546	20.0	1800	0	2105	0	1
20	180	98	104	373	3555	20.0	1800	0	2105	0	1
20	272	108	115	480	2943	0.0	1800	0	2105	0	1
20	939	223	423	1530	3045	0.0	1800	0	2105	0	1
20	946	223	423	1537	3032	0.0	1800	0	2105	0	1
20	943	223	423	1533	3035	0.0	1800	0	2105	0	1
20	943	223	423	1534	3038	0.0	1800	0	2105	0	1
20	942	223	423	1532	3037	0.0	1800	0	2105	0	1
20	943	223	423	1534	3038	0.0	1800	0	2105	0	1
20	943	223	423	1533	3035	0.0	1800	0	2105	0	1
20	946	224	423	1537	3030	0.0	1800	0	2105	0	1
20	942	223	422	1531	3033	0.0	1800	0	2105	0	1
20	918	222	428	1515	3108	0.0	1800	0	2105	0	1
20	917	221	428	1512	3107	0.0	1800	0	2105	0	1
20	918	222	429	1515	3109	0.0	1800	0	2105	0	1
20	916	221	428	1512	3111	0.0	1800	0	2105	0	1
20	918	222	429	1515	3109	0.0	1800	0	2105	0	1
20	917	221	428	1513	3109	0.0	1800	0	2105	0	1
20	918	222	428	1515	3108	0.0	1800	0	2105	0	1
20	917	221	428	1513	3109	0.0	1800	0	2105	0	1
20	921	222	428	1518	3102	0.0	1800	0	2105	0	1
20	917	222	429	1512	3109	0.0	1800	0	2105	0	1
20	922	221	427	1516	3093	0.0	1800	0	2105	0	1
20	945	224	424	1537	3036	0.0	1800	0	2105	0	1
20	942	223	423	1532	3037	0.0	1800	0	2105	0	1
20	946	223	423	1537	3032	0.0	1800	0	2105	0	1
20	943	223	423	1533	3035	0.0	1800	0	2105	0	1
20	940	223	424	1532	3047	0.0	1800	0	2105	0	0
20	945	223	423	1535	3032	0.0	1800	0	2105	0	0
20	493	137	160	759	2546	0.0	1800	0	2105	0	0
20	180	98	104	372	3546	20.0	1800	0	2105	0	0
20	180	98	104	372	3546	20.0	1800	0	2105	0	0
20	180	98	104	372	3546	20.0	1800	0	2105	0	0
20	180	98	104	372	3546	20.0	1800	0	2105	0	0
21	180	98	104	372	3546	20.0	1800	0	2236	0	1
21	180	98	104	372	3546	20.0	1800	0	2236	0	1
21	267	108	114	474	2958	0.0	1800	0	2236	0	1
21	945	226	438	1554	3096	0.0	1800	0	2236	0	1
21	945	226	439	1554	3098	0.0	1800	0	2236	0	1
21	946	226	439	1556	3099	0.0	1800	0	2236	0	1
21	944	226	438	1553	3098	0.0	1800	0	2236	0	1
21	947	226	439	1556	3094	0.0	1800	0	2236	0	1
21	943	225	438	1551	3100	0.0	1800	0	2236	0	1
21	946	226	439	1556	3099	0.0	1800	0	2236	0	1
21	944	225	438	1553	3098	0.0	1800	0	2236	0	1
21	945	226	439	1555	3100	0.0	1800	0	2236	0	1
21	918	224	444	1533	3176	0.0	1800	0	2236	0	1
21	922	225	446	1540	3176	0.0	1800	0	2236	0	1
21	918	224	444	1533	3176	0.0	1800	0	2236	0	1
21	919	225	445	1536	3178	0.0	1800	0	2236	0	1
21	918	224	445	1534	3180	0.0	1800	0	2236	0	1
21	919	224	445	1535	3178	0.0	1800	0	2236	0	1
21	918	224	445	1534	3180	0.0	1800	0	2236	0	1
21	919	225	445	1536	3178	0.0	1800	0	2236	0	1
21	918	224	444	1533	3176	0.0	1800	0	2236	0	1
21	919	225	445	1536	3178	0.0	1800	0	2236	0	1
21	921	224	443	1535	3166	0.0	1800	0	2236	0	1
21	919	225	445	1535	3176	0.0	1800	0	2236	0	1
21	947	226	439	1557	3097	0.0	1800	0	2236	0	1
21	940	225	439	1549	3110	0.0	1800	0	2236	0	1
21	946	226	439	1556	3099	0.0	1800	0	2236	0	1
21	945	226	439	1554	3098	0.0	1800	0	2236	0	0
21	944	226	439	1553	3100	0.0	1800	0	2236	0	0
21	494	134	142	738	2395	0.0	1800	0	2236	0	0
21	180	98	104	373	3555	20.0	1800	0	2236	0	0
21	180	98	104	372	3546	20.0	1800	0	2236	0	0
21	180	98	104	373	3555	20.0	1800	0	2236	0	0
21	180	98	104	373	3555	20.0	1800	0	2236	0	0
22	180	98	104	372	3546	20.0	1800	0	2368	0	1
22	180	98	104	372	3546	20.0	1800	0	2368	0	1
22	180	98	104	372	3546	20.0	1800	0	2368	0	1
22	949	229	455	1578	3159	0.0	1800	0	2368	0	1
22	942	228	455	1571	3173	0.0	1800	0	2368	0	1
22	947	229	455	1575	3161	0.0	1800	0	2368	0	1
22	947	228	454	1575	3159	0.0	1800	0	2368	0	1
22	945	229	455	1574	3167	0.0	1800	0	2368	0	1
22	947	229	455	1576	3163	0.0	1800	0	2368	0	1
22	945	228	454	1573	3163	0.0	1800	0	2368	0	1
22	948	229	455	1578	3161	0.0	1800	0	2368	0	1
22	944	228	454	1572	3165	0.0	1800	0	2368	0	1
22	944	229	456	1574	3173	0.0	1800	0	2368	0	1
22	930	227	458	1563	3211	0.0	1800	0	2368	0	1
22	920	228	462	1557	3249	0.0	1800	0	2368	0	1
22	919	227	460	1554	3242	0.0	1800	0	2368	0	1
22	920	227	461	1556	3244	0.0	1800	0	2368	0	1
22	919	227	461	1555	3246	0.0	1800	0	2368	0	1
22	920	227	461	1557	3247	0.0	1800	0	2368	0	1
22	919	227	461	1555	3246	0.0	1800	0	2368	0	1
22	923	228	460	1559	3234	0.0	1800	0	2368	0	1
22	919	227	461	1554	3246	0.0	1800	0	2368	0	1
22	920	227	462	1557	3249	0.0	1800	0	2368	0	1
22	919	227	460	1554	3242	0.0	1800	0	2368	0	1
22	920	227	462	1557	3249	0.0	1800	0	2368	0	1
22	946	228	454	1574	3161	0.0	1800	0	2368	0	1
22	945	228	454	1572	3163	0.0	1800	0	2368	0	1
22	948	229	455	1577	3161	0.0	1800	0	2368	0	1
22	946	228	454	1574	3161	0.0	1800	0	2368	0	0
22	584	144	153	843	2294	0.0	1800	0	2368	0	0
22	180	98	104	372	3546	20.0	1800	0	2368	0	0
22	180	98	104	373	3555	20.0	1800	0	2368	0	0
22	180	98	104	372	3546	20.0	1800	0	2368	0	0
22	180	98	104	373	3555	20.0	1800	0	2368	0	0
23	180	98	104	373	3555	20.0	1800	0	2500	0	1
23	180	98	104	372	3546	20.0	1800	0	2500	0	1
23	232	104	110	433	3144	8.0	1800	0	2500	0	1
23	948	231	470	1595	3223	0.0	1800	0	2500	0	1
23	949	232	471	1597	3225	0.0	1800	0	2500	0	1
23	946	231	470	1593	3227	0.0	1800	0	2500	0	1
23	946	231	472	1595	3235	0.0	1800	0	2500	0	1
23	947	231	470	1593	3225	0.0	1800	0	2500	0	1
23	948	231	471	1595	3227	0.0	1800	0	2500	0	1
23	948	231	470	1595	3223	0.0	1800	0	2500	0	1
23	943	231	470	1592	3235	0.0	1800	0	2500	0	1
23	948	232	471	1596	3227	0.0	1800	0	2500	0	1
23	936	231	474	1587	3264	0.0	1800	0	2500	0	1
23	925	230	477	1579	3302	0.0	1800	0	2500	0	1
23	920	230	477	1576	3315	0.0	1800	0	2500	0	1
23	922	230	478	1578	3313	0.0	1800	0	2500	0	1
23	920	230	477	1575	3313	0.0	1800	0	2500	0	1
23	922	230	478	1578	3313	0.0	1800	0	2500	0	1
23	920	230	477	1575	3313	0.0	1800	0	2500	0	1
23	922	230	478	1578	3313	0.0	1800	0	2500	0	1
23	920	230	478	1576	3317	0.0	1800	0	2500	0	1
23	922	230	477	1577	3308	0.0	1800	0	2500	0	1
23	921	230	476	1574	3306	0.0	1800	0	2500	0	1
23	922	230	478	1578	3313	0.0	1800	0	2500	0	1
23	948	231	470	1595	3223	0.0	1800	0	2500	0	1
23	947	231	470	1594	3225	0.0	1800	0	2500	0	1
23	948	231	470	1596	3225	0.0	1800	0	2500	0	1
23	947	231	470	1595	3227	0.0	1800	0	2500	0	1
