Stim	R	G	B	C	Temp	HueLux	Yellow	Red	Blue	Blue2	Trig
1	380	361	275	1049	4148	245.0	0	0	0	0	1
1	380	361	275	1050	4148	245.0	0	0	0	0	1
1	379	361	275	1048	4155	245.0	0	0	0	0	1
1	380	361	275	1049	4148	245.0	0	0	0	0	1
1	380	361	275	1048	4148	245.0	0	0	0	0	1
1	380	361	275	1049	4148	245.0	0	0	0	0	1
1	380	361	275	1048	4148	245.0	0	0	0	0	1
1	380	361	275	1049	4148	245.0	0	0	0	0	1
1	380	361	275	1049	4148	245.0	0	0	0	0	1
1	380	361	275	1050	4148	245.0	0	0	0	0	1
1	380	361	275	1049	4148	245.0	0	0	0	0	1
1	381	362	275	1051	4141	246.0	0	0	0	0	1
1	380	361	275	1049	4148	245.0	0	0	0	0	1
1	381	362	276	1051	4151	245.0	0	0	0	0	1
1	380	361	275	1049	4148	245.0	0	0	0	0	1
1	381	362	276	1052	4151	245.0	0	0	0	0	1
1	380	361	275	1049	4148	245.0	0	0	0	0	1
1	381	362	276	1052	4151	245.0	0	0	0	0	1
1	380	361	275	1049	4148	245.0	0	0	0	0	1
1	381	362	276	1052	4151	245.0	0	0	0	0	1
1	380	361	275	1048	4148	245.0	0	0	0	0	1
1	381	362	276	1052	4151	245.0	0	0	0	0	1
1	380	361	275	1048	4148	245.0	0	0	0	0	1
1	381	362	276	1052	4151	245.0	0	0	0	0	1
1	380	361	275	1048	4148	245.0	0	0	0	0	1
1	381	362	276	1053	4151	245.0	0	0	0	0	1
1	381	363	276	1053	4151	247.0	0	0	0	0	1
1	379	360	275	1047	4155	243.0	0	0	0	0	0
1	381	362	276	1053	4151	245.0	0	0	0	0	0
1	379	360	274	1047	4145	244.0	0	0	0	0	0
1	381	363	276	1053	4151	247.0	0	0	0	0	0
1	380	361	275	1048	4148	245.0	0	0	0	0	0
1	382	363	276	1055	4143	246.0	0	0	0	0	0
1	380	361	275	1048	4148	245.0	0	0	0	0	0
2	382	363	277	1055	4153	246.0	0	0	0	0	1
2	380	361	275	1048	4148	245.0	0	0	0	0	1
2	382	363	277	1055	4153	246.0	0	0	0	0	1
2	380	361	275	1049	4148	245.0	0	0	0	0	1
2	382	364	277	1056	4153	247.0	0	0	0	0	1
2	380	361	275	1048	4148	245.0	0	0	0	0	1
2	382	363	277	1055	4153	246.0	0	0	0	0	1
2	379	361	275	1048	4155	245.0	0	0	0	0	1
2	382	363	276	1055	4143	246.0	0	0	0	0	1
2	379	361	275	1047	4155	245.0	0	0	0	0	1
2	379	361	275	1047	4155	245.0	0	0	0	0	1
2	382	363	277	1055	4153	246.0	0	0	0	0	1
2	379	361	275	1047	4155	245.0	0	0	0	0	1
2	382	363	276	1055	4143	246.0	0	0	0	0	1
2	379	361	275	1048	4155	245.0	0	0	0	0	1
2	382	363	277	1055	4153	246.0	0	0	0	0	1
2	380	361	275	1048	4148	245.0	0	0	0	0	1
2	382	363	277	1055	4153	246.0	0	0	0	0	1
2	380	361	275	1048	4148	245.0	0	0	0	0	1
2	382	363	277	1055	4153	246.0	0	0	0	0	1
2	380	361	275	1048	4148	245.0	0	0	0	0	1
2	382	363	276	1054	4143	246.0	0	0	0	0	1
2	379	361	275	1047	4155	245.0	0	0	0	0	1
2	381	363	276	1053	4151	247.0	0	0	0	0	1
2	379	361	275	1048	4155	245.0	0	0	0	0	1
2	382	363	277	1055	4153	246.0	0	0	0	0	1
2	380	361	275	1048	4148	245.0	0	0	0	0	1
2	382	363	277	1055	4153	246.0	0	0	0	0	0
2	382	363	276	1054	4143	246.0	0	0	0	0	0
2	380	361	275	1049	4148	245.0	0	0	0	0	0
2	382	363	276	1054	4143	246.0	0	0	0	0	0
2	380	362	275	1050	4148	246.0	0	0	0	0	0
2	382	363	276	1054	4143	246.0	0	0	0	0	0
2	380	362	275	1050	4148	246.0	0	0	0	0	0
3	382	363	276	1054	4143	246.0	0	0	0	0	1
3	380	362	275	1050	4148	246.0	0	0	0	0	1
3	382	363	276	1053	4143	246.0	0	0	0	0	1
3	380	362	275	1050	4148	246.0	0	0	0	0	1
3	382	363	276	1053	4143	246.0	0	0	0	0	1
3	381	362	275	1051	4141	246.0	0	0	0	0	1
3	381	363	276	1053	4151	247.0	0	0	0	0	1
3	381	362	276	1051	4151	245.0	0	0	0	0	1
3	381	363	276	1053	4151	247.0	0	0	0	0	1
3	381	362	276	1052	4151	245.0	0	0	0	0	1
3	381	363	276	1053	4151	247.0	0	0	0	0	1
3	381	362	276	1052	4151	245.0	0	0	0	0	1
3	381	362	276	1052	4151	245.0	0	0	0	0	1
3	381	362	276	1052	4151	245.0	0	0	0	0	1
3	381	362	276	1052	4151	245.0	0	0	0	0	1
3	381	362	276	1051	4151	245.0	0	0	0	0	1
3	381	362	276	1052	4151	245.0	0	0	0	0	1
3	381	362	276	1051	4151	245.0	0	0	0	0	1
3	381	363	276	1053	4151	247.0	0	0	0	0	1
3	381	362	276	1051	4151	245.0	0	0	0	0	1
3	382	363	276	1053	4143	246.0	0	0	0	0	1
3	381	362	275	1051	4141	246.0	0	0	0	0	1
3	382	363	276	1054	4143	246.0	0	0	0	0	1
3	380	362	275	1050	4148	246.0	0	0	0	0	1
3	382	363	276	1054	4143	246.0	0	0	0	0	1
3	380	362	275	1050	4148	246.0	0	0	0	0	1
3	382	363	276	1054	4143	246.0	0	0	0	0	1
3	380	361	275	1050	4148	245.0	0	0	0	0	0
3	382	363	276	1054	4143	246.0	0	0	0	0	0
3	380	361	275	1049	4148	245.0	0	0	0	0	0
3	380	361	275	1054	4148	245.0	0	0	0	0	0
3	382	363	276	1054	4143	246.0	0	0	0	0	0
3	380	361	275	1048	4148	245.0	0	0	0	0	0
3	382	363	276	1054	4143	246.0	0	0	0	0	0
4	380	361	275	1048	4148	245.0	0	0	0	0	1
4	382	363	276	1054	4143	246.0	0	0	0	0	1
4	380	361	275	1048	4148	245.0	0	0	0	0	1
4	382	363	277	1055	4153	246.0	0	0	0	0	1
4	380	361	275	1048	4148	245.0	0	0	0	0	1
4	382	363	277	1055	4153	246.0	0	0	0	0	1
4	380	361	275	1049	4148	245.0	0	0	0	0	1
4	382	363	277	1055	4153	246.0	0	0	0	0	1
4	380	361	275	1048	4148	245.0	0	0	0	0	1
4	382	363	277	1055	4153	246.0	0	0	0	0	1
4	380	361	275	1048	4148	245.0	0	0	0	0	1
4	382	363	277	1055	4153	246.0	0	0	0	0	1
4	379	361	275	1048	4155	245.0	0	0	0	0	1
4	382	363	277	1055	4153	246.0	0	0	0	0	1
4	379	361	275	1047	4155	245.0	0	0	0	0	1
4	379	361	275	1047	4155	245.0	0	0	0	0	1
4	382	363	276	1054	4143	246.0	0	0	0	0	1
4	379	361	275	1047	4155	245.0	0	0	0	0	1
4	382	363	276	1054	4143	246.0	0	0	0	0	1
4	380	361	275	1048	4148	245.0	0	0	0	0	1
4	382	363	277	1055	4153	246.0	0	0	0	0	1
4	380	361	275	1048	4148	245.0	0	0	0	0	1
4	382	363	277	1055	4153	246.0	0	0	0	0	1
4	380	361	275	1048	4148	245.0	0	0	0	0	1
4	382	363	277	1055	4153	246.0	0	0	0	0	1
4	380	361	275	1048	4148	245.0	0	0	0	0	1
4	382	363	276	1055	4143	246.0	0	0	0	0	1
4	380	361	275	1048	4148	245.0	0	0	0	0	0
4	382	363	276	1055	4143	246.0	0	0	0	0	0
4	380	361	275	1048	4148	245.0	0	0	0	0	0
4	382	363	276	1054	4143	246.0	0	0	0	0	0
4	380	361	275	1048	4148	245.0	0	0	0	0	0
4	382	363	276	1054	4143	246.0	0	0	0	0	0
4	382	363	276	1054	4143	246.0	0	0	0	0	0
5	380	361	275	1049	4148	245.0	0	0	131	0	1
5	382	363	276	1054	4143	246.0	0	0	131	0	1
5	383	367	297	1081	4345	237.0	0	0	131	0	1
5	385	369	298	1086	4340	239.0	0	0	131	0	1
5	383	368	297	1081	4345	239.0	0	0	131	0	1
5	385	369	298	1085	4340	239.0	0	0	131	0	1
5	383	368	298	1082	4355	238.0	0	0	131	0	1
5	385	369	299	1086	4349	238.0	0	0	131	0	1
5	383	368	298	1083	4355	238.0	0	0	131	0	1
5	385	369	299	1086	4349	238.0	0	0	131	0	1
5	383	368	298	1083	4355	238.0	0	0	131	0	1
5	385	369	299	1086	4349	238.0	0	0	131	0	1
5	384	368	298	1083	4347	238.0	0	0	131	0	1
5	385	369	299	1086	4349	238.0	0	0	131	0	1
5	384	368	298	1083	4347	238.0	0	0	131	0	1
5	385	369	299	1086	4349	238.0	0	0	131	0	1
5	384	368	298	1084	4347	238.0	0	0	131	0	1
5	384	368	297	1083	4337	238.0	0	0	131	0	1
5	384	368	298	1084	4347	238.0	0	0	131	0	1
5	384	368	297	1083	4337	238.0	0	0	131	0	1
5	384	368	297	1083	4337	238.0	0	0	131	0	1
5	384	368	297	1083	4337	238.0	0	0	131	0	1
5	384	368	297	1083	4337	238.0	0	0	131	0	1
5	384	368	297	1083	4337	238.0	0	0	131	0	1
5	384	368	297	1082	4337	238.0	0	0	131	0	1
5	384	368	297	1084	4337	238.0	0	0	131	0	1
5	384	368	297	1082	4337	238.0	0	0	131	0	1
5	384	369	298	1084	4347	239.0	0	0	131	0	0
5	384	368	297	1082	4337	238.0	0	0	131	0	0
5	384	368	297	1083	4337	238.0	0	0	131	0	0
5	381	362	275	1051	4141	246.0	0	0	131	0	0
5	382	363	276	1054	4143	246.0	0	0	131	0	0
5	381	362	275	1050	4141	246.0	0	0	131	0	0
5	382	363	276	1054	4143	246.0	0	0	131	0	0
6	381	362	275	1050	4141	246.0	0	0	263	0	1
6	380	361	275	1050	4148	245.0	0	0	263	0	1
6	401	403	422	1265	5400	197.0	0	0	263	0	1
6	400	401	421	1260	5401	194.0	0	0	263	0	1
6	402	403	423	1265	5400	195.0	0	0	263	0	1
6	400	401	421	1260	5401	194.0	0	0	263	0	1
6	402	404	427	1271	5437	194.0	0	0	263	0	1
6	400	403	427	1268	5458	193.0	0	0	263	0	1
6	402	404	428	1273	5447	193.0	0	0	263	0	1
6	400	402	426	1267	5448	192.0	0	0	263	0	1
6	402	405	429	1274	5456	194.0	0	0	263	0	1
6	400	402	426	1267	5448	192.0	0	0	263	0	1
6	402	405	428	1273	5447	195.0	0	0	263	0	1
6	400	403	427	1268	5458	193.0	0	0	263	0	1
6	402	405	428	1273	5447	195.0	0	0	263	0	1
6	400	402	426	1267	5448	192.0	0	0	263	0	1
6	402	405	428	1273	5447	195.0	0	0	263	0	1
6	400	402	426	1267	5448	192.0	0	0	263	0	1
6	402	403	423	1266	5400	195.0	0	0	263	0	1
6	402	403	423	1259	5400	195.0	0	0	263	0	1
6	399	401	421	1259	5411	195.0	0	0	263	0	1
6	402	403	423	1266	5400	195.0	0	0	263	0	1
6	399	401	421	1259	5411	195.0	0	0	263	0	1
6	402	403	423	1267	5400	195.0	0	0	263	0	1
6	399	401	421	1259	5411	195.0	0	0	263	0	1
6	402	403	423	1266	5400	195.0	0	0	263	0	1
6	399	401	421	1259	5411	195.0	0	0	263	0	1
6	402	403	423	1266	5400	195.0	0	0	263	0	0
6	399	401	421	1259	5411	195.0	0	0	263	0	0
6	401	402	417	1258	5353	199.0	0	0	263	0	0
6	380	361	275	1048	4148	245.0	0	0	263	0	0
6	382	363	276	1055	4143	246.0	0	0	263	0	0
6	380	361	275	1048	4148	245.0	0	0	263	0	0
6	382	363	276	1055	4143	246.0	0	0	263	0	0
7	380	361	275	1048	4148	245.0	0	0	394	0	1
7	382	363	276	1054	4143	246.0	0	0	394	0	1
7	380	361	275	1048	4148	245.0	0	0	394	0	1
7	420	441	560	1465	6471	149.0	0	0	394	0	1
7	420	441	561	1466	6480	149.0	0	0	394	0	1
7	418	438	560	1459	6495	145.0	0	0	394	0	1
7	420	441	563	1467	6498	147.0	0	0	394	0	1
7	418	438	560	1459	6495	145.0	0	0	394	0	1
7	422	443	572	1481	6555	143.0	0	0	394	0	1
7	420	442	571	1476	6570	143.0	0	0	394	0	1
7	421	443	570	1478	6549	145.0	0	0	394	0	1
7	420	442	571	1476	6570	143.0	0	0	394	0	1
7	422	444	573	1482	6564	144.0	0	0	394	0	1
7	420	441	570	1474	6561	142.0	0	0	394	0	1
7	421	443	572	1480	6567	143.0	0	0	394	0	1
7	420	442	571	1477	6570	143.0	0	0	394	0	1
7	422	443	572	1480	6555	143.0	0	0	394	0	1
7	420	442	571	1477	6570	143.0	0	0	394	0	1
7	421	443	572	1480	6567	143.0	0	0	394	0	1
7	420	442	568	1473	6543	145.0	0	0	394	0	1
7	420	441	561	1466	6480	149.0	0	0	394	0	1
7	419	439	560	1462	6483	147.0	0	0	394	0	1
7	419	439	560	1462	6483	147.0	0	0	394	0	1
7	420	440	561	1465	6480	147.0	0	0	394	0	1
7	419	439	560	1462	6483	147.0	0	0	394	0	1
7	420	440	561	1465	6480	147.0	0	0	394	0	1
7	419	439	561	1462	6492	146.0	0	0	394	0	1
7	420	440	561	1464	6480	147.0	0	0	394	0	1
7	419	439	561	1463	6492	146.0	0	0	394	0	0
7	420	440	561	1464	6480	147.0	0	0	394	0	0
7	381	362	275	1051	4141	246.0	0	0	394	0	0
7	381	362	276	1052	4151	245.0	0	0	394	0	0
7	381	362	276	1051	4151	245.0	0	0	394	0	0
7	381	362	276	1051	4151	245.0	0	0	394	0	0
8	381	362	276	1051	4151	245.0	0	0	526	0	1
8	381	362	276	1051	4151	245.0	0	0	526	0	1
8	381	362	276	1052	4151	245.0	0	0	526	0	1
8	440	480	711	1680	7547	94.0	0	0	526	0	1
8	441	481	714	1684	7559	93.0	0	0	526	0	1
8	440	480	711	1680	7547	94.0	0	0	526	0	1
8	440	480	711	1680	7547	94.0	0	0	526	0	1
8	443	485	727	1704	7643	89.0	0	0	526	0	1
8	442	484	727	1702	7657	88.0	0	0	526	0	1
8	443	486	729	1708	7660	89.0	0	0	526	0	1
8	442	484	727	1702	7657	88.0	0	0	526	0	1
8	443	485	728	1705	7652	88.0	0	0	526	0	1
8	442	485	729	1704	7674	88.0	0	0	526	0	1
8	443	485	728	1705	7652	88.0	0	0	526	0	1
8	441	484	728	1703	7680	87.0	0	0	526	0	1
8	443	486	730	1708	7669	88.0	0	0	526	0	1
8	441	483	725	1698	7654	88.0	0	0	526	0	1
8	443	486	730	1709	7669	88.0	0	0	526	0	1
8	441	484	728	1703	7680	87.0	0	0	526	0	1
8	441	482	712	1684	7542	96.0	0	0	526	0	1
8	439	480	711	1679	7561	94.0	0	0	526	0	1
8	441	482	712	1684	7542	96.0	0	0	526	0	1
8	439	480	711	1679	7561	94.0	0	0	526	0	1
8	441	482	712	1684	7542	96.0	0	0	526	0	1
8	441	482	713	1685	7550	95.0	0	0	526	0	1
8	439	480	711	1678	7561	94.0	0	0	526	0	1
8	441	482	712	1685	7542	96.0	0	0	526	0	1
8	439	480	711	1678	7561	94.0	0	0	526	0	1
8	441	482	712	1685	7542	96.0	0	0	526	0	0
8	439	480	711	1678	7561	94.0	0	0	526	0	0
8	383	364	277	1056	4146	247.0	0	0	526	0	0
8	380	361	275	1049	4148	245.0	0	0	526	0	0
8	382	364	277	1056	4153	247.0	0	0	526	0	0
8	380	361	275	1048	4148	245.0	0	0	526	0	0
8	382	363	277	1055	4153	246.0	0	0	526	0	0
9	380	361	275	1048	4148	245.0	0	0	657	0	1
9	382	363	277	1055	4153	246.0	0	0	657	0	1
9	459	521	864	1899	8562	40.0	0	0	657	0	1
9	462	523	866	1906	8532	41.0	0	0	657	0	1
9	459	521	864	1899	8562	40.0	0	0	657	0	1
9	462	523	866	1906	8532	41.0	0	0	657	0	1
9	460	521	864	1899	8547	40.0	0	0	657	0	1
9	462	526	885	1929	8689	32.0	0	0	657	0	1
9	465	529	887	1936	8658	34.0	0	0	657	0	1
9	463	527	887	1932	8690	32.0	0	0	657	0	1
9	465	529	887	1936	8658	34.0	0	0	657	0	1
9	463	527	888	1934	8698	31.0	0	0	657	0	1
9	465	529	887	1936	8658	34.0	0	0	657	0	1
9	462	527	885	1930	8689	34.0	0	0	657	0	1
9	465	530	890	1940	8683	34.0	0	0	657	0	1
9	462	527	885	1930	8689	34.0	0	0	657	0	1
9	465	529	889	1939	8675	33.0	0	0	657	0	1
9	462	526	885	1929	8689	32.0	0	0	657	0	1
9	462	523	866	1905	8532	41.0	0	0	657	0	1
9	460	521	864	1900	8547	40.0	0	0	657	0	1
9	462	523	866	1905	8532	41.0	0	0	657	0	1
9	460	522	867	1904	8572	39.0	0	0	657	0	1
9	462	523	866	1905	8532	41.0	0	0	657	0	1
9	460	521	864	1900	8547	40.0	0	0	657	0	1
9	462	523	866	1905	8532	41.0	0	0	657	0	1
9	460	523	866	1904	8563	42.0	0	0	657	0	1
9	460	521	865	1901	8555	39.0	0	0	657	0	1
9	462	523	866	1905	8532	41.0	0	0	657	0	0
9	460	521	865	1901	8555	39.0	0	0	657	0	0
9	382	363	276	1054	4143	246.0	0	0	657	0	0
9	381	362	275	1051	4141	246.0	0	0	657	0	0
9	382	363	276	1054	4143	246.0	0	0	657	0	0
9	381	362	275	1051	4141	246.0	0	0	657	0	0
9	382	363	276	1054	4143	246.0	0	0	657	0	0
10	381	362	275	1051	4141	246.0	0	0	789	0	1
10	381	363	276	1053	4151	247.0	0	0	789	0	1
10	481	563	1019	2123	9462	0.0	0	0	789	0	1
10	482	564	1019	2126	9445	0.0	0	0	789	0	1
10	481	563	1019	2124	9462	0.0	0	0	789	0	1
10	482	564	1019	2126	9445	0.0	0	0	789	0	1
10	482	564	1019	2125	9445	0.0	0	0	789	0	1
10	482	564	1019	2126	9445	0.0	0	0	789	0	1
10	483	567	1032	2144	9531	0.0	0	0	789	0	1
10	486	571	1046	2165	9591	0.0	0	0	789	0	1
10	486	572	1049	2168	9614	0.0	0	0	789	0	1
10	485	571	1046	2164	9608	0.0	0	0	789	0	1
10	485	571	1046	2164	9608	0.0	0	0	789	0	1
10	486	572	1049	2168	9614	0.0	0	0	789	0	1
10	485	571	1046	2162	9608	0.0	0	0	789	0	1
10	485	571	1045	2162	9600	0.0	0	0	789	0	1
10	485	571	1048	2165	9623	0.0	0	0	789	0	1
10	485	571	1046	2164	9608	0.0	0	0	789	0	1
10	485	571	1048	2166	9623	0.0	0	0	789	0	1
10	482	565	1023	2130	9477	0.0	0	0	789	0	1
10	481	563	1019	2123	9462	0.0	0	0	789	0	1
10	482	564	1019	2126	9445	0.0	0	0	789	0	1
10	481	563	1019	2123	9462	0.0	0	0	789	0	1
10	482	564	1019	2126	9445	0.0	0	0	789	0	1
10	481	563	1019	2123	9462	0.0	0	0	789	0	1
10	483	565	1020	2127	9436	0.0	0	0	789	0	1
10	481	563	1019	2124	9462	0.0	0	0	789	0	1
10	483	565	1020	2128	9436	0.0	0	0	789	0	0
10	483	565	1020	2128	9436	0.0	0	0	789	0	0
10	381	362	275	1050	4141	246.0	0	0	789	0	0
10	382	363	276	1055	4143	246.0	0	0	789	0	0
10	380	361	275	1050	4148	245.0	0	0	789	0	0
10	382	363	277	1055	4153	246.0	0	0	789	0	0
10	380	361	275	1049	4148	245.0	0	0	789	0	0
11	382	363	277	1055	4153	246.0	0	0	921	0	1
11	380	361	275	1049	4148	245.0	0	0	921	0	1
11	504	606	1173	2350	10258	0.0	0	0	921	0	1
11	502	604	1172	2344	10286	0.0	0	0	921	0	1
11	504	606	1174	2350	10265	0.0	0	0	921	0	1
11	502	605	1176	2350	10316	0.0	0	0	921	0	1
11	504	606	1174	2350	10265	0.0	0	0	921	0	1
11	502	605	1175	2349	10308	0.0	0	0	921	0	1
11	508	615	1207	2398	10443	0.0	0	0	921	0	1
11	505	612	1200	2385	10444	0.0	0	0	921	0	1
11	509	616	1210	2402	10448	0.0	0	0	921	0	1
11	506	613	1204	2390	10456	0.0	0	0	921	0	1
11	506	614	1208	2395	10486	0.0	0	0	921	0	1
11	508	615	1206	2397	10436	0.0	0	0	921	0	1
11	506	614	1208	2396	10486	0.0	0	0	921	0	1
11	509	616	1207	2399	10425	0.0	0	0	921	0	1
11	506	613	1204	2390	10456	0.0	0	0	921	0	1
11	509	616	1210	2402	10448	0.0	0	0	921	0	1
11	502	606	1180	2355	10346	0.0	0	0	921	0	1
11	504	607	1174	2350	10265	0.0	0	0	921	0	1
11	501	604	1172	2343	10303	0.0	0	0	921	0	1
11	504	607	1174	2351	10265	0.0	0	0	921	0	1
11	501	604	1172	2344	10303	0.0	0	0	921	0	1
11	504	607	1174	2351	10265	0.0	0	0	921	0	1
11	501	604	1172	2344	10303	0.0	0	0	921	0	1
11	504	607	1178	2356	10296	0.0	0	0	921	0	1
11	501	604	1172	2343	10303	0.0	0	0	921	0	1
11	504	606	1174	2350	10265	0.0	0	0	921	0	0
11	501	604	1172	2343	10303	0.0	0	0	921	0	0
11	504	607	1178	2356	10296	0.0	0	0	921	0	0
11	383	364	277	1056	4146	247.0	0	0	921	0	0
11	380	361	275	1049	4148	245.0	0	0	921	0	0
11	383	364	277	1056	4146	247.0	0	0	921	0	0
11	380	361	275	1049	4148	245.0	0	0	921	0	0
12	382	363	277	1055	4153	246.0	0	0	1052	0	1
12	380	361	275	1048	4148	245.0	0	0	1052	0	1
12	525	648	1327	2571	11021	0.0	0	0	1052	0	1
12	520	645	1329	2567	11128	0.0	0	0	1052	0	1
12	524	647	1326	2568	11032	0.0	0	0	1052	0	1
12	521	645	1324	2562	11073	0.0	0	0	1052	0	1
12	524	647	1326	2569	11032	0.0	0	0	1052	0	1
12	522	646	1329	2570	11091	0.0	0	0	1052	0	1
12	529	657	1364	2623	11214	0.0	0	0	1052	0	1
12	527	657	1367	2624	11273	0.0	0	0	1052	0	1
12	528	657	1363	2622	11226	0.0	0	0	1052	0	1
12	526	654	1360	2613	11241	0.0	0	0	1052	0	1
12	529	658	1367	2627	11236	0.0	0	0	1052	0	1
12	526	655	1362	2616	11256	0.0	0	0	1052	0	1
12	529	656	1364	2628	11214	0.0	0	0	1052	0	1
12	528	657	1363	2622	11226	0.0	0	0	1052	0	1
12	527	656	1367	2624	11273	0.0	0	0	1052	0	1
12	528	657	1363	2621	11226	0.0	0	0	1052	0	1
12	524	649	1339	2583	11126	0.0	0	0	1052	0	1
12	523	647	1326	2567	11050	0.0	0	0	1052	0	1
12	522	645	1325	2563	11061	0.0	0	0	1052	0	1
12	523	646	1326	2567	11050	0.0	0	0	1052	0	1
12	522	645	1325	2564	11061	0.0	0	0	1052	0	1
12	523	646	1326	2567	11050	0.0	0	0	1052	0	1
12	522	645	1325	2564	11061	0.0	0	0	1052	0	1
12	523	647	1326	2567	11050	0.0	0	0	1052	0	1
12	522	646	1325	2564	11061	0.0	0	0	1052	0	1
12	524	648	1330	2574	11061	0.0	0	0	1052	0	0
12	522	646	1325	2565	11061	0.0	0	0	1052	0	0
12	523	646	1326	2567	11050	0.0	0	0	1052	0	0
12	380	361	275	1050	4148	245.0	0	0	1052	0	0
12	381	362	276	1051	4151	245.0	0	0	1052	0	0
12	380	361	275	1050	4148	245.0	0	0	1052	0	0
12	380	361	275	1050	4148	245.0	0	0	1052	0	0
13	381	362	276	1051	4151	245.0	0	0	1184	0	1
13	381	362	275	1050	4141	246.0	0	0	1184	0	1
13	544	688	1480	2788	11756	0.0	0	0	1184	0	1
13	544	688	1479	2788	11749	0.0	0	0	1184	0	1
13	544	688	1480	2788	11756	0.0	0	0	1184	0	1
13	544	688	1480	2788	11756	0.0	0	0	1184	0	1
13	544	688	1480	2788	11756	0.0	0	0	1184	0	1
13	544	688	1480	2789	11756	0.0	0	0	1184	0	1
13	544	688	1479	2788	11749	0.0	0	0	1184	0	1
13	549	698	1517	2843	11918	0.0	0	0	1184	0	1
13	550	700	1527	2856	11968	0.0	0	0	1184	0	1
13	550	701	1526	2856	11962	0.0	0	0	1184	0	1
13	549	699	1522	2850	11953	0.0	0	0	1184	0	1
13	551	701	1528	2859	11956	0.0	0	0	1184	0	1
13	550	700	1524	2852	11948	0.0	0	0	1184	0	1
13	550	700	1524	2853	11948	0.0	0	0	1184	0	1
13	550	700	1528	2857	11975	0.0	0	0	1184	0	1
13	549	698	1520	2846	11939	0.0	0	0	1184	0	1
13	551	701	1527	2858	11949	0.0	0	0	1184	0	1
13	549	699	1522	2849	11953	0.0	0	0	1184	0	1
13	544	688	1480	2790	11756	0.0	0	0	1184	0	1
13	544	689	1484	2794	11784	0.0	0	0	1184	0	1
13	544	688	1480	2790	11756	0.0	0	0	1184	0	1
13	543	687	1479	2786	11768	0.0	0	0	1184	0	1
13	544	688	1480	2790	11756	0.0	0	0	1184	0	1
13	544	688	1484	2793	11784	0.0	0	0	1184	0	1
13	544	688	1480	2790	11756	0.0	0	0	1184	0	1
13	543	687	1479	2785	11768	0.0	0	0	1184	0	0
13	544	688	1480	2790	11756	0.0	0	0	1184	0	0
13	543	687	1479	2785	11768	0.0	0	0	1184	0	0
13	381	362	276	1052	4151	245.0	0	0	1184	0	0
13	380	361	275	1047	4148	245.0	0	0	1184	0	0
13	381	362	276	1052	4151	245.0	0	0	1184	0	0
13	380	361	275	1047	4148	245.0	0	0	1184	0	0
14	382	362	276	1053	4143	245.0	0	0	1315	0	1
14	381	362	276	1053	4151	245.0	0	0	1315	0	1
14	563	728	1632	3006	12435	0.0	0	0	1315	0	1
14	565	730	1633	3012	12402	0.0	0	0	1315	0	1
14	563	728	1632	3006	12435	0.0	0	0	1315	0	1
14	565	730	1633	3012	12402	0.0	0	0	1315	0	1
14	563	728	1632	3006	12435	0.0	0	0	1315	0	1
14	566	732	1640	3021	12430	0.0	0	0	1315	0	1
14	569	739	1674	3067	12600	0.0	0	0	1315	0	1
14	572	743	1682	3082	12594	0.0	0	0	1315	0	1
14	571	743	1687	3085	12647	0.0	0	0	1315	0	1
14	571	742	1678	3076	12587	0.0	0	0	1315	0	1
14	570	741	1680	3076	12620	0.0	0	0	1315	0	1
14	573	745	1688	3091	12614	0.0	0	0	1315	0	1
14	570	741	1681	3077	12627	0.0	0	0	1315	0	1
14	571	742	1677	3076	12580	0.0	0	0	1315	0	1
14	571	743	1686	3084	12640	0.0	0	0	1315	0	1
14	572	743	1682	3083	12594	0.0	0	0	1315	0	1
14	570	742	1683	3080	12640	0.0	0	0	1315	0	1
14	564	728	1632	3007	12415	0.0	0	0	1315	0	1
14	566	731	1634	3014	12390	0.0	0	0	1315	0	1
14	564	729	1632	3008	12415	0.0	0	0	1315	0	1
14	567	731	1634	3015	12370	0.0	0	0	1315	0	1
14	564	729	1632	3009	12415	0.0	0	0	1315	0	1
14	567	731	1634	3016	12370	0.0	0	0	1315	0	1
14	564	729	1633	3009	12422	0.0	0	0	1315	0	1
14	567	731	1634	3016	12370	0.0	0	0	1315	0	1
14	565	731	1639	3018	12443	0.0	0	0	1315	0	1
14	567	731	1634	3015	12370	0.0	0	0	1315	0	0
14	564	729	1632	3008	12415	0.0	0	0	1315	0	0
14	382	364	277	1056	4153	247.0	0	0	1315	0	0
14	380	361	275	1049	4148	245.0	0	0	1315	0	0
14	383	364	277	1056	4146	247.0	0	0	1315	0	0
14	380	361	275	1050	4148	245.0	0	0	1315	0	0
15	383	364	277	1056	4146	247.0	0	0	1447	0	1
15	380	361	275	1049	4148	245.0	0	0	1447	0	1
15	383	364	277	1056	4146	247.0	0	0	1447	0	1
15	585	773	1789	3232	13042	0.0	0	0	1447	0	1
15	585	771	1788	3233	13035	0.0	0	0	1447	0	1
15	588	773	1789	3240	12982	0.0	0	0	1447	0	1
15	585	771	1788	3233	13035	0.0	0	0	1447	0	1
15	588	773	1789	3240	12982	0.0	0	0	1447	0	1
15	591	782	1828	3291	13175	0.0	0	0	1447	0	1
15	595	789	1845	3320	13205	0.0	0	0	1447	0	1
15	594	788	1848	3321	13244	0.0	0	0	1447	0	1
15	595	788	1844	3319	13198	0.0	0	0	1447	0	1
15	594	787	1845	3317	13225	0.0	0	0	1447	0	1
15	595	788	1843	3317	13192	0.0	0	0	1447	0	1
15	593	786	1842	3313	13225	0.0	0	0	1447	0	1
15	596	790	1848	3325	13204	0.0	0	0	1447	0	1
15	594	788	1847	3319	13237	0.0	0	0	1447	0	1
15	596	789	1844	3319	13178	0.0	0	0	1447	0	1
15	594	788	1848	3321	13244	0.0	0	0	1447	0	1
15	596	789	1847	3323	13198	0.0	0	0	1447	0	1
15	586	772	1788	3234	13016	0.0	0	0	1447	0	1
15	589	776	1796	3251	13008	0.0	0	0	1447	0	1
15	589	774	1790	3241	12969	0.0	0	0	1447	0	1
15	587	772	1788	3236	12996	0.0	0	0	1447	0	1
15	589	774	1790	3242	12969	0.0	0	0	1447	0	1
15	587	772	1788	3236	12996	0.0	0	0	1447	0	1
15	589	774	1790	3242	12969	0.0	0	0	1447	0	1
15	587	772	1788	3236	12996	0.0	0	0	1447	0	1
15	589	774	1790	3242	12969	0.0	0	0	1447	0	0
15	588	774	1795	3246	13021	0.0	0	0	1447	0	0
15	384	365	277	1059	4139	248.0	0	0	1447	0	0
15	382	363	276	1054	4143	246.0	0	0	1447	0	0
15	384	364	277	1059	4139	247.0	0	0	1447	0	0
15	382	363	276	1054	4143	246.0	0	0	1447	0	0
15	384	365	277	1059	4139	248.0	0	0	1447	0	0
16	382	363	276	1053	4143	246.0	0	0	1578	0	1
16	384	364	277	1058	4139	247.0	0	0	1578	0	1
16	608	814	1942	3458	13560	0.0	0	0	1578	0	1
16	610	818	1951	3474	13576	0.0	0	0	1578	0	1
16	608	814	1942	3459	13560	0.0	0	0	1578	0	1
16	608	814	1942	3459	13560	0.0	0	0	1578	0	1
16	610	818	1951	3474	13576	0.0	0	0	1578	0	1
16	608	814	1942	3459	13560	0.0	0	0	1578	0	1
16	610	816	1943	3464	13526	0.0	0	0	1578	0	1
16	616	831	2002	3546	13773	0.0	0	0	1578	0	1
16	618	832	2003	3549	13739	0.0	0	0	1578	0	1
16	617	831	2004	3549	13765	0.0	0	0	1578	0	1
16	618	832	2004	3552	13745	0.0	0	0	1578	0	1
16	617	832	2009	3556	13796	0.0	0	0	1578	0	1
16	618	832	2003	3550	13739	0.0	0	0	1578	0	1
16	617	831	2005	3550	13771	0.0	0	0	1578	0	1
16	618	833	2009	3558	13776	0.0	0	0	1578	0	1
16	616	830	2002	3545	13773	0.0	0	0	1578	0	1
16	618	832	2006	3554	13758	0.0	0	0	1578	0	1
16	616	830	2000	3543	13761	0.0	0	0	1578	0	1
16	616	829	1995	3538	13730	0.0	0	0	1578	0	1
16	608	814	1943	3460	13566	0.0	0	0	1578	0	1
16	609	815	1943	3462	13546	0.0	0	0	1578	0	1
16	609	815	1943	3462	13546	0.0	0	0	1578	0	1
16	608	814	1942	3460	13560	0.0	0	0	1578	0	1
16	609	815	1943	3462	13546	0.0	0	0	1578	0	1
16	610	817	1950	3472	13570	0.0	0	0	1578	0	1
16	609	815	1943	3462	13546	0.0	0	0	1578	0	0
16	609	815	1943	3461	13546	0.0	0	0	1578	0	0
16	383	364	277	1057	4146	247.0	0	0	1578	0	0
16	383	363	276	1056	4136	246.0	0	0	1578	0	0
16	383	364	277	1057	4146	247.0	0	0	1578	0	0
16	383	363	276	1056	4136	246.0	0	0	1578	0	0
16	383	363	277	1056	4146	245.0	0	0	1578	0	0
17	383	363	276	1055	4136	246.0	0	0	1710	0	1
17	383	364	277	1056	4146	247.0	0	0	1710	0	1
17	630	857	2098	3684	14078	0.0	0	0	1710	0	1
17	630	857	2098	3685	14078	0.0	0	0	1710	0	1
17	630	857	2098	3685	14078	0.0	0	0	1710	0	1
17	630	857	2098	3686	14078	0.0	0	0	1710	0	1
17	630	857	2098	3685	14078	0.0	0	0	1710	0	1
17	630	857	2098	3686	14078	0.0	0	0	1710	0	1
17	639	875	2164	3780	14293	0.0	0	0	1710	0	1
17	640	877	2171	3791	14315	0.0	0	0	1710	0	1
17	639	875	2166	3782	14305	0.0	0	0	1710	0	1
17	639	875	2165	3782	14299	0.0	0	0	1710	0	1
17	640	876	2171	3790	14315	0.0	0	0	1710	0	1
17	639	875	2164	3781	14293	0.0	0	0	1710	0	1
17	638	874	2165	3781	14319	0.0	0	0	1710	0	1
17	639	876	2171	3789	14335	0.0	0	0	1710	0	1
17	636	871	2155	3766	14300	0.0	0	0	1710	0	1
17	638	875	2166	3781	14325	0.0	0	0	1710	0	1
17	638	875	2170	3786	14349	0.0	0	0	1710	0	1
17	638	874	2163	3778	14307	0.0	0	0	1710	0	1
17	629	858	2105	3693	14141	0.0	0	0	1710	0	1
17	629	856	2098	3683	14099	0.0	0	0	1710	0	1
17	628	855	2097	3680	14113	0.0	0	0	1710	0	1
17	629	856	2098	3683	14099	0.0	0	0	1710	0	1
17	628	855	2097	3680	14113	0.0	0	0	1710	0	1
17	628	855	2097	3684	14113	0.0	0	0	1710	0	1
17	629	857	2098	3684	14099	0.0	0	0	1710	0	1
17	628	855	2097	3681	14113	0.0	0	0	1710	0	0
17	629	857	2098	3684	14099	0.0	0	0	1710	0	0
17	381	362	276	1052	4151	245.0	0	0	1710	0	0
17	383	363	277	1055	4146	245.0	0	0	1710	0	0
17	381	362	276	1051	4151	245.0	0	0	1710	0	0
17	382	363	277	1055	4153	246.0	0	0	1710	0	0
17	381	362	275	1051	4141	246.0	0	0	1710	0	0
18	382	363	276	1055	4143	246.0	0	0	1842	0	1
18	381	362	275	1051	4141	246.0	0	0	1842	0	1
18	651	901	2263	3922	14635	0.0	0	0	1842	0	1
18	648	897	2253	3904	14637	0.0	0	0	1842	0	1
18	650	899	2254	3909	14602	0.0	0	0	1842	0	1
18	649	897	2253	3905	14617	0.0	0	0	1842	0	1
18	650	899	2254	3910	14602	0.0	0	0	1842	0	1
18	649	897	2253	3905	14617	0.0	0	0	1842	0	1
18	650	899	2254	3909	14602	0.0	0	0	1842	0	1
18	658	916	2328	4006	14870	0.0	0	0	1842	0	1
18	658	917	2330	4014	14882	0.0	0	0	1842	0	1
18	659	917	2324	4009	14827	0.0	0	0	1842	0	1
18	657	916	2326	4008	14879	0.0	0	0	1842	0	1
18	659	919	2331	4017	14867	0.0	0	0	1842	0	1
18	655	912	2313	3989	14845	0.0	0	0	1842	0	1
18	659	918	2328	4014	14850	0.0	0	0	1842	0	1
18	657	916	2328	4010	14891	0.0	0	0	1842	0	1
18	658	917	2324	4007	14847	0.0	0	0	1842	0	1
18	656	914	2319	3998	14859	0.0	0	0	1842	0	1
18	659	918	2328	4015	14850	0.0	0	0	1842	0	1
18	647	896	2252	3900	14652	0.0	0	0	1842	0	1
18	649	898	2253	3906	14617	0.0	0	0	1842	0	1
18	648	898	2260	3912	14678	0.0	0	0	1842	0	1
18	649	898	2253	3906	14617	0.0	0	0	1842	0	1
18	647	895	2251	3899	14646	0.0	0	0	1842	0	1
18	649	897	2253	3905	14617	0.0	0	0	1842	0	1
18	646	895	2251	3898	14667	0.0	0	0	1842	0	1
18	649	898	2253	3905	14617	0.0	0	0	1842	0	0
18	649	897	2253	3905	14617	0.0	0	0	1842	0	0
18	378	360	274	1045	4152	244.0	0	0	1842	0	0
18	381	362	276	1051	4151	245.0	0	0	1842	0	0
18	378	360	274	1044	4152	244.0	0	0	1842	0	0
18	381	362	276	1051	4151	245.0	0	0	1842	0	0
18	378	360	274	1045	4152	244.0	0	0	1842	0	0
19	381	362	276	1051	4151	245.0	0	0	1973	0	1
19	378	360	274	1045	4152	244.0	0	0	1973	0	1
19	670	940	2408	4130	15084	0.0	0	0	1973	0	1
19	667	937	2406	4122	15134	0.0	0	0	1973	0	1
19	670	940	2408	4130	15084	0.0	0	0	1973	0	1
19	668	937	2407	4123	15119	0.0	0	0	1973	0	1
19	670	940	2408	4129	15084	0.0	0	0	1973	0	1
19	667	937	2406	4123	15134	0.0	0	0	1973	0	1
19	670	940	2408	4130	15084	0.0	0	0	1973	0	1
19	669	940	2416	4136	15150	0.0	0	0	1973	0	1
19	670	940	2408	4129	15084	0.0	0	0	1973	0	1
19	679	959	2489	4241	15357	0.0	0	0	1973	0	1
19	677	957	2479	4227	15342	0.0	0	0	1973	0	1
19	681	962	2490	4248	15321	0.0	0	0	1973	0	1
19	678	958	2482	4232	15338	0.0	0	0	1973	0	1
19	681	962	2490	4247	15321	0.0	0	0	1973	0	1
19	679	960	2489	4241	15357	0.0	0	0	1973	0	1
19	680	960	2484	4240	15308	0.0	0	0	1973	0	1
19	679	959	2488	4240	15351	0.0	0	0	1973	0	1
19	681	962	2491	4249	15327	0.0	0	0	1973	0	1
19	678	958	2483	4233	15344	0.0	0	0	1973	0	1
19	677	953	2456	4198	15212	0.0	0	0	1973	0	1
19	668	937	2406	4123	15113	0.0	0	0	1973	0	1
19	670	940	2408	4130	15084	0.0	0	0	1973	0	1
19	668	938	2406	4123	15113	0.0	0	0	1973	0	1
19	670	940	2408	4130	15084	0.0	0	0	1973	0	1
19	668	938	2406	4123	15113	0.0	0	0	1973	0	1
19	670	940	2408	4130	15084	0.0	0	0	1973	0	0
19	668	937	2406	4123	15113	0.0	0	0	1973	0	0
19	671	942	2418	4143	15120	0.0	0	0	1973	0	0
19	381	362	276	1052	4151	245.0	0	0	1973	0	0
19	379	360	274	1045	4145	244.0	0	0	1973	0	0
19	381	362	276	1052	4151	245.0	0	0	1973	0	0
19	379	360	274	1046	4145	244.0	0	0	1973	0	0
20	381	362	276	1052	4151	245.0	0	0	2105	0	1
20	379	360	274	1046	4145	244.0	0	0	2105	0	1
20	693	985	2575	4371	15547	0.0	0	0	2105	0	1
20	689	980	2563	4350	15563	0.0	0	0	2105	0	1
20	691	982	2565	4356	15533	0.0	0	0	2105	0	1
20	689	980	2563	4350	15563	0.0	0	0	2105	0	1
20	691	982	2565	4356	15533	0.0	0	0	2105	0	1
20	689	980	2564	4351	15569	0.0	0	0	2105	0	1
20	691	982	2565	4356	15533	0.0	0	0	2105	0	1
20	689	980	2564	4351	15569	0.0	0	0	2105	0	1
20	701	1002	2637	4459	15723	0.0	0	0	2105	0	1
20	701	1004	2651	4476	15799	0.0	0	0	2105	0	1
20	703	1006	2653	4483	15769	0.0	0	0	2105	0	1
20	700	1002	2645	4469	15787	0.0	0	0	2105	0	1
20	702	1004	2653	4479	15789	0.0	0	0	2105	0	1
20	702	1004	2647	4474	15757	0.0	0	0	2105	0	1
20	701	1004	2649	4474	15788	0.0	0	0	2105	0	1
20	703	1006	2654	4485	15774	0.0	0	0	2105	0	1
20	699	1000	2636	4456	15758	0.0	0	0	2105	0	1
20	703	1005	2651	4479	15758	0.0	0	0	2105	0	1
20	702	1005	2653	4480	15789	0.0	0	0	2105	0	1
20	691	982	2565	4355	15533	0.0	0	0	2105	0	1
20	691	983	2574	4366	15583	0.0	0	0	2105	0	1
20	691	982	2564	4355	15528	0.0	0	0	2105	0	1
20	690	980	2564	4351	15548	0.0	0	0	2105	0	1
20	691	982	2564	4354	15528	0.0	0	0	2105	0	1
20	691	983	2574	4366	15583	0.0	0	0	2105	0	1
20	691	982	2564	4354	15528	0.0	0	0	2105	0	0
20	690	981	2563	4351	15543	0.0	0	0	2105	0	0
20	691	981	2564	4354	15528	0.0	0	0	2105	0	0
20	380	361	275	1048	4148	245.0	0	0	2105	0	0
20	380	362	275	1050	4148	246.0	0	0	2105	0	0
20	380	362	275	1048	4148	246.0	0	0	2105	0	0
20	380	361	275	1048	4148	245.0	0	0	2105	0	0
21	380	361	275	1050	4148	245.0	0	0	2236	0	1
21	380	361	275	1048	4148	245.0	0	0	2236	0	1
21	712	1024	2720	4579	15946	0.0	0	0	2236	0	1
21	711	1023	2720	4578	15966	0.0	0	0	2236	0	1
21	713	1027	2731	4595	15984	0.0	0	0	2236	0	1
21	711	1023	2720	4578	15966	0.0	0	0	2236	0	1
21	712	1024	2720	4578	15946	0.0	0	0	2236	0	1
21	711	1023	2720	4578	15966	0.0	0	0	2236	0	1
21	712	1023	2720	4578	15946	0.0	0	0	2236	0	1
21	711	1023	2720	4578	15966	0.0	0	0	2236	0	1
21	724	1048	2809	4707	16173	0.0	0	0	2236	0	1
21	724	1048	2812	4711	16188	0.0	0	0	2236	0	1
21	724	1049	2816	4717	16210	0.0	0	0	2236	0	1
21	724	1048	2809	4707	16173	0.0	0	0	2236	0	1
21	724	1048	2811	4709	16183	0.0	0	0	2236	0	1
21	724	1050	2816	4717	16210	0.0	0	0	2236	0	1
21	723	1047	2810	4707	16198	0.0	0	0	2236	0	1
21	724	1049	2816	4716	16210	0.0	0	0	2236	0	1
21	724	1048	2811	4710	16183	0.0	0	0	2236	0	1
21	723	1047	2809	4705	16193	0.0	0	0	2236	0	1
21	723	1047	2805	4701	16172	0.0	0	0	2236	0	1
21	711	1023	2720	4577	15966	0.0	0	0	2236	0	1
21	712	1024	2720	4579	15946	0.0	0	0	2236	0	1
21	711	1023	2720	4577	15966	0.0	0	0	2236	0	1
21	714	1027	2731	4596	15963	0.0	0	0	2236	0	1
21	711	1023	2720	4577	15966	0.0	0	0	2236	0	1
21	712	1024	2720	4580	15946	0.0	0	0	2236	0	1
21	711	1023	2720	4577	15966	0.0	0	0	2236	0	0
21	713	1027	2731	4595	15984	0.0	0	0	2236	0	0
21	711	1023	2719	4576	15961	0.0	0	0	2236	0	0
21	381	362	276	1051	4151	245.0	0	0	2236	0	0
21	379	361	275	1047	4155	245.0	0	0	2236	0	0
21	381	362	276	1051	4151	245.0	0	0	2236	0	0
21	379	360	274	1047	4145	244.0	0	0	2236	0	0
22	381	362	276	1051	4151	245.0	0	0	2368	0	1
22	381	362	276	1051	4151	245.0	0	0	2368	0	1
22	733	1069	2889	4820	16407	0.0	0	0	2368	0	1
22	734	1067	2879	4809	16335	0.0	0	0	2368	0	1
22	732	1065	2878	4804	16370	0.0	0	0	2368	0	1
22	734	1067	2879	4809	16335	0.0	0	0	2368	0	1
22	732	1065	2877	4804	16365	0.0	0	0	2368	0	1
22	734	1067	2879	4809	16335	0.0	0	0	2368	0	1
22	732	1065	2877	4804	16365	0.0	0	0	2368	0	1
22	734	1067	2879	4809	16335	0.0	0	0	2368	0	1
22	732	1065	2877	4803	16365	0.0	0	0	2368	0	1
22	735	1070	2891	4826	16377	0.0	0	0	2368	0	1
22	745	1092	2977	4948	16615	0.0	0	0	2368	0	1
22	747	1094	2978	4953	16579	0.0	0	0	2368	0	1
22	744	1091	2971	4939	16605	0.0	0	0	2368	0	1
22	746	1091	2968	4938	16549	0.0	0	0	2368	0	1
22	745	1092	2976	4946	16610	0.0	0	0	2368	0	1
22	747	1093	2973	4945	16554	0.0	0	0	2368	0	1
22	745	1093	2978	4949	16620	0.0	0	0	2368	0	1
22	745	1091	2971	4939	16584	0.0	0	0	2368	0	1
22	748	1095	2981	4956	16574	0.0	0	0	2368	0	1
22	745	1092	2975	4944	16605	0.0	0	0	2368	0	1
22	739	1077	2913	4860	16409	0.0	0	0	2368	0	1
22	732	1065	2877	4803	16365	0.0	0	0	2368	0	1
22	734	1067	2879	4810	16335	0.0	0	0	2368	0	1
22	732	1065	2877	4803	16365	0.0	0	0	2368	0	1
22	734	1067	2879	4809	16335	0.0	0	0	2368	0	1
22	732	1065	2877	4803	16365	0.0	0	0	2368	0	1
22	734	1067	2879	4809	16335	0.0	0	0	2368	0	0
22	732	1065	2877	4803	16365	0.0	0	0	2368	0	0
22	382	363	276	1053	4143	246.0	0	0	2368	0	0
22	379	360	274	1046	4145	244.0	0	0	2368	0	0
22	382	363	276	1054	4143	246.0	0	0	2368	0	0
22	379	361	275	1047	4155	245.0	0	0	2368	0	0
23	382	363	276	1054	4143	246.0	0	0	2500	0	1
23	379	360	274	1047	4145	244.0	0	0	2500	0	1
23	382	363	276	1054	4143	246.0	0	0	2500	0	1
23	756	1111	3038	5041	16701	0.0	0	0	2500	0	1
23	755	1112	3049	5052	16777	0.0	0	0	2500	0	1
23	756	1111	3038	5040	16701	0.0	0	0	2500	0	1
23	754	1109	3036	5034	16732	0.0	0	0	2500	0	1
23	756	1111	3038	5040	16701	0.0	0	0	2500	0	1
23	755	1112	3049	5051	16777	0.0	0	0	2500	0	1
23	756	1111	3038	5040	16701	0.0	0	0	2500	0	1
23	754	1109	3036	5034	16732	0.0	0	0	2500	0	1
23	770	1139	3140	5188	16927	0.0	0	0	2500	0	1
23	767	1135	3132	5172	16948	0.0	0	0	2500	0	1
23	770	1139	3141	5189	16932	0.0	0	0	2500	0	1
23	768	1137	3139	5182	16963	0.0	0	0	2500	0	1
23	771	1140	3146	5196	16937	0.0	0	0	2500	0	1
23	768	1137	3139	5183	16963	0.0	0	0	2500	0	1
23	770	1139	3141	5188	16932	0.0	0	0	2500	0	1
23	769	1138	3144	5190	16967	0.0	0	0	2500	0	1
23	770	1138	3140	5186	16927	0.0	0	0	2500	0	1
23	768	1137	3139	5183	16963	0.0	0	0	2500	0	1
23	764	1130	3113	5145	16915	0.0	0	0	2500	0	1
23	756	1110	3037	5039	16696	0.0	0	0	2500	0	1
23	754	1109	3036	5034	16732	0.0	0	0	2500	0	1
23	755	1110	3037	5038	16716	0.0	0	0	2500	0	1
23	754	1109	3036	5034	16732	0.0	0	0	2500	0	1
23	755	1110	3037	5038	16716	0.0	0	0	2500	0	1
23	754	1109	3036	5035	16732	0.0	0	0	2500	0	1
