Stim	R	G	B	C	Temp	HueLux	Yellow	Red	Blue	Blue2	Trig
1	380	361	275	1049	4148	245.0	1800	0	0	0	1
1	417	375	281	1107	3958	250.0	1800	0	0	0	1
1	2457	1083	581	4216	2291	486.0	1800	0	0	0	1
1	2445	1078	580	4198	2294	483.0	1800	0	0	0	1
1	2449	1080	581	4205	2294	484.0	1800	0	0	0	1
1	2447	1079	580	4200	2294	484.0	1800	0	0	0	1
1	2445	1079	581	4199	2296	484.0	1800	0	0	0	1
1	2445	1078	580	4198	2294	483.0	1800	0	0	0	1
1	2449	1080	581	4204	2294	484.0	1800	0	0	0	1
1	2446	1078	580	4199	2294	482.0	1800	0	0	0	1
1	2445	1078	580	4198	2294	483.0	1800	0	0	0	1
1	2446	1079	580	4200	2294	484.0	1800	0	0	0	1
1	2449	1079	581	4203	2294	482.0	1800	0	0	0	1
1	2446	1078	580	4199	2294	482.0	1800	0	0	0	1
1	2445	1078	580	4198	2294	483.0	1800	0	0	0	1
1	2448	1079	581	4202	2295	483.0	1800	0	0	0	1
1	2447	1079	580	4201	2294	484.0	1800	0	0	0	1
1	2445	1078	580	4198	2294	483.0	1800	0	0	0	1
1	2445	1078	580	4198	2294	483.0	1800	0	0	0	1
1	2449	1080	581	4205	2294	484.0	1800	0	0	0	1
1	2446	1078	580	4198	2294	482.0	1800	0	0	0	1
1	2446	1078	580	4198	2294	482.0	1800	0	0	0	1
1	2449	1080	581	4205	2294	484.0	1800	0	0	0	1
1	2445	1078	580	4197	2294	483.0	1800	0	0	0	1
1	2445	1079	581	4199	2296	484.0	1800	0	0	0	1
1	2446	1078	580	4198	2294	482.0	1800	0	0	0	1
1	2448	1080	581	4204	2295	484.0	1800	0	0	0	1
1	2444	1077	580	4195	2295	481.0	1800	0	0	0	0
1	1943	904	507	3433	2385	424.0	1800	0	0	0	0
1	379	360	274	1046	4145	244.0	1800	0	0	0	0
1	381	362	276	1051	4151	245.0	1800	0	0	0	0
1	379	360	274	1046	4145	244.0	1800	0	0	0	0
1	381	362	276	1051	4151	245.0	1800	0	0	0	0
1	379	360	274	1045	4145	244.0	1800	0	0	0	0
2	381	362	276	1052	4151	245.0	1800	0	0	0	1
2	471	392	288	1186	3720	255.0	1800	0	0	0	1
2	2449	1081	581	4206	2294	485.0	1800	0	0	0	1
2	2447	1078	580	4200	2294	482.0	1800	0	0	0	1
2	2447	1080	581	4202	2295	484.0	1800	0	0	0	1
2	2448	1080	581	4204	2295	484.0	1800	0	0	0	1
2	2446	1078	580	4198	2294	482.0	1800	0	0	0	1
2	2446	1080	581	4202	2295	485.0	1800	0	0	0	1
2	2443	1078	580	4196	2295	483.0	1800	0	0	0	1
2	2449	1081	582	4207	2296	485.0	1800	0	0	0	1
2	2447	1079	581	4202	2295	483.0	1800	0	0	0	1
2	2447	1081	582	4205	2297	485.0	1800	0	0	0	1
2	2445	1079	580	4199	2294	484.0	1800	0	0	0	1
2	2451	1083	583	4211	2297	486.0	1800	0	0	0	1
2	2447	1080	581	4202	2295	484.0	1800	0	0	0	1
2	2447	1081	582	4206	2297	485.0	1800	0	0	0	1
2	2446	1079	581	4201	2295	483.0	1800	0	0	0	1
2	2450	1082	583	4210	2297	485.0	1800	0	0	0	1
2	2445	1079	580	4199	2294	484.0	1800	0	0	0	1
2	2446	1081	582	4204	2297	486.0	1800	0	0	0	1
2	2446	1079	580	4200	2294	484.0	1800	0	0	0	1
2	2449	1082	582	4208	2296	486.0	1800	0	0	0	1
2	2444	1078	580	4196	2295	483.0	1800	0	0	0	1
2	2446	1078	580	4199	2294	482.0	1800	0	0	0	1
2	2447	1080	581	4204	2295	484.0	1800	0	0	0	1
2	2443	1078	580	4194	2295	483.0	1800	0	0	0	1
2	2447	1080	581	4202	2295	484.0	1800	0	0	0	1
2	2447	1079	580	4200	2294	484.0	1800	0	0	0	0
2	1966	913	510	3470	2379	429.0	1800	0	0	0	0
2	380	361	275	1049	4148	245.0	1800	0	0	0	0
2	382	363	276	1053	4143	246.0	1800	0	0	0	0
2	380	361	275	1049	4148	245.0	1800	0	0	0	0
2	382	362	276	1053	4143	245.0	1800	0	0	0	0
2	380	361	275	1050	4148	245.0	1800	0	0	0	0
3	381	362	276	1053	4151	245.0	1800	0	0	0	1
3	454	387	286	1162	3791	254.0	1800	0	0	0	1
3	2447	1080	581	4203	2295	484.0	1800	0	0	0	1
3	2446	1079	580	4200	2294	484.0	1800	0	0	0	1
3	2448	1080	581	4205	2295	484.0	1800	0	0	0	1
3	2445	1079	580	4199	2294	484.0	1800	0	0	0	1
3	2444	1079	580	4198	2295	485.0	1800	0	0	0	1
3	2446	1079	581	4201	2295	483.0	1800	0	0	0	1
3	2444	1078	580	4197	2295	483.0	1800	0	0	0	1
3	2446	1079	581	4201	2295	483.0	1800	0	0	0	1
3	2447	1080	581	4202	2295	484.0	1800	0	0	0	1
3	2444	1078	580	4197	2295	483.0	1800	0	0	0	1
3	2446	1079	581	4201	2295	483.0	1800	0	0	0	1
3	2447	1079	581	4202	2295	483.0	1800	0	0	0	1
3	2445	1079	581	4200	2296	484.0	1800	0	0	0	1
3	2444	1078	580	4198	2295	483.0	1800	0	0	0	1
3	2449	1081	582	4206	2296	485.0	1800	0	0	0	1
3	2444	1078	580	4197	2295	483.0	1800	0	0	0	1
3	2445	1080	581	4200	2296	485.0	1800	0	0	0	1
3	2447	1079	580	4202	2294	484.0	1800	0	0	0	1
3	2446	1080	581	4202	2295	485.0	1800	0	0	0	1
3	2443	1078	580	4195	2295	483.0	1800	0	0	0	1
3	2448	1080	582	4205	2296	483.0	1800	0	0	0	1
3	2445	1078	580	4198	2294	483.0	1800	0	0	0	1
3	2445	1079	581	4200	2296	484.0	1800	0	0	0	1
3	2447	1080	581	4204	2295	484.0	1800	0	0	0	1
3	2442	1077	579	4193	2294	483.0	1800	0	0	0	1
3	2446	1080	581	4203	2295	485.0	1800	0	0	0	0
3	1898	888	499	3364	2392	420.0	1800	0	0	0	0
3	382	363	276	1055	4143	246.0	1800	0	0	0	0
3	380	361	275	1049	4148	245.0	1800	0	0	0	0
3	383	364	277	1058	4146	247.0	1800	0	0	0	0
3	381	362	276	1052	4151	245.0	1800	0	0	0	0
3	384	365	278	1060	4149	247.0	1800	0	0	0	0
4	382	363	276	1054	4143	246.0	1800	0	0	0	1
4	385	365	278	1061	4142	247.0	1800	0	0	0	1
4	1399	717	426	2605	2551	365.0	1800	0	0	0	1
4	1400	718	428	2610	2555	365.0	1800	0	0	0	1
4	1397	716	426	2603	2552	364.0	1800	0	0	0	1
4	1400	718	428	2610	2555	365.0	1800	0	0	0	1
4	1397	716	426	2603	2552	364.0	1800	0	0	0	1
4	1400	718	428	2610	2555	365.0	1800	0	0	0	1
4	1398	716	426	2604	2551	364.0	1800	0	0	0	1
4	1398	717	426	2604	2551	366.0	1800	0	0	0	1
4	1400	718	428	2610	2555	365.0	1800	0	0	0	1
4	1398	717	427	2605	2554	365.0	1800	0	0	0	1
4	1404	720	429	2617	2555	366.0	1800	0	0	0	1
4	1437	731	433	2666	2539	370.0	1800	0	0	0	1
4	1437	731	433	2666	2539	370.0	1800	0	0	0	1
4	1437	730	432	2664	2536	369.0	1800	0	0	0	1
4	1436	731	433	2664	2539	370.0	1800	0	0	0	1
4	1436	730	432	2663	2537	369.0	1800	0	0	0	1
4	1436	731	433	2665	2539	370.0	1800	0	0	0	1
4	1439	731	433	2667	2537	369.0	1800	0	0	0	1
4	1433	730	432	2660	2539	370.0	1800	0	0	0	1
4	1435	730	432	2662	2537	370.0	1800	0	0	0	1
4	1438	731	433	2668	2538	370.0	1800	0	0	0	1
4	1438	731	433	2666	2538	370.0	1800	0	0	0	1
4	1435	730	432	2663	2537	370.0	1800	0	0	0	1
4	1399	717	427	2607	2553	364.0	1800	0	0	0	1
4	1399	718	427	2608	2553	366.0	1800	0	0	0	1
4	1399	718	427	2608	2553	366.0	1800	0	0	0	0
4	1400	718	427	2609	2553	366.0	1800	0	0	0	0
4	384	365	277	1059	4139	248.0	1800	0	0	0	0
4	385	365	278	1061	4142	247.0	1800	0	0	0	0
4	384	364	277	1058	4139	247.0	1800	0	0	0	0
4	385	365	278	1061	4142	247.0	1800	0	0	0	0
4	384	364	277	1057	4139	247.0	1800	0	0	0	0
5	385	365	278	1061	4142	247.0	1800	0	131	0	1
5	383	364	277	1057	4146	247.0	1800	0	131	0	1
5	1406	728	460	2658	2637	355.0	1800	0	131	0	1
5	1403	726	459	2652	2637	354.0	1800	0	131	0	1
5	1405	728	460	2657	2638	356.0	1800	0	131	0	1
5	1403	726	458	2651	2634	355.0	1800	0	131	0	1
5	1409	729	461	2664	2637	355.0	1800	0	131	0	1
5	1402	725	458	2650	2635	353.0	1800	0	131	0	1
5	1405	728	460	2657	2638	356.0	1800	0	131	0	1
5	1402	725	458	2650	2635	353.0	1800	0	131	0	1
5	1409	729	461	2664	2637	355.0	1800	0	131	0	1
5	1402	725	458	2650	2635	353.0	1800	0	131	0	1
5	1425	733	462	2686	2626	356.0	1800	0	131	0	1
5	1438	740	466	2710	2625	360.0	1800	0	131	0	1
5	1439	738	465	2707	2622	357.0	1800	0	131	0	1
5	1445	742	467	2719	2622	360.0	1800	0	131	0	1
5	1441	739	465	2711	2620	358.0	1800	0	131	0	1
5	1442	741	467	2715	2624	359.0	1800	0	131	0	1
5	1441	739	465	2711	2620	358.0	1800	0	131	0	1
5	1444	742	467	2719	2623	360.0	1800	0	131	0	1
5	1439	738	465	2708	2622	357.0	1800	0	131	0	1
5	1444	742	467	2718	2623	360.0	1800	0	131	0	1
5	1438	738	465	2706	2623	357.0	1800	0	131	0	1
5	1441	741	467	2714	2625	359.0	1800	0	131	0	1
5	1403	726	458	2651	2634	355.0	1800	0	131	0	1
5	1405	728	460	2657	2638	356.0	1800	0	131	0	1
5	1403	726	458	2651	2634	355.0	1800	0	131	0	1
5	1404	727	460	2656	2639	354.0	1800	0	131	0	0
5	1403	726	458	2652	2634	355.0	1800	0	131	0	0
5	1404	727	460	2656	2639	354.0	1800	0	131	0	0
5	385	365	278	1061	4142	247.0	1800	0	131	0	0
5	384	364	277	1058	4139	247.0	1800	0	131	0	0
5	385	365	278	1061	4142	247.0	1800	0	131	0	0
5	384	365	277	1059	4139	248.0	1800	0	131	0	0
6	385	365	277	1061	4132	248.0	1800	0	263	0	1
6	384	365	277	1060	4139	248.0	1800	0	263	0	1
6	1422	761	584	2837	2955	312.0	1800	0	263	0	1
6	1421	761	584	2835	2956	312.0	1800	0	263	0	1
6	1421	761	584	2835	2956	312.0	1800	0	263	0	1
6	1421	761	584	2836	2956	312.0	1800	0	263	0	1
6	1420	760	584	2834	2957	311.0	1800	0	263	0	1
6	1421	761	584	2835	2956	312.0	1800	0	263	0	1
6	1424	762	585	2841	2956	312.0	1800	0	263	0	1
6	1421	761	584	2836	2956	312.0	1800	0	263	0	1
6	1420	760	583	2832	2955	311.0	1800	0	263	0	1
6	1421	761	585	2837	2959	311.0	1800	0	263	0	1
6	1420	760	583	2832	2955	311.0	1800	0	263	0	1
6	1426	763	586	2846	2956	312.0	1800	0	263	0	1
6	1462	777	596	2906	2944	315.0	1800	0	263	0	1
6	1455	773	594	2893	2946	312.0	1800	0	263	0	1
6	1459	776	596	2901	2947	314.0	1800	0	263	0	1
6	1459	774	594	2898	2942	313.0	1800	0	263	0	1
6	1462	777	597	2907	2946	314.0	1800	0	263	0	1
6	1456	774	594	2895	2945	314.0	1800	0	263	0	1
6	1461	777	596	2906	2945	315.0	1800	0	263	0	1
6	1460	775	595	2901	2943	313.0	1800	0	263	0	1
6	1459	776	597	2903	2949	314.0	1800	0	263	0	1
6	1458	774	594	2897	2943	313.0	1800	0	263	0	1
6	1430	765	587	2852	2954	313.0	1800	0	263	0	1
6	1419	759	583	2831	2956	310.0	1800	0	263	0	1
6	1422	762	585	2837	2958	312.0	1800	0	263	0	1
6	1419	759	583	2830	2956	310.0	1800	0	263	0	0
6	1426	763	586	2845	2956	312.0	1800	0	263	0	0
6	1419	759	583	2831	2956	310.0	1800	0	263	0	0
6	385	366	278	1063	4142	249.0	1800	0	263	0	0
6	383	364	276	1056	4136	248.0	1800	0	263	0	0
6	383	364	277	1057	4146	247.0	1800	0	263	0	0
6	385	366	278	1062	4142	249.0	1800	0	263	0	0
7	384	364	277	1058	4139	247.0	1800	0	394	0	1
7	385	366	278	1062	4142	249.0	1800	0	394	0	1
7	1375	772	696	2915	3319	262.0	1800	0	394	0	1
7	1459	807	732	3074	3302	264.0	1800	0	394	0	1
7	1439	798	723	3035	3305	263.0	1800	0	394	0	1
7	1440	799	724	3038	3306	263.0	1800	0	394	0	1
7	1444	800	726	3044	3306	262.0	1800	0	394	0	1
7	1440	799	724	3037	3306	263.0	1800	0	394	0	1
7	1439	798	724	3036	3307	262.0	1800	0	394	0	1
7	1440	798	724	3036	3306	262.0	1800	0	394	0	1
7	1440	799	724	3037	3306	263.0	1800	0	394	0	1
7	1439	798	724	3036	3307	262.0	1800	0	394	0	1
7	1440	799	724	3037	3306	263.0	1800	0	394	0	1
7	1439	798	724	3035	3307	262.0	1800	0	394	0	1
7	1440	799	724	3038	3306	263.0	1800	0	394	0	1
7	1479	815	741	3111	3299	263.0	1800	0	394	0	1
7	1480	814	740	3110	3296	262.0	1800	0	394	0	1
7	1481	816	742	3115	3299	264.0	1800	0	394	0	1
7	1476	813	738	3103	3296	263.0	1800	0	394	0	1
7	1481	816	741	3114	3297	264.0	1800	0	394	0	1
7	1479	814	741	3110	3299	262.0	1800	0	394	0	1
7	1478	815	742	3111	3303	263.0	1800	0	394	0	1
7	1474	812	737	3099	3296	263.0	1800	0	394	0	1
7	1482	817	743	3117	3301	264.0	1800	0	394	0	1
7	1476	813	740	3106	3301	262.0	1800	0	394	0	1
7	1481	816	741	3114	3297	264.0	1800	0	394	0	1
7	1443	799	725	3042	3305	261.0	1800	0	394	0	1
7	1441	800	725	3040	3307	264.0	1800	0	394	0	1
7	1438	797	723	3033	3306	261.0	1800	0	394	0	0
7	1441	800	725	3040	3307	264.0	1800	0	394	0	0
7	383	363	276	1056	4136	246.0	1800	0	394	0	0
7	385	366	278	1063	4142	249.0	1800	0	394	0	0
7	383	364	276	1056	4136	248.0	1800	0	394	0	0
7	386	366	278	1063	4134	248.0	1800	0	394	0	0
8	386	366	278	1056	4134	248.0	1800	0	526	0	1
8	383	364	276	1057	4136	248.0	1800	0	526	0	1
8	1463	841	877	3261	3674	210.0	1800	0	526	0	1
8	1460	839	875	3254	3674	209.0	1800	0	526	0	1
8	1461	841	877	3259	3678	211.0	1800	0	526	0	1
8	1460	839	876	3254	3677	209.0	1800	0	526	0	1
8	1461	840	877	3258	3678	209.0	1800	0	526	0	1
8	1460	839	875	3254	3674	209.0	1800	0	526	0	1
8	1466	842	879	3267	3675	209.0	1800	0	526	0	1
8	1460	839	876	3255	3677	209.0	1800	0	526	0	1
8	1461	840	876	3258	3675	210.0	1800	0	526	0	1
8	1460	840	876	3256	3677	210.0	1800	0	526	0	1
8	1465	842	879	3267	3677	210.0	1800	0	526	0	1
8	1460	840	876	3257	3677	210.0	1800	0	526	0	1
8	1485	851	891	3307	3677	208.0	1800	0	526	0	1
8	1502	858	898	3339	3668	209.0	1800	0	526	0	1
8	1497	856	896	3330	3671	209.0	1800	0	526	0	1
8	1499	857	899	3338	3675	208.0	1800	0	526	0	1
8	1499	856	899	3334	3675	206.0	1800	0	526	0	1
8	1497	855	898	3333	3676	206.0	1800	0	526	0	1
8	1500	857	898	3338	3671	208.0	1800	0	526	0	1
8	1501	856	897	3336	3667	207.0	1800	0	526	0	1
8	1500	858	900	3339	3677	208.0	1800	0	526	0	1
8	1498	856	897	3332	3672	208.0	1800	0	526	0	1
8	1504	858	897	3341	3663	209.0	1800	0	526	0	1
8	1459	839	875	3253	3675	210.0	1800	0	526	0	1
8	1462	841	877	3260	3676	210.0	1800	0	526	0	1
8	1459	839	875	3254	3675	210.0	1800	0	526	0	1
8	1462	841	877	3260	3676	210.0	1800	0	526	0	0
8	1459	839	875	3253	3675	210.0	1800	0	526	0	0
8	386	366	278	1064	4134	248.0	1800	0	526	0	0
8	383	364	276	1056	4136	248.0	1800	0	526	0	0
8	386	366	278	1064	4134	248.0	1800	0	526	0	0
8	383	364	276	1056	4136	248.0	1800	0	526	0	0
8	386	366	278	1064	4134	248.0	1800	0	526	0	0
9	383	364	276	1056	4136	248.0	1800	0	657	0	1
9	385	366	278	1063	4142	249.0	1800	0	657	0	1
9	1482	882	1030	3481	4038	157.0	1800	0	657	0	1
9	1480	880	1029	3475	4039	155.0	1800	0	657	0	1
9	1482	882	1030	3481	4038	157.0	1800	0	657	0	1
9	1480	880	1029	3476	4039	155.0	1800	0	657	0	1
9	1482	882	1030	3480	4038	157.0	1800	0	657	0	1
9	1481	881	1029	3476	4038	156.0	1800	0	657	0	1
9	1482	882	1030	3479	4038	157.0	1800	0	657	0	1
9	1486	883	1033	3488	4039	155.0	1800	0	657	0	1
9	1482	882	1030	3479	4038	157.0	1800	0	657	0	1
9	1481	881	1030	3478	4040	155.0	1800	0	657	0	1
9	1481	881	1030	3479	4040	155.0	1800	0	657	0	1
9	1496	888	1039	3510	4037	155.0	1800	0	657	0	1
9	1521	900	1057	3565	4038	153.0	1800	0	657	0	1
9	1524	901	1057	3570	4033	153.0	1800	0	657	0	1
9	1522	901	1059	3570	4041	152.0	1800	0	657	0	1
9	1516	898	1054	3555	4039	153.0	1800	0	657	0	1
9	1523	900	1057	3568	4035	152.0	1800	0	657	0	1
9	1523	902	1060	3573	4042	153.0	1800	0	657	0	1
9	1524	902	1057	3571	4033	155.0	1800	0	657	0	1
9	1521	900	1059	3568	4043	151.0	1800	0	657	0	1
9	1521	901	1057	3567	4038	154.0	1800	0	657	0	1
9	1523	900	1056	3567	4032	153.0	1800	0	657	0	1
9	1484	883	1031	3483	4037	157.0	1800	0	657	0	1
9	1480	880	1029	3474	4039	155.0	1800	0	657	0	1
9	1482	883	1031	3482	4041	157.0	1800	0	657	0	1
9	1480	880	1029	3474	4039	155.0	1800	0	657	0	0
9	1482	882	1030	3481	4038	157.0	1800	0	657	0	0
9	383	364	276	1056	4136	248.0	1800	0	657	0	0
9	386	366	278	1064	4134	248.0	1800	0	657	0	0
9	383	364	276	1056	4136	248.0	1800	0	657	0	0
9	386	366	278	1063	4134	248.0	1800	0	657	0	0
9	383	363	276	1056	4136	246.0	1800	0	657	0	0
10	385	366	278	1063	4142	249.0	1800	0	789	0	1
10	383	364	276	1056	4136	248.0	1800	0	789	0	1
10	1346	846	1058	3333	4385	123.0	1800	0	789	0	1
10	1543	943	1216	3795	4393	97.0	1800	0	789	0	1
10	1501	922	1183	3698	4393	102.0	1800	0	789	0	1
10	1503	924	1184	3703	4392	103.0	1800	0	789	0	1
10	1501	922	1183	3698	4393	102.0	1800	0	789	0	1
10	1508	926	1188	3714	4392	102.0	1800	0	789	0	1
10	1501	922	1183	3698	4393	102.0	1800	0	789	0	1
10	1503	924	1184	3702	4392	103.0	1800	0	789	0	1
10	1502	923	1183	3700	4391	103.0	1800	0	789	0	1
10	1502	923	1184	3701	4394	102.0	1800	0	789	0	1
10	1502	923	1184	3700	4394	102.0	1800	0	789	0	1
10	1502	923	1184	3700	4394	102.0	1800	0	789	0	1
10	1502	923	1184	3701	4394	102.0	1800	0	789	0	1
10	1541	943	1217	3795	4399	97.0	1800	0	789	0	1
10	1543	944	1219	3799	4400	96.0	1800	0	789	0	1
10	1544	943	1216	3796	4391	97.0	1800	0	789	0	1
10	1545	945	1219	3803	4397	97.0	1800	0	789	0	1
10	1541	943	1218	3796	4402	96.0	1800	0	789	0	1
10	1545	944	1217	3799	4392	97.0	1800	0	789	0	1
10	1544	943	1217	3798	4394	96.0	1800	0	789	0	1
10	1542	942	1215	3794	4393	96.0	1800	0	789	0	1
10	1541	943	1214	3791	4392	99.0	1800	0	789	0	1
10	1541	942	1218	3795	4402	95.0	1800	0	789	0	1
10	1544	944	1217	3799	4394	97.0	1800	0	789	0	1
10	1500	921	1182	3696	4393	101.0	1800	0	789	0	1
10	1508	927	1189	3716	4395	103.0	1800	0	789	0	0
10	1501	922	1183	3697	4393	102.0	1800	0	789	0	0
10	386	366	278	1064	4134	248.0	1800	0	789	0	0
10	383	364	276	1056	4136	248.0	1800	0	789	0	0
10	386	366	278	1063	4134	248.0	1800	0	789	0	0
10	383	364	276	1056	4136	248.0	1800	0	789	0	0
10	385	366	278	1063	4142	249.0	1800	0	789	0	0
11	383	364	276	1056	4136	248.0	1800	0	921	0	1
11	386	366	278	1063	4134	248.0	1800	0	921	0	1
11	1437	919	1259	3709	4729	62.0	1800	0	921	0	1
11	1555	981	1365	4000	4735	44.0	1800	0	921	0	1
11	1522	964	1337	3919	4737	48.0	1800	0	921	0	1
11	1524	966	1338	3925	4736	50.0	1800	0	921	0	1
11	1524	965	1338	3920	4736	49.0	1800	0	921	0	1
11	1522	964	1337	3920	4737	48.0	1800	0	921	0	1
11	1524	965	1338	3924	4736	49.0	1800	0	921	0	1
11	1522	964	1337	3920	4737	48.0	1800	0	921	0	1
11	1523	965	1338	3924	4738	49.0	1800	0	921	0	1
11	1523	964	1337	3922	4735	48.0	1800	0	921	0	1
11	1523	965	1338	3924	4738	49.0	1800	0	921	0	1
11	1528	967	1342	3935	4737	47.0	1800	0	921	0	1
11	1559	985	1374	4017	4748	42.0	1800	0	921	0	1
11	1566	987	1376	4030	4738	42.0	1800	0	921	0	1
11	1567	988	1378	4032	4741	42.0	1800	0	921	0	1
11	1559	985	1374	4017	4748	42.0	1800	0	921	0	1
11	1565	986	1375	4026	4738	41.0	1800	0	921	0	1
11	1567	988	1378	4033	4741	42.0	1800	0	921	0	1
11	1563	986	1378	4027	4750	40.0	1800	0	921	0	1
11	1562	986	1375	4023	4744	42.0	1800	0	921	0	1
11	1566	986	1377	4029	4741	40.0	1800	0	921	0	1
11	1565	988	1380	4032	4750	41.0	1800	0	921	0	1
11	1565	986	1378	4025	4745	39.0	1800	0	921	0	1
11	1521	963	1336	3918	4737	48.0	1800	0	921	0	1
11	1524	965	1338	3924	4736	49.0	1800	0	921	0	1
11	1521	963	1336	3918	4737	48.0	1800	0	921	0	0
11	1524	966	1338	3925	4736	50.0	1800	0	921	0	0
11	383	364	276	1056	4136	248.0	1800	0	921	0	0
11	386	366	278	1064	4134	248.0	1800	0	921	0	0
11	383	364	276	1056	4136	248.0	1800	0	921	0	0
11	386	366	278	1064	4134	248.0	1800	0	921	0	0
11	383	364	276	1056	4136	248.0	1800	0	921	0	0
12	386	366	278	1064	4134	248.0	1800	0	1052	0	1
12	383	364	276	1056	4136	248.0	1800	0	1052	0	1
12	1448	954	1390	3890	5048	18.0	1800	0	1052	0	1
12	1584	1029	1538	4256	5090	0.0	1800	0	1052	0	1
12	1545	1007	1491	4146	5067	0.0	1800	0	1052	0	1
12	1542	1005	1490	4140	5072	0.0	1800	0	1052	0	1
12	1544	1007	1491	4146	5070	0.0	1800	0	1052	0	1
12	1543	1005	1490	4140	5070	0.0	1800	0	1052	0	1
12	1544	1007	1491	4145	5070	0.0	1800	0	1052	0	1
12	1544	1007	1491	4145	5070	0.0	1800	0	1052	0	1
12	1543	1006	1490	4143	5070	0.0	1800	0	1052	0	1
12	1545	1008	1496	4152	5080	0.0	1800	0	1052	0	1
12	1543	1006	1490	4143	5070	0.0	1800	0	1052	0	1
12	1544	1006	1491	4144	5070	0.0	1800	0	1052	0	1
12	1570	1022	1522	4219	5084	0.0	1800	0	1052	0	1
12	1589	1030	1535	4260	5071	0.0	1800	0	1052	0	1
12	1587	1031	1539	4263	5085	0.0	1800	0	1052	0	1
12	1586	1029	1534	4255	5076	0.0	1800	0	1052	0	1
12	1589	1031	1535	4261	5071	0.0	1800	0	1052	0	1
12	1580	1027	1533	4245	5087	0.0	1800	0	1052	0	1
12	1588	1030	1534	4258	5071	0.0	1800	0	1052	0	1
12	1588	1030	1536	4259	5076	0.0	1800	0	1052	0	1
12	1586	1031	1539	4261	5088	0.0	1800	0	1052	0	1
12	1587	1029	1533	4255	5071	0.0	1800	0	1052	0	1
12	1588	1032	1540	4266	5085	0.0	1800	0	1052	0	1
12	1585	1028	1534	4254	5078	0.0	1800	0	1052	0	1
12	1545	1007	1491	4146	5067	0.0	1800	0	1052	0	1
12	1545	1007	1491	4147	5067	0.0	1800	0	1052	0	0
12	1542	1005	1490	4140	5072	0.0	1800	0	1052	0	0
12	386	366	278	1064	4134	248.0	1800	0	1052	0	0
12	383	364	276	1056	4136	248.0	1800	0	1052	0	0
12	386	366	278	1063	4134	248.0	1800	0	1052	0	0
12	383	364	276	1056	4136	248.0	1800	0	1052	0	0
12	385	366	278	1063	4142	249.0	1800	0	1052	0	0
13	383	363	276	1055	4136	246.0	1800	0	1184	0	1
13	385	366	278	1062	4142	249.0	1800	0	1184	0	1
13	1310	900	1350	3653	5317	7.0	1800	0	1184	0	1
13	1611	1075	1698	4496	5406	0.0	1800	0	1184	0	1
13	1606	1072	1697	4487	5416	0.0	1800	0	1184	0	1
13	1566	1049	1646	4369	5395	0.0	1800	0	1184	0	1
13	1563	1047	1644	4363	5398	0.0	1800	0	1184	0	1
13	1565	1049	1645	4368	5395	0.0	1800	0	1184	0	1
13	1564	1047	1644	4364	5395	0.0	1800	0	1184	0	1
13	1565	1048	1645	4368	5395	0.0	1800	0	1184	0	1
13	1569	1050	1651	4379	5400	0.0	1800	0	1184	0	1
13	1563	1047	1644	4363	5398	0.0	1800	0	1184	0	1
13	1564	1047	1645	4365	5398	0.0	1800	0	1184	0	1
13	1568	1048	1645	4370	5388	0.0	1800	0	1184	0	1
13	1563	1047	1644	4363	5398	0.0	1800	0	1184	0	1
13	1563	1047	1644	4363	5398	0.0	1800	0	1184	0	1
13	1609	1072	1695	4488	5404	0.0	1800	0	1184	0	1
13	1600	1070	1692	4474	5420	0.0	1800	0	1184	0	1
13	1607	1071	1693	4482	5404	0.0	1800	0	1184	0	1
13	1608	1073	1696	4489	5409	0.0	1800	0	1184	0	1
13	1604	1071	1697	4485	5421	0.0	1800	0	1184	0	1
13	1608	1072	1694	4485	5404	0.0	1800	0	1184	0	1
13	1607	1072	1695	4485	5409	0.0	1800	0	1184	0	1
13	1606	1073	1698	4489	5419	0.0	1800	0	1184	0	1
13	1607	1071	1693	4482	5404	0.0	1800	0	1184	0	1
13	1609	1074	1697	4492	5409	0.0	1800	0	1184	0	1
13	1599	1068	1690	4467	5417	0.0	1800	0	1184	0	1
13	1605	1070	1688	4475	5398	0.0	1800	0	1184	0	0
13	1561	1045	1643	4358	5401	0.0	1800	0	1184	0	0
13	381	362	275	1052	4141	246.0	1800	0	1184	0	0
13	384	365	277	1059	4139	248.0	1800	0	1184	0	0
13	381	362	276	1052	4151	245.0	1800	0	1184	0	0
13	384	365	277	1059	4139	248.0	1800	0	1184	0	0
13	381	362	275	1052	4141	246.0	1800	0	1184	0	0
14	384	365	277	1059	4139	248.0	1800	0	1315	0	1
14	381	362	276	1052	4151	245.0	1800	0	1315	0	1
14	1416	988	1587	4094	5661	0.0	1800	0	1315	0	1
14	1627	1114	1852	4710	5727	0.0	1800	0	1315	0	1
14	1600	1097	1813	4625	5708	0.0	1800	0	1315	0	1
14	1583	1087	1797	4581	5716	0.0	1800	0	1315	0	1
14	1585	1089	1798	4587	5713	0.0	1800	0	1315	0	1
14	1587	1089	1798	4589	5707	0.0	1800	0	1315	0	1
14	1585	1089	1798	4587	5713	0.0	1800	0	1315	0	1
14	1583	1087	1797	4582	5716	0.0	1800	0	1315	0	1
14	1584	1089	1798	4586	5715	0.0	1800	0	1315	0	1
14	1583	1088	1797	4582	5716	0.0	1800	0	1315	0	1
14	1584	1089	1798	4585	5715	0.0	1800	0	1315	0	1
14	1583	1088	1798	4582	5718	0.0	1800	0	1315	0	1
14	1583	1088	1797	4583	5716	0.0	1800	0	1315	0	1
14	1631	1116	1853	4717	5719	0.0	1800	0	1315	0	1
14	1628	1116	1858	4719	5739	0.0	1800	0	1315	0	1
14	1628	1115	1852	4713	5725	0.0	1800	0	1315	0	1
14	1631	1116	1854	4719	5721	0.0	1800	0	1315	0	1
14	1626	1114	1852	4709	5730	0.0	1800	0	1315	0	1
14	1630	1115	1852	4715	5719	0.0	1800	0	1315	0	1
14	1629	1115	1855	4716	5729	0.0	1800	0	1315	0	1
14	1628	1116	1858	4720	5739	0.0	1800	0	1315	0	1
14	1624	1111	1845	4697	5719	0.0	1800	0	1315	0	1
14	1630	1117	1857	4722	5731	0.0	1800	0	1315	0	1
14	1626	1114	1855	4712	5737	0.0	1800	0	1315	0	1
14	1631	1116	1853	4718	5719	0.0	1800	0	1315	0	1
14	1588	1090	1804	4597	5719	0.0	1800	0	1315	0	1
14	1585	1089	1798	4587	5713	0.0	1800	0	1315	0	0
14	1582	1087	1796	4580	5716	0.0	1800	0	1315	0	0
14	384	365	277	1059	4139	248.0	1800	0	1315	0	0
14	381	363	276	1053	4151	247.0	1800	0	1315	0	0
14	381	362	276	1052	4151	245.0	1800	0	1315	0	0
14	384	365	278	1060	4149	247.0	1800	0	1315	0	0
15	381	363	276	1053	4151	247.0	1800	0	1447	0	1
15	384	365	277	1060	4139	248.0	1800	0	1447	0	1
15	1417	1012	1697	4232	5953	0.0	1800	0	1447	0	1
15	1654	1160	2014	4952	6030	0.0	1800	0	1447	0	1
15	1626	1143	1982	4873	6035	0.0	1800	0	1447	0	1
15	1612	1135	1961	4828	6025	0.0	1800	0	1447	0	1
15	1604	1129	1952	4805	6027	0.0	1800	0	1447	0	1
15	1606	1131	1953	4811	6024	0.0	1800	0	1447	0	1
15	1604	1129	1952	4805	6027	0.0	1800	0	1447	0	1
15	1610	1133	1954	4817	6015	0.0	1800	0	1447	0	1
15	1604	1129	1952	4805	6027	0.0	1800	0	1447	0	1
15	1605	1131	1953	4810	6027	0.0	1800	0	1447	0	1
15	1604	1129	1952	4805	6027	0.0	1800	0	1447	0	1
15	1605	1130	1953	4808	6027	0.0	1800	0	1447	0	1
15	1604	1130	1952	4806	6027	0.0	1800	0	1447	0	1
15	1605	1130	1952	4808	6024	0.0	1800	0	1447	0	1
15	1652	1159	2013	4946	6033	0.0	1800	0	1447	0	1
15	1651	1159	2017	4951	6045	0.0	1800	0	1447	0	1
15	1649	1159	2017	4947	6051	0.0	1800	0	1447	0	1
15	1652	1159	2013	4948	6033	0.0	1800	0	1447	0	1
15	1650	1159	2017	4950	6048	0.0	1800	0	1447	0	1
15	1645	1156	2010	4933	6046	0.0	1800	0	1447	0	1
15	1652	1158	2013	4946	6033	0.0	1800	0	1447	0	1
15	1651	1160	2019	4953	6050	0.0	1800	0	1447	0	1
15	1649	1158	2015	4944	6046	0.0	1800	0	1447	0	1
15	1649	1158	2013	4943	6042	0.0	1800	0	1447	0	1
15	1649	1158	2018	4948	6053	0.0	1800	0	1447	0	1
15	1605	1131	1953	4809	6027	0.0	1800	0	1447	0	1
15	1603	1129	1951	4803	6028	0.0	1800	0	1447	0	0
15	1611	1134	1961	4826	6028	0.0	1800	0	1447	0	0
15	382	363	276	1053	4143	246.0	1800	0	1447	0	0
15	384	365	277	1059	4139	248.0	1800	0	1447	0	0
15	381	363	276	1053	4151	247.0	1800	0	1447	0	0
15	384	365	278	1060	4149	247.0	1800	0	1447	0	0
15	384	365	278	1060	4149	247.0	1800	0	1447	0	0
16	381	362	276	1053	4151	245.0	1800	0	1578	0	1
16	1279	946	1593	3918	6136	0.0	1800	0	1578	0	1
16	1670	1201	2178	5179	6359	0.0	1800	0	1578	0	1
16	1673	1203	2175	5180	6344	0.0	1800	0	1578	0	1
16	1673	1201	2172	5175	6337	0.0	1800	0	1578	0	1
16	1627	1173	2107	5033	6325	0.0	1800	0	1578	0	1
16	1624	1171	2106	5026	6331	0.0	1800	0	1578	0	1
16	1627	1173	2107	5032	6325	0.0	1800	0	1578	0	1
16	1625	1171	2106	5027	6328	0.0	1800	0	1578	0	1
16	1626	1173	2107	5032	6328	0.0	1800	0	1578	0	1
16	1625	1171	2106	5027	6328	0.0	1800	0	1578	0	1
16	1627	1175	2115	5043	6343	0.0	1800	0	1578	0	1
16	1625	1171	2106	5027	6328	0.0	1800	0	1578	0	1
16	1626	1172	2107	5031	6328	0.0	1800	0	1578	0	1
16	1625	1171	2106	5028	6328	0.0	1800	0	1578	0	1
16	1632	1176	2115	5048	6328	0.0	1800	0	1578	0	1
16	1625	1171	2106	5028	6328	0.0	1800	0	1578	0	1
16	1673	1202	2172	5176	6337	0.0	1800	0	1578	0	1
16	1667	1199	2169	5163	6348	0.0	1800	0	1578	0	1
16	1671	1202	2176	5178	6352	0.0	1800	0	1578	0	1
16	1674	1202	2172	5176	6334	0.0	1800	0	1578	0	1
16	1672	1203	2178	5182	6354	0.0	1800	0	1578	0	1
16	1670	1201	2175	5176	6353	0.0	1800	0	1578	0	1
16	1675	1203	2173	5179	6333	0.0	1800	0	1578	0	1
16	1671	1202	2178	5180	6356	0.0	1800	0	1578	0	1
16	1672	1202	2175	5179	6347	0.0	1800	0	1578	0	1
16	1673	1201	2172	5175	6337	0.0	1800	0	1578	0	1
16	1648	1185	2132	5092	6319	0.0	1800	0	1578	0	0
16	1624	1171	2105	5026	6329	0.0	1800	0	1578	0	0
16	384	365	277	1059	4139	248.0	1800	0	1578	0	0
16	382	363	276	1053	4143	246.0	1800	0	1578	0	0
16	384	365	277	1059	4139	248.0	1800	0	1578	0	0
16	382	363	276	1053	4143	246.0	1800	0	1578	0	0
16	384	365	277	1059	4139	248.0	1800	0	1578	0	0
17	381	362	276	1053	4151	245.0	1800	0	1710	0	1
17	1377	1033	1843	1060	1405	0.0	1800	0	1710	0	1
17	1695	1247	2337	5414	6644	0.0	1800	0	1710	0	1
17	1694	1245	2333	5408	6638	0.0	1800	0	1710	0	1
17	1649	1217	2271	5269	6638	0.0	1800	0	1710	0	1
17	1645	1212	2261	5250	6627	0.0	1800	0	1710	0	1
17	1648	1215	2263	5257	6622	0.0	1800	0	1710	0	1
17	1645	1213	2261	5251	6627	0.0	1800	0	1710	0	1
17	1654	1219	2272	5276	6624	0.0	1800	0	1710	0	1
17	1645	1213	2261	5251	6627	0.0	1800	0	1710	0	1
17	1648	1215	2263	5257	6622	0.0	1800	0	1710	0	1
17	1645	1213	2261	5251	6627	0.0	1800	0	1710	0	1
17	1648	1215	2263	5257	6622	0.0	1800	0	1710	0	1
17	1645	1213	2261	5250	6627	0.0	1800	0	1710	0	1
17	1647	1215	2262	5256	6623	0.0	1800	0	1710	0	1
17	1646	1213	2261	5251	6624	0.0	1800	0	1710	0	1
17	1689	1246	2341	5411	6671	0.0	1800	0	1710	0	1
17	1693	1245	2334	5407	6643	0.0	1800	0	1710	0	1
17	1696	1246	2335	5412	6636	0.0	1800	0	1710	0	1
17	1692	1246	2335	5414	6648	0.0	1800	0	1710	0	1
17	1695	1245	2334	5409	6637	0.0	1800	0	1710	0	1
17	1693	1247	2341	5416	6659	0.0	1800	0	1710	0	1
17	1694	1245	2335	5409	6642	0.0	1800	0	1710	0	1
17	1695	1246	2335	5411	6639	0.0	1800	0	1710	0	1
17	1687	1243	2332	5397	6657	0.0	1800	0	1710	0	1
17	1694	1245	2334	5409	6640	0.0	1800	0	1710	0	1
17	1689	1242	2324	5390	6633	0.0	1800	0	1710	0	1
17	1646	1214	2261	5253	6624	0.0	1800	0	1710	0	0
17	1653	1218	2271	5274	6625	0.0	1800	0	1710	0	0
17	382	363	276	1055	4143	246.0	1800	0	1710	0	0
17	383	364	277	1058	4146	247.0	1800	0	1710	0	0
17	382	363	276	1054	4143	246.0	1800	0	1710	0	0
17	384	365	277	1059	4139	248.0	1800	0	1710	0	0
17	382	363	276	1054	4143	246.0	1800	0	1710	0	0
18	384	365	277	1059	4139	248.0	1800	0	1842	0	1
18	381	362	276	1053	4151	245.0	1800	0	1842	0	1
18	1385	1061	1949	4510	6752	0.0	1800	0	1842	0	1
18	1711	1284	2484	5620	6922	0.0	1800	0	1842	0	1
18	1672	1258	2423	5491	6912	0.0	1800	0	1842	0	1
18	1669	1257	2419	5483	6913	0.0	1800	0	1842	0	1
18	1668	1257	2426	5488	6932	0.0	1800	0	1842	0	1
18	1669	1257	2419	5483	6913	0.0	1800	0	1842	0	1
18	1667	1255	2417	5475	6915	0.0	1800	0	1842	0	1
18	1669	1258	2419	5483	6913	0.0	1800	0	1842	0	1
18	1673	1259	2427	5496	6918	0.0	1800	0	1842	0	1
18	1669	1257	2419	5483	6913	0.0	1800	0	1842	0	1
18	1667	1255	2417	5476	6915	0.0	1800	0	1842	0	1
18	1669	1257	2419	5483	6913	0.0	1800	0	1842	0	1
18	1667	1255	2417	5476	6915	0.0	1800	0	1842	0	1
18	1669	1257	2419	5482	6913	0.0	1800	0	1842	0	1
18	1715	1289	2496	5641	6936	0.0	1800	0	1842	0	1
18	1718	1291	2497	5648	6928	0.0	1800	0	1842	0	1
18	1714	1289	2502	5647	6952	0.0	1800	0	1842	0	1
18	1717	1290	2498	5646	6934	0.0	1800	0	1842	0	1
18	1716	1288	2496	5641	6932	0.0	1800	0	1842	0	1
18	1715	1291	2504	5651	6953	0.0	1800	0	1842	0	1
18	1716	1288	2489	5634	6917	0.0	1800	0	1842	0	1
18	1714	1289	2501	5646	6950	0.0	1800	0	1842	0	1
18	1718	1290	2496	5644	6926	0.0	1800	0	1842	0	1
18	1716	1289	2499	5645	6939	0.0	1800	0	1842	0	1
18	1709	1286	2491	5628	6944	0.0	1800	0	1842	0	1
18	1667	1256	2417	5478	6915	0.0	1800	0	1842	0	0
18	1668	1256	2418	5480	6914	0.0	1800	0	1842	0	0
18	383	364	277	1056	4146	247.0	1800	0	1842	0	0
18	383	364	277	1057	4146	247.0	1800	0	1842	0	0
18	383	364	277	1057	4146	247.0	1800	0	1842	0	0
18	383	364	277	1056	4146	247.0	1800	0	1842	0	0
18	383	364	277	1057	4146	247.0	1800	0	1842	0	0
19	382	363	276	1055	4143	246.0	1800	0	1973	0	1
19	383	364	277	1058	4146	247.0	1800	0	1973	0	1
19	1230	969	1763	4067	6852	0.0	1800	0	1973	0	1
19	1738	1335	2664	5885	7230	0.0	1800	0	1973	0	1
19	1738	1333	2658	5876	7217	0.0	1800	0	1973	0	1
19	1740	1334	2659	5881	7213	0.0	1800	0	1973	0	1
19	1690	1299	2574	5706	7193	0.0	1800	0	1973	0	1
19	1688	1297	2572	5701	7196	0.0	1800	0	1973	0	1
19	1690	1299	2574	5707	7193	0.0	1800	0	1973	0	1
19	1688	1297	2572	5700	7196	0.0	1800	0	1973	0	1
19	1690	1299	2574	5707	7193	0.0	1800	0	1973	0	1
19	1688	1297	2572	5700	7196	0.0	1800	0	1973	0	1
19	1690	1299	2574	5707	7193	0.0	1800	0	1973	0	1
19	1688	1297	2572	5700	7196	0.0	1800	0	1973	0	1
19	1691	1300	2574	5708	7190	0.0	1800	0	1973	0	1
19	1688	1297	2572	5701	7196	0.0	1800	0	1973	0	1
19	1691	1300	2574	5708	7190	0.0	1800	0	1973	0	1
19	1708	1312	2612	5777	7217	0.0	1800	0	1973	0	1
19	1742	1335	2657	5882	7202	0.0	1800	0	1973	0	1
19	1737	1333	2661	5878	7227	0.0	1800	0	1973	0	1
19	1739	1335	2662	5884	7223	0.0	1800	0	1973	0	1
19	1734	1328	2645	5853	7202	0.0	1800	0	1973	0	1
19	1739	1335	2663	5885	7225	0.0	1800	0	1973	0	1
19	1737	1332	2659	5876	7223	0.0	1800	0	1973	0	1
19	1732	1331	2661	5871	7244	0.0	1800	0	1973	0	1
19	1740	1334	2660	5881	7215	0.0	1800	0	1973	0	1
19	1739	1332	2656	5874	7210	0.0	1800	0	1973	0	1
19	1738	1335	2664	5885	7230	0.0	1800	0	1973	0	0
19	1694	1302	2583	5722	7200	0.0	1800	0	1973	0	0
19	384	365	277	1059	4139	248.0	1800	0	1973	0	0
19	382	363	276	1054	4143	246.0	1800	0	1973	0	0
19	383	364	277	1058	4146	247.0	1800	0	1973	0	0
19	382	363	276	1054	4143	246.0	1800	0	1973	0	0
19	383	364	277	1058	4146	247.0	1800	0	1973	0	0
20	382	363	276	1054	4143	246.0	1800	0	2105	0	1
20	383	364	277	1057	4146	247.0	1800	0	2105	0	1
20	1342	1069	2048	4577	7205	0.0	1800	0	2105	0	1
20	1764	1377	2813	6106	7466	0.0	1800	0	2105	0	1
20	1765	1379	2821	6118	7480	0.0	1800	0	2105	0	1
20	1763	1380	2827	6124	7500	0.0	1800	0	2105	0	1
20	1714	1342	2731	5937	7461	0.0	1800	0	2105	0	1
20	1714	1342	2731	5937	7461	0.0	1800	0	2105	0	1
20	1715	1342	2731	5937	7458	0.0	1800	0	2105	0	1
20	1715	1342	2731	5938	7458	0.0	1800	0	2105	0	1
20	1720	1346	2741	5957	7462	0.0	1800	0	2105	0	1
20	1715	1343	2731	5938	7458	0.0	1800	0	2105	0	1
20	1714	1342	2730	5935	7459	0.0	1800	0	2105	0	1
20	1715	1343	2731	5938	7458	0.0	1800	0	2105	0	1
20	1718	1343	2731	5942	7447	0.0	1800	0	2105	0	1
20	1715	1343	2732	5939	7460	0.0	1800	0	2105	0	1
20	1714	1341	2730	5934	7459	0.0	1800	0	2105	0	1
20	1765	1380	2824	6122	7487	0.0	1800	0	2105	0	1
20	1759	1373	2808	6093	7473	0.0	1800	0	2105	0	1
20	1764	1380	2826	6123	7494	0.0	1800	0	2105	0	1
20	1763	1378	2823	6116	7491	0.0	1800	0	2105	0	1
20	1767	1379	2820	6120	7471	0.0	1800	0	2105	0	1
20	1762	1378	2824	6117	7497	0.0	1800	0	2105	0	1
20	1764	1380	2825	6124	7492	0.0	1800	0	2105	0	1
20	1765	1377	2818	6114	7474	0.0	1800	0	2105	0	1
20	1765	1380	2825	6124	7489	0.0	1800	0	2105	0	1
20	1762	1378	2824	6117	7497	0.0	1800	0	2105	0	1
20	1738	1359	2774	6022	7472	0.0	1800	0	2105	0	0
20	1716	1343	2732	5940	7456	0.0	1800	0	2105	0	0
20	382	363	276	1053	4143	246.0	1800	0	2105	0	0
20	384	365	278	1060	4149	247.0	1800	0	2105	0	0
20	381	362	276	1052	4151	245.0	1800	0	2105	0	0
20	384	365	277	1059	4139	248.0	1800	0	2105	0	0
20	381	362	275	1052	4141	246.0	1800	0	2105	0	0
21	384	365	277	1059	4139	248.0	1800	0	2236	0	1
21	381	362	275	1052	4141	246.0	1800	0	2236	0	1
21	1335	1085	2124	4663	7452	0.0	1800	0	2236	0	1
21	1777	1419	2985	6341	7791	0.0	1800	0	2236	0	1
21	1781	1421	2981	6343	7768	0.0	1800	0	2236	0	1
21	1770	1415	2974	6318	7792	0.0	1800	0	2236	0	1
21	1729	1383	2887	6154	7752	0.0	1800	0	2236	0	1
21	1727	1381	2886	6149	7757	0.0	1800	0	2236	0	1
21	1729	1383	2887	6154	7752	0.0	1800	0	2236	0	1
21	1727	1381	2885	6149	7755	0.0	1800	0	2236	0	1
21	1729	1383	2887	6153	7752	0.0	1800	0	2236	0	1
21	1728	1383	2887	6153	7756	0.0	1800	0	2236	0	1
21	1733	1386	2897	6171	7760	0.0	1800	0	2236	0	1
21	1728	1383	2887	6153	7756	0.0	1800	0	2236	0	1
21	1727	1381	2886	6149	7757	0.0	1800	0	2236	0	1
21	1728	1382	2886	6152	7754	0.0	1800	0	2236	0	1
21	1727	1382	2886	6149	7757	0.0	1800	0	2236	0	1
21	1779	1421	2983	6343	7779	0.0	1800	0	2236	0	1
21	1779	1420	2982	6340	7777	0.0	1800	0	2236	0	1
21	1777	1421	2988	6346	7797	0.0	1800	0	2236	0	1
21	1774	1418	2982	6334	7795	0.0	1800	0	2236	0	1
21	1779	1420	2982	6341	7777	0.0	1800	0	2236	0	1
21	1777	1421	2988	6345	7797	0.0	1800	0	2236	0	1
21	1779	1420	2982	6340	7777	0.0	1800	0	2236	0	1
21	1778	1420	2983	6341	7783	0.0	1800	0	2236	0	1
21	1776	1420	2987	6343	7798	0.0	1800	0	2236	0	1
21	1780	1420	2981	6340	7771	0.0	1800	0	2236	0	1
21	1777	1420	2984	6340	7788	0.0	1800	0	2236	0	0
21	1763	1409	2953	6282	7772	0.0	1800	0	2236	0	0
21	383	364	277	1058	4146	247.0	1800	0	2236	0	0
21	382	363	276	1054	4143	246.0	1800	0	2236	0	0
21	384	365	277	1059	4139	248.0	1800	0	2236	0	0
21	382	363	276	1055	4143	246.0	1800	0	2236	0	0
21	385	365	277	1060	4132	248.0	1800	0	2236	0	0
22	383	363	276	1055	4136	246.0	1800	0	2368	0	1
22	384	365	277	1060	4139	248.0	1800	0	2368	0	1
22	1170	975	1874	4126	7493	0.0	1800	0	2368	0	1
22	1793	1456	3121	6535	8022	0.0	1800	0	2368	0	1
22	1795	1459	3133	6551	8040	0.0	1800	0	2368	0	1
22	1796	1461	3139	6560	8050	0.0	1800	0	2368	0	1
22	1796	1458	3131	6549	8033	0.0	1800	0	2368	0	1
22	1796	1459	3130	6550	8030	0.0	1800	0	2368	0	1
22	1743	1418	3029	6351	8012	0.0	1800	0	2368	0	1
22	1746	1421	3031	6357	8005	0.0	1800	0	2368	0	1
22	1743	1418	3029	6350	8012	0.0	1800	0	2368	0	1
22	1751	1425	3043	6380	8012	0.0	1800	0	2368	0	1
22	1743	1418	3029	6349	8012	0.0	1800	0	2368	0	1
22	1743	1418	3029	6349	8012	0.0	1800	0	2368	0	1
22	1745	1420	3031	6356	8008	0.0	1800	0	2368	0	1
22	1743	1418	3029	6349	8012	0.0	1800	0	2368	0	1
22	1745	1420	3031	6356	8008	0.0	1800	0	2368	0	1
22	1743	1418	3029	6349	8012	0.0	1800	0	2368	0	1
22	1782	1449	3108	6503	8036	0.0	1800	0	2368	0	1
22	1793	1458	3136	6552	8054	0.0	1800	0	2368	0	1
22	1797	1460	3132	6554	8031	0.0	1800	0	2368	0	1
22	1794	1457	3131	6547	8040	0.0	1800	0	2368	0	1
22	1795	1460	3138	6557	8051	0.0	1800	0	2368	0	1
22	1793	1454	3119	6530	8018	0.0	1800	0	2368	0	1
22	1796	1459	3132	6552	8035	0.0	1800	0	2368	0	1
22	1793	1458	3136	6551	8054	0.0	1800	0	2368	0	1
22	1797	1459	3133	6554	8033	0.0	1800	0	2368	0	1
22	1788	1453	3118	6523	8035	0.0	1800	0	2368	0	1
22	1794	1460	3137	6556	8053	0.0	1800	0	2368	0	0
22	1794	1458	3132	6548	8042	0.0	1800	0	2368	0	0
22	382	363	276	1054	4143	246.0	1800	0	2368	0	0
22	381	362	276	1053	4151	245.0	1800	0	2368	0	0
22	380	361	275	1049	4148	245.0	1800	0	2368	0	0
22	381	362	276	1052	4151	245.0	1800	0	2368	0	0
23	380	361	275	1049	4148	245.0	1800	0	2500	0	1
23	381	362	276	1053	4151	245.0	1800	0	2500	0	1
23	1271	1067	2142	4598	7811	0.0	1800	0	2500	0	1
23	1813	1498	3280	6761	8283	0.0	1800	0	2500	0	1
23	1815	1496	3273	6754	8261	0.0	1800	0	2500	0	1
23	1813	1497	3278	6757	8279	0.0	1800	0	2500	0	1
23	1812	1497	3280	6759	8287	0.0	1800	0	2500	0	1
23	1761	1456	3168	6550	8245	0.0	1800	0	2500	0	1
23	1761	1456	3168	6550	8245	0.0	1800	0	2500	0	1
23	1761	1456	3168	6550	8245	0.0	1800	0	2500	0	1
23	1762	1457	3169	6553	8243	0.0	1800	0	2500	0	1
23	1761	1456	3168	6549	8245	0.0	1800	0	2500	0	1
23	1761	1456	3168	6550	8245	0.0	1800	0	2500	0	1
23	1767	1460	3180	6573	8247	0.0	1800	0	2500	0	1
23	1761	1456	3168	6551	8245	0.0	1800	0	2500	0	1
23	1760	1456	3169	6548	8251	0.0	1800	0	2500	0	1
23	1767	1460	3181	6573	8249	0.0	1800	0	2500	0	1
23	1770	1465	3193	6594	8264	0.0	1800	0	2500	0	1
23	1814	1496	3274	6754	8267	0.0	1800	0	2500	0	1
23	1814	1498	3278	6760	8275	0.0	1800	0	2500	0	1
23	1806	1492	3267	6735	8283	0.0	1800	0	2500	0	1
23	1817	1498	3275	6760	8258	0.0	1800	0	2500	0	1
23	1812	1497	3277	6756	8281	0.0	1800	0	2500	0	1
23	1814	1499	3282	6765	8284	0.0	1800	0	2500	0	1
23	1814	1496	3274	6755	8267	0.0	1800	0	2500	0	1
23	1814	1499	3279	6762	8277	0.0	1800	0	2500	0	1
23	1812	1497	3280	6758	8287	0.0	1800	0	2500	0	1
23	1816	1499	3276	6761	8264	0.0	1800	0	2500	0	1
