Stim	R	G	B	C	Temp	HueLux	Yellow	Red	Blue	Blue2	Trig
1	350	468	405	1263	5799	328.0	0	1500	0	0	1
1	2569	592	645	3609	2234	0.0	0	1500	0	0	1
1	3076	621	701	4147	2134	0.0	0	1500	0	0	1
1	3074	620	700	4143	2133	0.0	0	1500	0	0	1
1	3080	622	702	4153	2134	0.0	0	1500	0	0	1
1	3072	619	700	4140	2134	0.0	0	1500	0	0	1
1	3076	622	702	4149	2135	0.0	0	1500	0	0	1
1	3077	619	700	4145	2133	0.0	0	1500	0	0	1
1	3073	622	702	4147	2136	0.0	0	1500	0	0	1
1	3076	619	700	4144	2133	0.0	0	1500	0	0	1
1	3077	623	703	4151	2135	0.0	0	1500	0	0	1
1	3071	619	699	4139	2133	0.0	0	1500	0	0	1
1	3080	622	703	4154	2136	0.0	0	1500	0	0	1
1	3073	619	699	4140	2132	0.0	0	1500	0	0	1
1	3075	622	702	4149	2136	0.0	0	1500	0	0	1
1	3077	619	700	4145	2133	0.0	0	1500	0	0	1
1	3073	622	702	4147	2136	0.0	0	1500	0	0	1
1	3080	622	703	4153	2135	0.0	0	1500	0	0	1
1	3072	619	699	4140	2133	0.0	0	1500	0	0	1
1	3077	622	702	4150	2135	0.0	0	1500	0	0	1
1	3076	619	700	4144	2133	0.0	0	1500	0	0	1
1	3073	622	702	4146	2136	0.0	0	1500	0	0	1
1	3074	620	700	4143	2133	0.0	0	1500	0	0	1
1	3078	622	702	4151	2135	0.0	0	1500	0	0	1
1	3071	620	700	4140	2134	0.0	0	1500	0	0	1
1	3075	622	702	4147	2135	0.0	0	1500	0	0	1
1	3076	620	701	4147	2134	0.0	0	1500	0	0	1
1	3072	621	702	4145	2136	0.0	0	1500	0	0	0
1	3024	618	695	4092	2143	0.0	0	1500	0	0	0
1	350	468	405	1264	5799	328.0	0	1500	0	0	0
1	350	468	405	1263	5799	328.0	0	1500	0	0	0
1	350	468	405	1263	5799	328.0	0	1500	0	0	0
1	350	468	405	1263	5799	328.0	0	1500	0	0	0
1	349	468	404	1262	5801	329.0	0	1500	0	0	0
2	350	469	405	1264	5799	330.0	0	1500	0	0	1
2	2655	598	656	3703	2216	0.0	0	1500	0	0	1
2	3077	619	700	4145	2133	0.0	0	1500	0	0	1
2	3075	621	701	4147	2134	0.0	0	1500	0	0	1
2	3072	619	699	4140	2133	0.0	0	1500	0	0	1
2	3079	622	702	4152	2135	0.0	0	1500	0	0	1
2	3072	619	699	4139	2133	0.0	0	1500	0	0	1
2	3076	622	702	4150	2135	0.0	0	1500	0	0	1
2	3077	620	700	4145	2132	0.0	0	1500	0	0	1
2	3074	622	702	4148	2136	0.0	0	1500	0	0	1
2	3075	619	700	4143	2133	0.0	0	1500	0	0	1
2	3077	623	703	4152	2136	0.0	0	1500	0	0	1
2	3071	619	700	4139	2134	0.0	0	1500	0	0	1
2	3078	623	703	4152	2135	0.0	0	1500	0	0	1
2	3074	619	700	4142	2133	0.0	0	1500	0	0	1
2	3073	622	702	4147	2136	0.0	0	1500	0	0	1
2	3076	619	700	4145	2133	0.0	0	1500	0	0	1
2	3075	622	702	4149	2136	0.0	0	1500	0	0	1
2	3071	619	700	4139	2134	0.0	0	1500	0	0	1
2	3071	619	700	4139	2134	0.0	0	1500	0	0	1
2	3073	622	702	4146	2136	0.0	0	1500	0	0	1
2	3076	620	701	4145	2133	0.0	0	1500	0	0	1
2	3072	622	702	4145	2136	0.0	0	1500	0	0	1
2	3073	620	700	4142	2134	0.0	0	1500	0	0	1
2	3077	621	702	4149	2135	0.0	0	1500	0	0	1
2	3071	620	700	4141	2134	0.0	0	1500	0	0	1
2	3075	621	701	4147	2134	0.0	0	1500	0	0	1
2	3076	620	701	4146	2134	0.0	0	1500	0	0	0
2	3030	618	696	4098	2141	0.0	0	1500	0	0	0
2	349	468	404	1262	5801	329.0	0	1500	0	0	0
2	349	467	404	1261	5801	328.0	0	1500	0	0	0
2	350	468	405	1262	5799	328.0	0	1500	0	0	0
2	349	467	404	1261	5801	328.0	0	1500	0	0	0
2	350	468	405	1264	5799	328.0	0	1500	0	0	0
3	349	467	404	1261	5801	328.0	0	1500	0	0	1
3	350	469	405	1265	5799	330.0	0	1500	0	0	1
3	2642	595	653	3686	2217	0.0	0	1500	0	0	1
3	3077	620	700	4146	2133	0.0	0	1500	0	0	1
3	3075	622	702	4148	2136	0.0	0	1500	0	0	1
3	3072	619	700	4140	2134	0.0	0	1500	0	0	1
3	3079	622	703	4153	2136	0.0	0	1500	0	0	1
3	3072	619	700	4140	2134	0.0	0	1500	0	0	1
3	3075	622	702	4149	2136	0.0	0	1500	0	0	1
3	3077	619	700	4145	2133	0.0	0	1500	0	0	1
3	3073	622	702	4147	2136	0.0	0	1500	0	0	1
3	3073	619	700	4141	2134	0.0	0	1500	0	0	1
3	3078	622	703	4153	2136	0.0	0	1500	0	0	1
3	3070	619	699	4138	2133	0.0	0	1500	0	0	1
3	3076	622	702	4150	2135	0.0	0	1500	0	0	1
3	3075	619	700	4144	2133	0.0	0	1500	0	0	1
3	3072	622	702	4147	2138	0.0	0	1500	0	0	1
3	3073	619	700	4142	2134	0.0	0	1500	0	0	1
3	3077	622	702	4150	2135	0.0	0	1500	0	0	1
3	3070	619	700	4139	2134	0.0	0	1500	0	0	1
3	3076	622	702	4149	2135	0.0	0	1500	0	0	1
3	3072	621	701	4143	2135	0.0	0	1500	0	0	1
3	3075	620	700	4144	2133	0.0	0	1500	0	0	1
3	3075	621	702	4147	2136	0.0	0	1500	0	0	1
3	3071	620	700	4140	2134	0.0	0	1500	0	0	1
3	3077	622	702	4149	2134	0.0	0	1500	0	0	1
3	3073	621	701	4144	2135	0.0	0	1500	0	0	1
3	3072	621	701	4144	2135	0.0	0	1500	0	0	0
3	2940	614	687	4005	2159	0.0	0	1500	0	0	0
3	350	469	405	1265	5799	330.0	0	1500	0	0	0
3	351	470	406	1267	5798	330.0	0	1500	0	0	0
3	350	469	405	1265	5799	330.0	0	1500	0	0	0
3	351	470	407	1269	5808	329.0	0	1500	0	0	0
3	350	469	405	1265	5799	330.0	0	1500	0	0	0
4	351	471	407	1270	5808	331.0	0	1500	0	0	1
4	350	469	405	1264	5799	330.0	0	1500	0	0	1
4	1131	514	491	2094	3004	84.0	0	1500	0	0	1
4	1738	546	556	2732	2526	0.0	0	1500	0	0	1
4	1736	548	557	2734	2531	0.0	0	1500	0	0	1
4	1739	545	557	2731	2526	0.0	0	1500	0	0	1
4	1722	544	553	2712	2532	0.0	0	1500	0	0	1
4	1688	545	552	2683	2557	0.0	0	1500	0	0	1
4	1686	542	549	2674	2551	0.0	0	1500	0	0	1
4	1688	545	552	2683	2557	0.0	0	1500	0	0	1
4	1686	542	549	2674	2551	0.0	0	1500	0	0	1
4	1688	545	552	2682	2557	0.0	0	1500	0	0	1
4	1686	542	549	2674	2551	0.0	0	1500	0	0	1
4	1688	545	552	2683	2557	0.0	0	1500	0	0	1
4	1686	542	549	2674	2551	0.0	0	1500	0	0	1
4	1688	545	552	2682	2557	0.0	0	1500	0	0	1
4	1686	542	549	2675	2551	0.0	0	1500	0	0	1
4	1688	545	552	2683	2557	0.0	0	1500	0	0	1
4	1739	545	555	2732	2525	0.0	0	1500	0	0	1
4	1736	547	557	2733	2531	0.0	0	1500	0	0	1
4	1735	545	555	2727	2526	0.0	0	1500	0	0	1
4	1741	548	557	2738	2526	0.0	0	1500	0	0	1
4	1728	545	554	2721	2530	0.0	0	1500	0	0	1
4	1737	547	556	2733	2529	0.0	0	1500	0	0	1
4	1735	547	556	2730	2528	0.0	0	1500	0	0	1
4	1732	546	555	2726	2530	0.0	0	1500	0	0	1
4	1739	547	556	2735	2527	0.0	0	1500	0	0	1
4	1735	547	556	2730	2528	0.0	0	1500	0	0	0
4	1739	547	557	2735	2528	0.0	0	1500	0	0	0
4	350	469	406	1266	5810	329.0	0	1500	0	0	0
4	349	468	405	1263	5812	328.0	0	1500	0	0	0
4	350	469	405	1264	5799	330.0	0	1500	0	0	0
4	349	467	404	1260	5801	328.0	0	1500	0	0	0
4	350	469	405	1264	5799	330.0	0	1500	0	0	0
5	348	467	404	1259	5814	328.0	0	1500	131	0	1
5	350	469	405	1264	5799	330.0	0	1500	131	0	1
5	1227	522	530	2226	2989	37.0	0	1500	131	0	1
5	1741	557	606	2798	2639	0.0	0	1500	131	0	1
5	1739	554	604	2790	2636	0.0	0	1500	131	0	1
5	1737	557	606	2794	2642	0.0	0	1500	131	0	1
5	1740	554	604	2791	2635	0.0	0	1500	131	0	1
5	1689	554	599	2741	2667	0.0	0	1500	131	0	1
5	1689	554	599	2741	2667	0.0	0	1500	131	0	1
5	1687	551	596	2733	2661	0.0	0	1500	131	0	1
5	1689	554	599	2741	2667	0.0	0	1500	131	0	1
5	1693	551	597	2740	2659	0.0	0	1500	131	0	1
5	1690	554	599	2742	2666	0.0	0	1500	131	0	1
5	1687	551	597	2733	2662	0.0	0	1500	131	0	1
5	1689	554	599	2742	2667	0.0	0	1500	131	0	1
5	1687	551	597	2734	2664	0.0	0	1500	131	0	1
5	1690	554	599	2742	2666	0.0	0	1500	131	0	1
5	1715	553	601	2765	2648	0.0	0	1500	131	0	1
5	1740	557	607	2797	2642	0.0	0	1500	131	0	1
5	1729	553	603	2779	2641	0.0	0	1500	131	0	1
5	1741	556	606	2796	2639	0.0	0	1500	131	0	1
5	1738	554	604	2789	2636	0.0	0	1500	131	0	1
5	1736	555	605	2790	2640	0.0	0	1500	131	0	1
5	1738	554	604	2789	2636	0.0	0	1500	131	0	1
5	1740	555	605	2793	2637	0.0	0	1500	131	0	1
5	1735	553	603	2785	2636	0.0	0	1500	131	0	1
5	1739	554	604	2791	2636	0.0	0	1500	131	0	1
5	1729	554	603	2780	2641	0.0	0	1500	131	0	0
5	1687	551	597	2734	2664	0.0	0	1500	131	0	0
5	348	467	404	1259	5814	328.0	0	1500	131	0	0
5	349	467	404	1260	5801	328.0	0	1500	131	0	0
5	348	466	403	1258	5803	327.0	0	1500	131	0	0
5	349	467	404	1260	5801	328.0	0	1500	131	0	0
5	348	466	403	1257	5803	327.0	0	1500	131	0	0
6	349	467	404	1261	5801	328.0	0	1500	263	0	1
6	348	466	403	1256	5803	327.0	0	1500	263	0	1
6	1214	544	645	2356	3380	0.0	0	1500	263	0	1
6	1742	588	789	3020	3056	0.0	0	1500	263	0	1
6	1748	591	793	3032	3058	0.0	0	1500	263	0	1
6	1740	589	790	3019	3059	0.0	0	1500	263	0	1
6	1738	591	790	3019	3061	0.0	0	1500	263	0	1
6	1692	584	776	2956	3078	0.0	0	1500	263	0	1
6	1694	587	778	2964	3082	0.0	0	1500	263	0	1
6	1692	584	776	2956	3078	0.0	0	1500	263	0	1
6	1692	583	775	2955	3077	0.0	0	1500	263	0	1
6	1694	587	778	2964	3082	0.0	0	1500	263	0	1
6	1692	584	776	2956	3078	0.0	0	1500	263	0	1
6	1700	588	780	2973	3080	0.0	0	1500	263	0	1
6	1692	584	776	2957	3079	0.0	0	1500	263	0	1
6	1695	587	779	2966	3083	0.0	0	1500	263	0	1
6	1692	584	776	2957	3079	0.0	0	1500	263	0	1
6	1702	588	781	2975	3079	0.0	0	1500	263	0	1
6	1746	589	791	3026	3055	0.0	0	1500	263	0	1
6	1742	591	793	3027	3065	0.0	0	1500	263	0	1
6	1742	589	790	3020	3057	0.0	0	1500	263	0	1
6	1742	591	792	3025	3061	0.0	0	1500	263	0	1
6	1741	589	791	3021	3060	0.0	0	1500	263	0	1
6	1745	592	792	3028	3058	0.0	0	1500	263	0	1
6	1746	590	791	3026	3055	0.0	0	1500	263	0	1
6	1741	590	791	3023	3061	0.0	0	1500	263	0	1
6	1745	590	791	3025	3056	0.0	0	1500	263	0	1
6	1747	592	793	3031	3059	0.0	0	1500	263	0	0
6	1700	587	779	3024	3111	0.0	0	1500	263	0	0
6	350	469	405	1265	5799	330.0	0	1500	263	0	0
6	350	469	405	1265	5799	330.0	0	1500	263	0	0
6	351	470	406	1267	5798	330.0	0	1500	263	0	0
6	350	469	405	1265	5799	330.0	0	1500	263	0	0
6	351	470	406	1269	5798	330.0	0	1500	263	0	0
7	350	469	405	1264	5799	330.0	0	1500	394	0	1
7	351	470	406	1268	5798	330.0	0	1500	394	0	1
7	1043	548	700	2267	3933	13.0	0	1500	394	0	1
7	1754	632	1002	3295	3523	0.0	0	1500	394	0	1
7	1748	630	999	3285	3524	0.0	0	1500	394	0	1
7	1751	633	1003	3295	3529	0.0	0	1500	394	0	1
7	1752	630	999	3288	3519	0.0	0	1500	394	0	1
7	1756	633	1004	3301	3525	0.0	0	1500	394	0	1
7	1719	626	986	3241	3532	0.0	0	1500	394	0	1
7	1703	627	981	3223	3542	0.0	0	1500	394	0	1
7	1701	624	979	3215	3540	0.0	0	1500	394	0	1
7	1703	627	981	3223	3542	0.0	0	1500	394	0	1
7	1707	624	981	3222	3536	0.0	0	1500	394	0	1
7	1701	624	979	3215	3540	0.0	0	1500	394	0	1
7	1703	627	981	3223	3542	0.0	0	1500	394	0	1
7	1700	624	978	3215	3540	0.0	0	1500	394	0	1
7	1703	627	981	3223	3542	0.0	0	1500	394	0	1
7	1700	624	979	3215	3542	0.0	0	1500	394	0	1
7	1703	627	981	3223	3542	0.0	0	1500	394	0	1
7	1751	630	1001	3289	3525	0.0	0	1500	394	0	1
7	1751	632	1001	3292	3525	0.0	0	1500	394	0	1
7	1754	630	1000	3291	3519	0.0	0	1500	394	0	1
7	1753	632	1003	3295	3527	0.0	0	1500	394	0	1
7	1749	630	1000	3286	3525	0.0	0	1500	394	0	1
7	1755	632	1000	3293	3516	0.0	0	1500	394	0	1
7	1752	631	1002	3292	3526	0.0	0	1500	394	0	1
7	1750	631	1001	3290	3526	0.0	0	1500	394	0	1
7	1755	631	1000	3293	3517	0.0	0	1500	394	0	1
7	1747	631	1000	3286	3527	0.0	0	1500	394	0	0
7	1750	631	1000	3288	3524	0.0	0	1500	394	0	0
7	422	476	434	1366	5309	296.0	0	1500	394	0	0
7	350	468	404	1262	5788	329.0	0	1500	394	0	0
7	350	469	405	1265	5799	330.0	0	1500	394	0	0
7	349	467	404	1261	5801	328.0	0	1500	394	0	0
8	350	468	405	1264	5799	328.0	0	1500	526	0	1
8	349	467	404	1259	5801	328.0	0	1500	526	0	1
8	1139	585	868	2563	4283	0.0	0	1500	526	0	1
8	1758	673	1226	3571	4019	0.0	0	1500	526	0	1
8	1764	676	1229	3583	4016	0.0	0	1500	526	0	1
8	1761	674	1229	3578	4021	0.0	0	1500	526	0	1
8	1760	676	1228	3579	4021	0.0	0	1500	526	0	1
8	1751	671	1219	3556	4014	0.0	0	1500	526	0	1
8	1711	669	1200	3499	4035	0.0	0	1500	526	0	1
8	1709	665	1197	3490	4032	0.0	0	1500	526	0	1
8	1711	669	1200	3499	4035	0.0	0	1500	526	0	1
8	1708	666	1197	3491	4033	0.0	0	1500	526	0	1
8	1711	669	1200	3499	4035	0.0	0	1500	526	0	1
8	1708	666	1198	3491	4036	0.0	0	1500	526	0	1
8	1717	670	1204	3509	4034	0.0	0	1500	526	0	1
8	1710	668	1200	3498	4037	0.0	0	1500	526	0	1
8	1708	666	1198	3491	4036	0.0	0	1500	526	0	1
8	1717	669	1201	3505	4027	0.0	0	1500	526	0	1
8	1751	673	1224	3564	4026	0.0	0	1500	526	0	1
8	1759	676	1231	3581	4029	0.0	0	1500	526	0	1
8	1760	673	1226	3574	4016	0.0	0	1500	526	0	1
8	1756	674	1227	3572	4025	0.0	0	1500	526	0	1
8	1756	672	1226	3569	4022	0.0	0	1500	526	0	1
8	1761	673	1226	3575	4015	0.0	0	1500	526	0	1
8	1758	672	1228	3572	4023	0.0	0	1500	526	0	1
8	1755	671	1225	3566	4022	0.0	0	1500	526	0	1
8	1760	670	1224	3569	4012	0.0	0	1500	526	0	1
8	1757	671	1227	3569	4022	0.0	0	1500	526	0	1
8	1754	670	1224	3563	4021	0.0	0	1500	526	0	0
8	1760	670	1225	3569	4013	0.0	0	1500	526	0	0
8	348	466	403	1256	5803	327.0	0	1500	526	0	0
8	348	465	403	1256	5803	326.0	0	1500	526	0	0
8	349	467	404	1261	5801	328.0	0	1500	526	0	0
8	349	468	404	1262	5801	329.0	0	1500	526	0	0
8	348	466	403	1257	5803	327.0	0	1500	526	0	0
9	349	468	405	1263	5812	328.0	0	1500	657	0	1
9	1132	604	985	2696	4700	0.0	0	1500	657	0	1
9	1771	718	1459	3871	4515	0.0	0	1500	657	0	1
9	1764	715	1456	3859	4521	0.0	0	1500	657	0	1
9	1769	718	1456	3866	4512	0.0	0	1500	657	0	1
9	1769	716	1457	3865	4514	0.0	0	1500	657	0	1
9	1767	719	1455	3864	4513	0.0	0	1500	657	0	1
9	1716	707	1417	3767	4522	0.0	0	1500	657	0	1
9	1718	710	1420	3776	4525	0.0	0	1500	657	0	1
9	1715	707	1417	3766	4524	0.0	0	1500	657	0	1
9	1718	710	1420	3775	4525	0.0	0	1500	657	0	1
9	1715	707	1417	3766	4524	0.0	0	1500	657	0	1
9	1717	710	1420	3774	4527	0.0	0	1500	657	0	1
9	1715	707	1417	3766	4524	0.0	0	1500	657	0	1
9	1717	709	1419	3773	4525	0.0	0	1500	657	0	1
9	1721	707	1421	3775	4522	0.0	0	1500	657	0	1
9	1715	706	1417	3764	4524	0.0	0	1500	657	0	1
9	1747	714	1444	3830	4525	0.0	0	1500	657	0	1
9	1769	714	1450	3855	4498	0.0	0	1500	657	0	1
9	1768	717	1459	3867	4520	0.0	0	1500	657	0	1
9	1764	715	1453	3854	4514	0.0	0	1500	657	0	1
9	1771	716	1455	3864	4505	0.0	0	1500	657	0	1
9	1761	715	1453	3851	4519	0.0	0	1500	657	0	1
9	1765	716	1454	3858	4514	0.0	0	1500	657	0	1
9	1770	716	1454	3862	4505	0.0	0	1500	657	0	1
9	1766	716	1458	3863	4521	0.0	0	1500	657	0	1
9	1766	716	1454	3858	4512	0.0	0	1500	657	0	1
9	1770	716	1456	3864	4509	0.0	0	1500	657	0	0
9	1765	717	1458	3863	4523	0.0	0	1500	657	0	0
9	348	466	403	1258	5803	327.0	0	1500	657	0	0
9	349	467	404	1261	5801	328.0	0	1500	657	0	0
9	348	466	403	1257	5803	327.0	0	1500	657	0	0
9	349	467	404	1261	5801	328.0	0	1500	657	0	0
9	347	465	402	1255	5804	327.0	0	1500	657	0	0
10	349	465	402	1261	5779	326.0	0	1500	789	0	1
10	957	593	954	2499	5189	0.0	0	1500	789	0	1
10	1772	758	1681	4141	5001	0.0	0	1500	789	0	1
10	1780	761	1684	4155	4991	0.0	0	1500	789	0	1
10	1774	758	1686	4149	5008	0.0	0	1500	789	0	1
10	1769	760	1679	4139	5003	0.0	0	1500	789	0	1
10	1778	758	1682	4148	4991	0.0	0	1500	789	0	1
10	1774	762	1689	4155	5014	0.0	0	1500	789	0	1
10	1723	748	1637	4041	5007	0.0	0	1500	789	0	1
10	1725	752	1645	4058	5020	0.0	0	1500	789	0	1
10	1722	747	1636	4039	5007	0.0	0	1500	789	0	1
10	1724	750	1639	4048	5009	0.0	0	1500	789	0	1
10	1722	747	1636	4040	5007	0.0	0	1500	789	0	1
10	1730	751	1644	4059	5007	0.0	0	1500	789	0	1
10	1722	747	1636	4040	5007	0.0	0	1500	789	0	1
10	1724	749	1639	4046	5009	0.0	0	1500	789	0	1
10	1722	746	1636	4039	5007	0.0	0	1500	789	0	1
10	1723	749	1638	4045	5009	0.0	0	1500	789	0	1
10	1722	747	1636	4039	5007	0.0	0	1500	789	0	1
10	1777	757	1682	4146	4993	0.0	0	1500	789	0	1
10	1767	759	1686	4144	5022	0.0	0	1500	789	0	1
10	1773	757	1681	4142	4999	0.0	0	1500	789	0	1
10	1778	759	1683	4150	4993	0.0	0	1500	789	0	1
10	1772	759	1686	4148	5012	0.0	0	1500	789	0	1
10	1774	758	1681	4143	4997	0.0	0	1500	789	0	1
10	1777	758	1684	4149	4997	0.0	0	1500	789	0	1
10	1772	758	1686	4146	5012	0.0	0	1500	789	0	1
10	1774	758	1682	4144	4999	0.0	0	1500	789	0	0
10	1776	757	1684	4147	4999	0.0	0	1500	789	0	0
10	507	498	546	1580	5494	221.0	0	1500	789	0	0
10	347	464	401	1252	5793	326.0	0	1500	789	0	0
10	348	466	403	1257	5803	327.0	0	1500	789	0	0
10	346	464	401	1251	5806	326.0	0	1500	789	0	0
10	348	466	403	1258	5803	327.0	0	1500	789	0	0
11	346	464	401	1251	5806	326.0	0	1500	921	0	1
11	348	466	403	1259	5803	327.0	0	1500	921	0	1
11	1061	631	1154	2836	5536	0.0	0	1500	921	0	1
11	1779	800	1910	4427	5486	0.0	0	1500	921	0	1
11	1787	803	1912	4440	5472	0.0	0	1500	921	0	1
11	1781	801	1915	4434	5492	0.0	0	1500	921	0	1
11	1783	803	1912	4435	5481	0.0	0	1500	921	0	1
11	1748	792	1871	4350	5473	0.0	0	1500	921	0	1
11	1732	792	1860	4325	5487	0.0	0	1500	921	0	1
11	1730	788	1857	4316	5485	0.0	0	1500	921	0	1
11	1732	791	1859	4325	5484	0.0	0	1500	921	0	1
11	1730	788	1857	4317	5485	0.0	0	1500	921	0	1
11	1732	791	1859	4324	5485	0.0	0	1500	921	0	1
11	1730	788	1857	4317	5485	0.0	0	1500	921	0	1
11	1731	791	1859	4323	5487	0.0	0	1500	921	0	1
11	1730	789	1863	4323	5498	0.0	0	1500	921	0	1
11	1731	790	1859	4322	5487	0.0	0	1500	921	0	1
11	1730	789	1857	4316	5485	0.0	0	1500	921	0	1
11	1731	790	1858	4321	5485	0.0	0	1500	921	0	1
11	1781	802	1915	4436	5492	0.0	0	1500	921	0	1
11	1780	801	1910	4430	5484	0.0	0	1500	921	0	1
11	1781	802	1916	4437	5494	0.0	0	1500	921	0	1
11	1775	800	1904	4417	5482	0.0	0	1500	921	0	1
11	1786	802	1911	4436	5472	0.0	0	1500	921	0	1
11	1781	803	1916	4438	5494	0.0	0	1500	921	0	1
11	1781	801	1910	4430	5481	0.0	0	1500	921	0	1
11	1780	802	1912	4433	5488	0.0	0	1500	921	0	1
11	1780	802	1915	4435	5495	0.0	0	1500	921	0	0
11	1783	802	1911	4435	5479	0.0	0	1500	921	0	0
11	413	479	467	1395	5699	280.0	0	1500	921	0	0
11	348	466	403	1258	5803	327.0	0	1500	921	0	0
11	346	464	401	1252	5806	326.0	0	1500	921	0	0
11	348	466	403	1258	5803	327.0	0	1500	921	0	0
11	346	464	401	1251	5806	326.0	0	1500	921	0	0
12	348	466	403	1259	5803	327.0	0	1500	1052	0	1
12	346	464	401	1251	5806	326.0	0	1500	1052	0	1
12	1050	653	1255	2953	5946	0.0	0	1500	1052	0	1
12	1791	843	2137	4716	5948	0.0	0	1500	1052	0	1
12	1794	847	2144	4731	5955	0.0	0	1500	1052	0	1
12	1793	846	2139	4725	5947	0.0	0	1500	1052	0	1
12	1791	844	2142	4722	5959	0.0	0	1500	1052	0	1
12	1765	839	2107	4658	5950	0.0	0	1500	1052	0	1
12	1744	831	2084	4607	5955	0.0	0	1500	1052	0	1
12	1739	833	2079	4600	5956	0.0	0	1500	1052	0	1
12	1737	830	2077	4593	5957	0.0	0	1500	1052	0	1
12	1739	833	2079	4600	5956	0.0	0	1500	1052	0	1
12	1737	830	2077	4593	5957	0.0	0	1500	1052	0	1
12	1739	832	2079	4600	5956	0.0	0	1500	1052	0	1
12	1737	830	2076	4593	5955	0.0	0	1500	1052	0	1
12	1739	832	2078	4599	5954	0.0	0	1500	1052	0	1
12	1738	831	2077	4595	5954	0.0	0	1500	1052	0	1
12	1739	833	2085	4607	5970	0.0	0	1500	1052	0	1
12	1738	831	2077	4595	5954	0.0	0	1500	1052	0	1
12	1788	846	2143	4723	5969	0.0	0	1500	1052	0	1
12	1792	844	2138	4719	5947	0.0	0	1500	1052	0	1
12	1792	846	2143	4726	5958	0.0	0	1500	1052	0	1
12	1788	846	2143	4723	5969	0.0	0	1500	1052	0	1
12	1793	846	2143	4720	5957	0.0	0	1500	1052	0	1
12	1781	843	2135	4705	5969	0.0	0	1500	1052	0	1
12	1793	845	2139	4722	5947	0.0	0	1500	1052	0	1
12	1791	845	2143	4724	5961	0.0	0	1500	1052	0	1
12	1789	846	2142	4724	5963	0.0	0	1500	1052	0	0
12	1792	843	2137	4718	5945	0.0	0	1500	1052	0	0
12	431	487	501	1454	5819	262.0	0	1500	1052	0	0
12	346	464	401	1251	5806	326.0	0	1500	1052	0	0
12	348	466	403	1258	5803	327.0	0	1500	1052	0	0
12	346	464	401	1251	5806	326.0	0	1500	1052	0	0
12	348	466	403	1259	5803	327.0	0	1500	1052	0	0
13	346	463	401	1250	5806	324.0	0	1500	1184	0	1
13	348	466	404	1259	5814	326.0	0	1500	1184	0	1
13	871	618	1119	2617	6285	0.0	0	1500	1184	0	1
13	1804	890	2369	5015	6410	0.0	0	1500	1184	0	1
13	1796	888	2373	5011	6440	0.0	0	1500	1184	0	1
13	1799	889	2369	5011	6423	0.0	0	1500	1184	0	1
13	1802	887	2366	5007	6409	0.0	0	1500	1184	0	1
13	1799	891	2359	5020	6396	0.0	0	1500	1184	0	1
13	1804	890	2369	5016	6409	0.0	0	1500	1184	0	1
13	1746	872	2298	4873	6420	0.0	0	1500	1184	0	1
13	1747	875	2300	4880	6421	0.0	0	1500	1184	0	1
13	1746	873	2298	4873	6420	0.0	0	1500	1184	0	1
13	1748	875	2300	4879	6419	0.0	0	1500	1184	0	1
13	1746	873	2299	4875	6422	0.0	0	1500	1184	0	1
13	1747	874	2300	4878	6421	0.0	0	1500	1184	0	1
13	1753	875	2307	4891	6420	0.0	0	1500	1184	0	1
13	1747	874	2300	4878	6421	0.0	0	1500	1184	0	1
13	1747	873	2299	4875	6420	0.0	0	1500	1184	0	1
13	1747	874	2299	4877	6419	0.0	0	1500	1184	0	1
13	1747	874	2299	4877	6419	0.0	0	1500	1184	0	1
13	1747	874	2299	4876	6420	0.0	0	1500	1184	0	1
13	1797	890	2375	5016	6442	0.0	0	1500	1184	0	1
13	1799	888	2367	5007	6419	0.0	0	1500	1184	0	1
13	1796	888	2361	4999	6415	0.0	0	1500	1184	0	1
13	1796	889	2374	5013	6443	0.0	0	1500	1184	0	1
13	1799	889	2368	5009	6421	0.0	0	1500	1184	0	1
13	1798	891	2376	5018	6441	0.0	0	1500	1184	0	1
13	1798	887	2366	5005	6420	0.0	0	1500	1184	0	0
13	1802	891	2373	5019	6423	0.0	0	1500	1184	0	0
13	609	540	756	1930	6120	101.0	0	1500	1184	0	0
13	349	467	404	1261	5801	328.0	0	1500	1184	0	0
13	347	464	402	1253	5804	325.0	0	1500	1184	0	0
13	349	468	405	1262	5812	328.0	0	1500	1184	0	0
13	347	465	402	1255	5804	327.0	0	1500	1184	0	0
14	350	469	405	1265	5799	330.0	0	1500	1315	0	1
14	347	465	402	1255	5804	327.0	0	1500	1315	0	1
14	976	669	1349	3001	6657	0.0	0	1500	1315	0	1
14	1808	932	2601	5303	6889	0.0	0	1500	1315	0	1
14	1807	935	2602	5307	6894	0.0	0	1500	1315	0	1
14	1803	929	2586	5279	6873	0.0	0	1500	1315	0	1
14	1809	935	2605	5312	6894	0.0	0	1500	1315	0	1
14	1805	932	2598	5296	6892	0.0	0	1500	1315	0	1
14	1812	934	2598	5305	6871	0.0	0	1500	1315	0	1
14	1761	917	2529	5170	6879	0.0	0	1500	1315	0	1
14	1754	916	2520	5154	6882	0.0	0	1500	1315	0	1
14	1756	918	2521	5159	6878	0.0	0	1500	1315	0	1
14	1761	916	2520	5161	6860	0.0	0	1500	1315	0	1
14	1756	917	2521	5159	6877	0.0	0	1500	1315	0	1
14	1755	916	2520	5155	6878	0.0	0	1500	1315	0	1
14	1756	918	2521	5159	6878	0.0	0	1500	1315	0	1
14	1756	917	2521	5158	6878	0.0	0	1500	1315	0	1
14	1756	918	2521	5159	6878	0.0	0	1500	1315	0	1
14	1756	917	2521	5159	6877	0.0	0	1500	1315	0	1
14	1756	917	2521	5159	6877	0.0	0	1500	1315	0	1
14	1807	935	2605	5309	6901	0.0	0	1500	1315	0	1
14	1808	933	2596	5299	6879	0.0	0	1500	1315	0	1
14	1811	934	2600	5307	6878	0.0	0	1500	1315	0	1
14	1805	934	2604	5304	6905	0.0	0	1500	1315	0	1
14	1809	933	2597	5300	6878	0.0	0	1500	1315	0	1
14	1809	931	2590	5291	6863	0.0	0	1500	1315	0	1
14	1806	935	2605	5308	6904	0.0	0	1500	1315	0	1
14	1808	931	2595	5296	6877	0.0	0	1500	1315	0	1
14	1798	931	2592	5283	6901	0.0	0	1500	1315	0	0
14	519	520	651	1721	6170	175.0	0	1500	1315	0	0
14	347	465	402	1254	5804	327.0	0	1500	1315	0	0
14	349	468	404	1262	5801	329.0	0	1500	1315	0	0
14	347	465	402	1254	5804	327.0	0	1500	1315	0	0
14	350	468	405	1263	5799	328.0	0	1500	1315	0	0
15	347	465	402	1254	5804	327.0	0	1500	1447	0	1
15	350	468	405	1263	5799	328.0	0	1500	1447	0	1
15	967	681	1429	3087	7021	0.0	0	1500	1447	0	1
15	1816	978	2827	5590	7339	0.0	0	1500	1447	0	1
15	1817	976	2826	5587	7335	0.0	0	1500	1447	0	1
15	1820	980	2833	5602	7339	0.0	0	1500	1447	0	1
15	1814	977	2834	5594	7361	0.0	0	1500	1447	0	1
15	1812	976	2818	5575	7333	0.0	0	1500	1447	0	1
15	1818	976	2831	5593	7342	0.0	0	1500	1447	0	1
15	1771	962	2752	5457	7328	0.0	0	1500	1447	0	1
15	1762	958	2742	5434	7337	0.0	0	1500	1447	0	1
15	1770	962	2754	5458	7335	0.0	0	1500	1447	0	1
15	1764	960	2743	5439	7332	0.0	0	1500	1447	0	1
15	1762	958	2742	5434	7337	0.0	0	1500	1447	0	1
15	1764	959	2743	5439	7331	0.0	0	1500	1447	0	1
15	1763	958	2742	5435	7333	0.0	0	1500	1447	0	1
15	1763	959	2743	5437	7335	0.0	0	1500	1447	0	1
15	1763	958	2742	5435	7333	0.0	0	1500	1447	0	1
15	1763	959	2743	5436	7335	0.0	0	1500	1447	0	1
15	1763	958	2742	5435	7333	0.0	0	1500	1447	0	1
15	1814	977	2832	5593	7356	0.0	0	1500	1447	0	1
15	1818	976	2827	5590	7333	0.0	0	1500	1447	0	1
15	1816	977	2832	5594	7350	0.0	0	1500	1447	0	1
15	1813	977	2832	5592	7360	0.0	0	1500	1447	0	1
15	1817	975	2825	5585	7333	0.0	0	1500	1447	0	1
15	1815	977	2833	5594	7355	0.0	0	1500	1447	0	1
15	1811	974	2829	5584	7360	0.0	0	1500	1447	0	1
15	1811	973	2815	5569	7330	0.0	0	1500	1447	0	1
15	1813	974	2831	5589	7356	0.0	0	1500	1447	0	0
15	1812	976	2830	5587	7359	0.0	0	1500	1447	0	0
15	528	465	402	1777	4291	268.0	0	1500	1447	0	0
15	345	462	400	1248	5808	324.0	0	1500	1447	0	0
15	347	465	403	1255	5815	326.0	0	1500	1447	0	0
15	345	462	400	1248	5808	324.0	0	1500	1447	0	0
15	347	465	403	1256	5815	326.0	0	1500	1447	0	0
16	345	462	400	1248	5808	324.0	0	1500	1578	0	1
16	780	629	1187	2618	7189	0.0	0	1500	1578	0	1
16	1820	1017	3058	5872	7808	0.0	0	1500	1578	0	1
16	1827	1020	3056	5879	7780	0.0	0	1500	1578	0	1
16	1817	1018	3059	5871	7821	0.0	0	1500	1578	0	1
16	1823	1021	3062	5884	7806	0.0	0	1500	1578	0	1
16	1825	1018	3053	5872	7781	0.0	0	1500	1578	0	1
16	1826	1022	3062	5887	7795	0.0	0	1500	1578	0	1
16	1821	1019	3061	5878	7811	0.0	0	1500	1578	0	1
16	1827	1021	3057	5882	7781	0.0	0	1500	1578	0	1
16	1771	1000	2962	5712	7777	0.0	0	1500	1578	0	1
16	1773	1003	2965	5721	7777	0.0	0	1500	1578	0	1
16	1771	1000	2963	5714	7779	0.0	0	1500	1578	0	1
16	1773	1003	2965	5721	7777	0.0	0	1500	1578	0	1
16	1773	1003	2965	5722	7775	0.0	0	1500	1578	0	1
16	1772	1001	2964	5717	7778	0.0	0	1500	1578	0	1
16	1779	1005	2977	5741	7781	0.0	0	1500	1578	0	1
16	1772	1001	2964	5717	7778	0.0	0	1500	1578	0	1
16	1773	1003	2965	5720	7777	0.0	0	1500	1578	0	1
16	1772	1001	2964	5717	7778	0.0	0	1500	1578	0	1
16	1789	1009	2998	5775	7790	0.0	0	1500	1578	0	1
16	1827	1022	3060	5886	7787	0.0	0	1500	1578	0	1
16	1823	1022	3064	5888	7808	0.0	0	1500	1578	0	1
16	1826	1021	3056	5879	7784	0.0	0	1500	1578	0	1
16	1820	1019	3048	5864	7787	0.0	0	1500	1578	0	1
16	1823	1023	3065	5889	7812	0.0	0	1500	1578	0	1
16	1826	1020	3055	5878	7780	0.0	0	1500	1578	0	1
16	1827	1022	3061	5886	7791	0.0	0	1500	1578	0	0
16	1823	1021	3064	5885	7810	0.0	0	1500	1578	0	0
16	724	606	1068	2422	7011	0.0	0	1500	1578	0	0
16	348	466	402	1256	5792	328.0	0	1500	1578	0	0
16	349	467	404	1261	5801	328.0	0	1500	1578	0	0
16	349	468	404	1262	5801	329.0	0	1500	1578	0	0
16	348	465	402	1256	5792	326.0	0	1500	1578	0	0
17	349	468	405	1263	5812	328.0	0	1500	1710	0	1
17	884	682	1449	3036	7636	0.0	0	1500	1710	0	1
17	1833	1068	3298	6184	8257	0.0	0	1500	1710	0	1
17	1834	1063	3286	6168	8228	0.0	0	1500	1710	0	1
17	1837	1067	3294	6182	8236	0.0	0	1500	1710	0	1
17	1830	1064	3294	6174	8260	0.0	0	1500	1710	0	1
17	1831	1064	3276	6156	8219	0.0	0	1500	1710	0	1
17	1833	1064	3292	6174	8245	0.0	0	1500	1710	0	1
17	1832	1067	3296	6180	8257	0.0	0	1500	1710	0	1
17	1778	1042	3186	5992	8230	0.0	0	1500	1710	0	1
17	1781	1047	3200	6015	8246	0.0	0	1500	1710	0	1
17	1778	1042	3186	5993	8228	0.0	0	1500	1710	0	1
17	1781	1045	3188	6001	8221	0.0	0	1500	1710	0	1
17	1778	1042	3185	5993	8226	0.0	0	1500	1710	0	1
17	1787	1047	3200	6022	8223	0.0	0	1500	1710	0	1
17	1779	1042	3186	5994	8224	0.0	0	1500	1710	0	1
17	1779	1042	3186	5994	8224	0.0	0	1500	1710	0	1
17	1780	1045	3188	6001	8224	0.0	0	1500	1710	0	1
17	1778	1043	3186	5994	8228	0.0	0	1500	1710	0	1
17	1780	1045	3188	6000	8224	0.0	0	1500	1710	0	1
17	1835	1064	3286	6170	8225	0.0	0	1500	1710	0	1
17	1834	1067	3296	6182	8249	0.0	0	1500	1710	0	1
17	1831	1065	3292	6172	8254	0.0	0	1500	1710	0	1
17	1837	1065	3288	6175	8221	0.0	0	1500	1710	0	1
17	1832	1065	3294	6177	8253	0.0	0	1500	1710	0	1
17	1831	1066	3293	6176	8254	0.0	0	1500	1710	0	1
17	1835	1064	3287	6171	8227	0.0	0	1500	1710	0	1
17	1833	1066	3293	6178	8247	0.0	0	1500	1710	0	0
17	1831	1066	3294	6175	8258	0.0	0	1500	1710	0	0
17	623	575	926	2155	7054	27.0	0	1500	1710	0	0
17	349	467	404	1261	5801	328.0	0	1500	1710	0	0
17	349	467	404	1260	5801	328.0	0	1500	1710	0	0
17	349	468	404	1261	5801	329.0	0	1500	1710	0	0
17	348	467	403	1259	5803	329.0	0	1500	1710	0	0
18	348	466	403	1258	5803	327.0	0	1500	1842	0	1
18	870	693	1496	3084	7942	0.0	0	1500	1842	0	1
18	1839	1110	3528	6471	8705	0.0	0	1500	1842	0	1
18	1844	1110	3521	6467	8673	0.0	0	1500	1842	0	1
18	1843	1109	3523	6467	8681	0.0	0	1500	1842	0	1
18	1840	1112	3531	6477	8708	0.0	0	1500	1842	0	1
18	1842	1108	3519	6461	8677	0.0	0	1500	1842	0	1
18	1844	1111	3525	6473	8679	0.0	0	1500	1842	0	1
18	1832	1107	3516	6448	8708	0.0	0	1500	1842	0	1
18	1789	1088	3413	6285	8663	0.0	0	1500	1842	0	1
18	1786	1085	3410	6276	8669	0.0	0	1500	1842	0	1
18	1789	1089	3413	6285	8665	0.0	0	1500	1842	0	1
18	1793	1088	3424	6299	8672	0.0	0	1500	1842	0	1
18	1790	1089	3413	6286	8661	0.0	0	1500	1842	0	1
18	1787	1085	3410	6277	8665	0.0	0	1500	1842	0	1
18	1790	1089	3413	6286	8661	0.0	0	1500	1842	0	1
18	1794	1088	3423	6299	8666	0.0	0	1500	1842	0	1
18	1790	1088	3412	6284	8659	0.0	0	1500	1842	0	1
18	1789	1088	3412	6284	8661	0.0	0	1500	1842	0	1
18	1787	1085	3410	6275	8667	0.0	0	1500	1842	0	1
18	1842	1111	3525	6471	8687	0.0	0	1500	1842	0	1
18	1844	1107	3518	6461	8667	0.0	0	1500	1842	0	1
18	1841	1111	3530	6475	8702	0.0	0	1500	1842	0	1
18	1839	1107	3522	6461	8693	0.0	0	1500	1842	0	1
18	1846	1109	3520	6467	8663	0.0	0	1500	1842	0	1
18	1839	1108	3527	6467	8703	0.0	0	1500	1842	0	1
18	1841	1110	3525	6468	8693	0.0	0	1500	1842	0	1
18	1844	1107	3518	6460	8667	0.0	0	1500	1842	0	0
18	1840	1108	3515	6456	8675	0.0	0	1500	1842	0	0
18	642	591	1014	2278	7408	0.0	0	1500	1842	0	0
18	348	466	404	1259	5814	326.0	0	1500	1842	0	0
18	348	466	403	1257	5803	327.0	0	1500	1842	0	0
18	349	468	404	1262	5801	329.0	0	1500	1842	0	0
18	349	467	404	1260	5801	328.0	0	1500	1842	0	0
19	349	468	404	1262	5801	329.0	0	1500	1973	0	1
19	349	467	404	1260	5801	328.0	0	1500	1973	0	1
19	684	1152	3744	2489	1520	0.0	0	1500	1973	0	1
19	1849	1154	3758	6762	9134	0.0	0	1500	1973	0	1
19	1854	1153	3750	6757	9097	0.0	0	1500	1973	0	1
19	1850	1153	3758	6760	9130	0.0	0	1500	1973	0	1
19	1842	1151	3744	6737	9135	0.0	0	1500	1973	0	1
19	1852	1151	3749	6752	9103	0.0	0	1500	1973	0	1
19	1851	1154	3757	6762	9124	0.0	0	1500	1973	0	1
19	1847	1152	3758	6757	9143	0.0	0	1500	1973	0	1
19	1853	1153	3750	6756	9101	0.0	0	1500	1973	0	1
19	1795	1127	3633	6556	9102	0.0	0	1500	1973	0	1
19	1796	1129	3634	6561	9100	0.0	0	1500	1973	0	1
19	1794	1126	3632	6554	9104	0.0	0	1500	1973	0	1
19	1796	1129	3634	6561	9100	0.0	0	1500	1973	0	1
19	1794	1126	3632	6554	9104	0.0	0	1500	1973	0	1
19	1796	1129	3634	6562	9100	0.0	0	1500	1973	0	1
19	1794	1127	3632	6554	9104	0.0	0	1500	1973	0	1
19	1796	1130	3634	6563	9100	0.0	0	1500	1973	0	1
19	1795	1129	3646	6572	9129	0.0	0	1500	1973	0	1
19	1797	1130	3635	6563	9097	0.0	0	1500	1973	0	1
19	1824	1144	3705	6675	9130	0.0	0	1500	1973	0	1
19	1852	1151	3748	6751	9101	0.0	0	1500	1973	0	1
19	1851	1155	3758	6765	9126	0.0	0	1500	1973	0	1
19	1846	1152	3756	6756	9143	0.0	0	1500	1973	0	1
19	1853	1154	3751	6758	9103	0.0	0	1500	1973	0	1
19	1843	1149	3739	6731	9120	0.0	0	1500	1973	0	1
19	1849	1155	3760	6765	9138	0.0	0	1500	1973	0	0
19	1851	1151	3748	6749	9105	0.0	0	1500	1973	0	0
19	837	690	1487	3041	8159	0.0	0	1500	1973	0	0
19	347	465	402	1255	5804	327.0	0	1500	1973	0	0
19	349	468	404	1262	5801	329.0	0	1500	1973	0	0
19	347	465	402	1255	5804	327.0	0	1500	1973	0	0
19	349	468	404	1262	5801	329.0	0	1500	1973	0	0
20	348	465	402	1256	5792	326.0	0	1500	2105	0	1
20	349	468	404	1262	5801	329.0	0	1500	2105	0	1
20	777	675	1434	2918	8422	0.0	0	1500	2105	0	1
20	1861	1198	3988	7054	9555	0.0	0	1500	2105	0	1
20	1860	1197	3986	7051	9555	0.0	0	1500	2105	0	1
20	1859	1198	3987	7052	9562	0.0	0	1500	2105	0	1
20	1862	1199	3987	7056	9549	0.0	0	1500	2105	0	1
20	1857	1199	3996	7060	9589	0.0	0	1500	2105	0	1
20	1859	1196	3974	7036	9535	0.0	0	1500	2105	0	1
20	1862	1197	3986	7053	9547	0.0	0	1500	2105	0	1
20	1804	1172	3860	6846	9543	0.0	0	1500	2105	0	1
20	1805	1172	3860	6846	9538	0.0	0	1500	2105	0	1
20	1804	1171	3859	6844	9541	0.0	0	1500	2105	0	1
20	1804	1172	3860	6845	9543	0.0	0	1500	2105	0	1
20	1804	1171	3859	6842	9541	0.0	0	1500	2105	0	1
20	1804	1171	3859	6844	9541	0.0	0	1500	2105	0	1
20	1810	1173	3874	6866	9545	0.0	0	1500	2105	0	1
20	1804	1171	3859	6844	9541	0.0	0	1500	2105	0	1
20	1803	1169	3858	6839	9543	0.0	0	1500	2105	0	1
20	1804	1171	3859	6842	9541	0.0	0	1500	2105	0	1
20	1802	1168	3857	6836	9545	0.0	0	1500	2105	0	1
20	1803	1170	3859	6842	9545	0.0	0	1500	2105	0	1
20	1855	1195	3993	7050	9592	0.0	0	1500	2105	0	1
20	1852	1189	3966	7014	9549	0.0	0	1500	2105	0	1
20	1854	1196	3991	7050	9592	0.0	0	1500	2105	0	1
20	1854	1192	3982	7035	9574	0.0	0	1500	2105	0	1
20	1859	1194	3983	7044	9554	0.0	0	1500	2105	0	1
20	1852	1193	3989	7042	9597	0.0	0	1500	2105	0	0
20	1857	1194	3983	7042	9562	0.0	0	1500	2105	0	0
20	739	650	1325	2744	8222	0.0	0	1500	2105	0	0
20	346	463	401	1251	5806	324.0	0	1500	2105	0	0
20	344	461	399	1244	5810	323.0	0	1500	2105	0	0
20	347	465	402	1255	5804	327.0	0	1500	2105	0	0
20	346	463	400	1249	5795	325.0	0	1500	2105	0	0
21	348	466	403	1259	5803	327.0	0	1500	2236	0	1
21	347	464	401	1252	5793	326.0	0	1500	2236	0	1
21	761	679	1446	2920	8630	0.0	0	1500	2236	0	1
21	1865	1240	4223	7344	10018	0.0	0	1500	2236	0	1
21	1872	1242	4217	7348	9973	0.0	0	1500	2236	0	1
21	1867	1241	4221	7344	10004	0.0	0	1500	2236	0	1
21	1867	1244	4227	7354	10017	0.0	0	1500	2236	0	1
21	1870	1243	4221	7351	9991	0.0	0	1500	2236	0	1
21	1865	1242	4226	7350	10024	0.0	0	1500	2236	0	1
21	1869	1243	4221	7349	9995	0.0	0	1500	2236	0	1
21	1812	1213	4082	7124	9974	0.0	0	1500	2236	0	1
21	1813	1215	4084	7129	9973	0.0	0	1500	2236	0	1
21	1812	1213	4082	7123	9974	0.0	0	1500	2236	0	1
21	1813	1214	4084	7129	9973	0.0	0	1500	2236	0	1
21	1813	1216	4098	7144	10002	0.0	0	1500	2236	0	1
21	1813	1214	4083	7128	9971	0.0	0	1500	2236	0	1
21	1812	1213	4082	7125	9974	0.0	0	1500	2236	0	1
21	1813	1214	4084	7128	9973	0.0	0	1500	2236	0	1
21	1819	1217	4099	7152	9976	0.0	0	1500	2236	0	1
21	1813	1215	4083	7128	9971	0.0	0	1500	2236	0	1
21	1813	1215	4083	7128	9971	0.0	0	1500	2236	0	1
21	1813	1214	4083	7128	9971	0.0	0	1500	2236	0	1
21	1863	1238	4199	7317	9978	0.0	0	1500	2236	0	1
21	1867	1242	4222	7348	10006	0.0	0	1500	2236	0	1
21	1866	1244	4226	7353	10019	0.0	0	1500	2236	0	1
21	1862	1243	4223	7344	10032	0.0	0	1500	2236	0	1
21	1865	1243	4225	7349	10022	0.0	0	1500	2236	0	1
21	1870	1242	4217	7345	9982	0.0	0	1500	2236	0	0
21	1867	1242	4221	7346	10004	0.0	0	1500	2236	0	0
21	760	677	1435	2906	8584	0.0	0	1500	2236	0	0
21	347	465	402	1254	5804	327.0	0	1500	2236	0	0
21	348	467	404	1259	5814	328.0	0	1500	2236	0	0
21	347	464	401	1253	5793	326.0	0	1500	2236	0	0
21	348	466	403	1259	5803	327.0	0	1500	2236	0	0
22	346	464	401	1252	5806	326.0	0	1500	2368	0	1
22	348	467	404	1260	5814	328.0	0	1500	2368	0	1
22	569	584	993	2184	8040	10.0	0	1500	2368	0	1
22	1881	1288	4458	7650	10420	0.0	0	1500	2368	0	1
22	1876	1286	4461	7647	10450	0.0	0	1500	2368	0	1
22	1883	1287	4454	7648	10403	0.0	0	1500	2368	0	1
22	1878	1285	4457	7643	10433	0.0	0	1500	2368	0	1
22	1878	1289	4462	7653	10443	0.0	0	1500	2368	0	1
22	1880	1284	4450	7637	10409	0.0	0	1500	2368	0	1
22	1872	1285	4458	7623	10464	0.0	0	1500	2368	0	1
22	1883	1286	4452	7644	10399	0.0	0	1500	2368	0	1
22	1867	1278	4430	7599	10431	0.0	0	1500	2368	0	1
22	1830	1260	4327	7442	10399	0.0	0	1500	2368	0	1
22	1821	1254	4307	7406	10402	0.0	0	1500	2368	0	1
22	1823	1257	4310	7414	10398	0.0	0	1500	2368	0	1
22	1821	1254	4307	7406	10402	0.0	0	1500	2368	0	1
22	1829	1257	4311	7421	10371	0.0	0	1500	2368	0	1
22	1821	1254	4308	7408	10404	0.0	0	1500	2368	0	1
22	1824	1258	4311	7417	10395	0.0	0	1500	2368	0	1
22	1822	1256	4309	7411	10401	0.0	0	1500	2368	0	1
22	1824	1258	4311	7418	10395	0.0	0	1500	2368	0	1
22	1823	1256	4309	7412	10396	0.0	0	1500	2368	0	1
22	1824	1258	4311	7418	10395	0.0	0	1500	2368	0	1
22	1863	1280	4429	7597	10448	0.0	0	1500	2368	0	1
22	1883	1287	4451	7645	10397	0.0	0	1500	2368	0	1
22	1877	1287	4460	7648	10444	0.0	0	1500	2368	0	1
22	1878	1288	4459	7650	10437	0.0	0	1500	2368	0	1
22	1882	1285	4451	7642	10401	0.0	0	1500	2368	0	1
22	1878	1283	4440	7625	10398	0.0	0	1500	2368	0	0
22	959	792	2009	3793	9372	0.0	0	1500	2368	0	0
22	348	466	403	1257	5803	327.0	0	1500	2368	0	0
22	348	466	403	1257	5803	327.0	0	1500	2368	0	0
22	348	466	403	1257	5803	327.0	0	1500	2368	0	0
22	348	466	403	1257	5803	327.0	0	1500	2368	0	0
23	348	466	403	1258	5803	327.0	0	1500	2500	0	1
23	347	466	403	1256	5815	327.0	0	1500	2500	0	1
23	671	652	1324	2686	8908	0.0	0	1500	2500	0	1
23	1883	1330	4689	7934	10878	0.0	0	1500	2500	0	1
23	1881	1332	4695	7940	10900	0.0	0	1500	2500	0	1
23	1878	1332	4698	7940	10922	0.0	0	1500	2500	0	1
23	1878	1331	4688	7930	10901	0.0	0	1500	2500	0	1
23	1878	1331	4695	7937	10916	0.0	0	1500	2500	0	1
23	1880	1333	4697	7943	10909	0.0	0	1500	2500	0	1
23	1883	1330	4688	7932	10876	0.0	0	1500	2500	0	1
23	1878	1334	4700	7945	10926	0.0	0	1500	2500	0	1
23	1880	1331	4692	7935	10899	0.0	0	1500	2500	0	1
23	1823	1299	4536	7690	10871	0.0	0	1500	2500	0	1
23	1825	1301	4538	7697	10864	0.0	0	1500	2500	0	1
23	1823	1298	4536	7689	10871	0.0	0	1500	2500	0	1
23	1825	1301	4538	7697	10864	0.0	0	1500	2500	0	1
23	1823	1298	4536	7689	10871	0.0	0	1500	2500	0	1
23	1825	1301	4538	7697	10864	0.0	0	1500	2500	0	1
23	1830	1301	4554	7717	10872	0.0	0	1500	2500	0	1
23	1825	1301	4538	7697	10864	0.0	0	1500	2500	0	1
23	1822	1298	4536	7688	10876	0.0	0	1500	2500	0	1
23	1825	1301	4538	7696	10864	0.0	0	1500	2500	0	1
23	1848	1309	4590	7778	10854	0.0	0	1500	2500	0	1
23	1880	1333	4695	7941	10905	0.0	0	1500	2500	0	1
23	1877	1331	4696	7936	10923	0.0	0	1500	2500	0	1
23	1885	1333	4689	7939	10868	0.0	0	1500	2500	0	1
23	1871	1327	4676	7907	10912	0.0	0	1500	2500	0	1
23	1880	1334	4697	7944	10909	0.0	0	1500	2500	0	1
