Stim	R	G	B	C	Temp	HueLux	Yellow	Red	Blue	Blue2	Trig
1	56	186	271	523	19828	77.0	0	0	0	0	1
1	56	188	273	527	19964	78.0	0	0	0	0	1
1	56	186	271	524	19828	77.0	0	0	0	0	1
1	56	188	273	527	19964	78.0	0	0	0	0	1
1	56	187	271	524	19828	78.0	0	0	0	0	1
1	56	188	273	527	19964	78.0	0	0	0	0	1
1	56	187	271	524	19828	78.0	0	0	0	0	1
1	56	188	273	527	19964	78.0	0	0	0	0	1
1	56	187	271	524	19828	78.0	0	0	0	0	1
1	56	188	273	527	19964	78.0	0	0	0	0	1
1	56	187	271	524	19828	78.0	0	0	0	0	1
1	56	188	272	527	19896	79.0	0	0	0	0	1
1	56	188	272	527	19896	79.0	0	0	0	0	1
1	56	187	272	525	19896	77.0	0	0	0	0	1
1	56	188	272	527	19896	79.0	0	0	0	0	1
1	56	187	272	525	19896	77.0	0	0	0	0	1
1	56	187	272	527	19896	77.0	0	0	0	0	1
1	56	187	272	526	19896	77.0	0	0	0	0	1
1	56	187	272	526	19896	77.0	0	0	0	0	1
1	56	188	272	527	19896	79.0	0	0	0	0	1
1	56	187	272	526	19896	77.0	0	0	0	0	1
1	56	188	273	527	19964	78.0	0	0	0	0	1
1	56	187	272	526	19896	77.0	0	0	0	0	1
1	56	188	273	527	19964	78.0	0	0	0	0	1
1	56	187	272	525	19896	77.0	0	0	0	0	1
1	56	188	273	528	19964	78.0	0	0	0	0	1
1	56	187	272	525	19896	77.0	0	0	0	0	1
1	56	188	273	528	19964	78.0	0	0	0	0	0
1	56	187	272	525	19896	77.0	0	0	0	0	0
1	56	188	273	528	19964	78.0	0	0	0	0	0
1	56	188	273	528	19964	78.0	0	0	0	0	0
1	56	187	271	525	19828	78.0	0	0	0	0	0
1	56	188	273	528	19964	78.0	0	0	0	0	0
1	56	187	271	525	19828	78.0	0	0	0	0	0
2	56	188	273	528	19964	78.0	0	0	0	0	1
2	56	187	271	525	19828	78.0	0	0	0	0	1
2	56	188	273	529	19964	78.0	0	0	0	0	1
2	56	187	272	525	19896	77.0	0	0	0	0	1
2	56	188	273	528	19964	78.0	0	0	0	0	1
2	56	187	272	525	19896	77.0	0	0	0	0	1
2	56	188	273	528	19964	78.0	0	0	0	0	1
2	56	187	272	525	19896	77.0	0	0	0	0	1
2	56	188	273	528	19964	78.0	0	0	0	0	1
2	56	187	272	525	19896	77.0	0	0	0	0	1
2	56	188	273	528	19964	78.0	0	0	0	0	1
2	56	187	272	526	19896	77.0	0	0	0	0	1
2	56	188	273	528	19964	78.0	0	0	0	0	1
2	56	187	272	526	19896	77.0	0	0	0	0	1
2	56	187	272	526	19896	77.0	0	0	0	0	1
2	56	188	273	527	19964	78.0	0	0	0	0	1
2	56	187	272	526	19896	77.0	0	0	0	0	1
2	56	187	272	526	19896	77.0	0	0	0	0	1
2	56	188	272	527	19896	79.0	0	0	0	0	1
2	56	187	272	526	19896	77.0	0	0	0	0	1
2	56	188	273	527	19964	78.0	0	0	0	0	1
2	56	187	272	526	19896	77.0	0	0	0	0	1
2	56	188	273	527	19964	78.0	0	0	0	0	1
2	56	187	272	526	19896	77.0	0	0	0	0	1
2	56	188	273	528	19964	78.0	0	0	0	0	1
2	56	187	272	525	19896	77.0	0	0	0	0	1
2	56	188	273	528	19964	78.0	0	0	0	0	1
2	56	187	272	525	19896	77.0	0	0	0	0	0
2	56	188	273	528	19964	78.0	0	0	0	0	0
2	56	187	272	525	19896	77.0	0	0	0	0	0
2	56	188	273	528	19964	78.0	0	0	0	0	0
2	56	187	272	525	19896	77.0	0	0	0	0	0
2	56	187	271	525	19828	78.0	0	0	0	0	0
2	56	188	273	528	19964	78.0	0	0	0	0	0
3	56	187	271	525	19828	78.0	0	0	0	0	1
3	56	188	273	528	19964	78.0	0	0	0	0	1
3	56	187	271	525	19828	78.0	0	0	0	0	1
3	56	188	273	528	19964	78.0	0	0	0	0	1
3	56	187	271	525	19828	78.0	0	0	0	0	1
3	56	188	273	528	19964	78.0	0	0	0	0	1
3	56	187	272	525	19896	77.0	0	0	0	0	1
3	56	188	273	528	19964	78.0	0	0	0	0	1
3	56	187	272	525	19896	77.0	0	0	0	0	1
3	56	188	273	528	19964	78.0	0	0	0	0	1
3	56	187	272	526	19896	77.0	0	0	0	0	1
3	56	188	273	528	19964	78.0	0	0	0	0	1
3	56	187	272	526	19896	77.0	0	0	0	0	1
3	56	188	273	528	19964	78.0	0	0	0	0	1
3	56	187	272	526	19896	77.0	0	0	0	0	1
3	56	188	273	527	19964	78.0	0	0	0	0	1
3	56	188	273	526	19964	78.0	0	0	0	0	1
3	56	188	272	527	19896	79.0	0	0	0	0	1
3	56	187	272	526	19896	77.0	0	0	0	0	1
3	56	188	273	527	19964	78.0	0	0	0	0	1
3	56	187	272	526	19896	77.0	0	0	0	0	1
3	56	188	273	527	19964	78.0	0	0	0	0	1
3	56	187	272	526	19896	77.0	0	0	0	0	1
3	56	188	273	527	19964	78.0	0	0	0	0	1
3	56	187	272	525	19896	77.0	0	0	0	0	1
3	56	188	273	528	19964	78.0	0	0	0	0	1
3	56	187	271	525	19828	78.0	0	0	0	0	1
3	56	188	273	528	19964	78.0	0	0	0	0	0
3	56	187	272	525	19896	77.0	0	0	0	0	0
3	56	188	273	528	19964	78.0	0	0	0	0	0
3	56	187	271	524	19828	78.0	0	0	0	0	0
3	56	188	273	528	19964	78.0	0	0	0	0	0
3	56	187	271	525	19828	78.0	0	0	0	0	0
3	56	188	273	528	19964	78.0	0	0	0	0	0
4	56	187	273	525	19964	77.0	0	0	0	0	1
4	56	187	271	525	19828	78.0	0	0	0	0	1
4	56	188	273	528	19964	78.0	0	0	0	0	1
4	56	187	272	525	19896	77.0	0	0	0	0	1
4	56	188	273	528	19964	78.0	0	0	0	0	1
4	56	187	272	525	19896	77.0	0	0	0	0	1
4	56	188	273	528	19964	78.0	0	0	0	0	1
4	56	187	272	525	19896	77.0	0	0	0	0	1
4	56	188	273	528	19964	78.0	0	0	0	0	1
4	56	187	272	525	19896	77.0	0	0	0	0	1
4	56	188	273	527	19964	78.0	0	0	0	0	1
4	56	187	272	526	19896	77.0	0	0	0	0	1
4	56	188	273	527	19964	78.0	0	0	0	0	1
4	56	187	272	526	19896	77.0	0	0	0	0	1
4	56	188	273	527	19964	78.0	0	0	0	0	1
4	56	188	272	527	19896	79.0	0	0	0	0	1
4	56	188	272	527	19896	79.0	0	0	0	0	1
4	56	188	273	527	19964	78.0	0	0	0	0	1
4	56	187	272	526	19896	77.0	0	0	0	0	1
4	56	187	272	526	19896	77.0	0	0	0	0	1
4	56	188	273	528	19964	78.0	0	0	0	0	1
4	56	187	272	525	19896	77.0	0	0	0	0	1
4	56	188	273	527	19964	78.0	0	0	0	0	1
4	56	187	271	525	19828	78.0	0	0	0	0	1
4	56	188	273	528	19964	78.0	0	0	0	0	1
4	56	187	271	525	19828	78.0	0	0	0	0	1
4	56	188	273	528	19964	78.0	0	0	0	0	1
4	56	187	271	525	19828	78.0	0	0	0	0	0
4	56	188	273	528	19964	78.0	0	0	0	0	0
4	56	187	271	524	19828	78.0	0	0	0	0	0
4	56	188	273	528	19964	78.0	0	0	0	0	0
4	56	187	271	525	19828	78.0	0	0	0	0	0
4	56	188	273	528	19964	78.0	0	0	0	0	0
4	56	187	271	524	19828	78.0	0	0	0	0	0
5	56	188	273	528	19964	78.0	0	0	131	0	1
5	56	187	271	525	19828	78.0	0	0	131	0	1
5	56	188	275	531	20100	77.0	0	0	131	0	1
5	57	193	301	563	21510	65.0	0	0	131	0	1
5	57	192	300	560	21443	64.0	0	0	131	0	1
5	57	193	301	563	21510	65.0	0	0	131	0	1
5	57	192	300	561	21443	64.0	0	0	131	0	1
5	57	193	301	563	21510	65.0	0	0	131	0	1
5	57	193	300	561	21443	66.0	0	0	131	0	1
5	57	193	301	563	21510	65.0	0	0	131	0	1
5	57	193	300	561	21443	66.0	0	0	131	0	1
5	57	193	301	562	21510	65.0	0	0	131	0	1
5	57	193	300	561	21443	66.0	0	0	131	0	1
5	57	193	300	561	21443	66.0	0	0	131	0	1
5	57	193	300	561	21443	66.0	0	0	131	0	1
5	57	193	300	560	21443	66.0	0	0	131	0	1
5	57	193	300	561	21443	66.0	0	0	131	0	1
5	57	193	299	560	21376	67.0	0	0	131	0	1
5	57	193	300	561	21443	66.0	0	0	131	0	1
5	57	192	299	559	21376	65.0	0	0	131	0	1
5	57	193	300	562	21443	66.0	0	0	131	0	1
5	57	193	300	562	21443	66.0	0	0	131	0	1
5	57	192	299	559	21376	65.0	0	0	131	0	1
5	57	194	302	563	21577	66.0	0	0	131	0	1
5	57	192	300	560	21443	64.0	0	0	131	0	1
5	57	194	302	564	21577	66.0	0	0	131	0	1
5	57	192	300	560	21443	64.0	0	0	131	0	1
5	57	194	302	563	21577	66.0	0	0	131	0	0
5	57	192	300	560	21443	64.0	0	0	131	0	0
5	57	191	287	545	20574	72.0	0	0	131	0	0
5	56	187	271	525	19828	78.0	0	0	131	0	0
5	56	188	273	528	19964	78.0	0	0	131	0	0
5	56	187	271	524	19828	78.0	0	0	131	0	0
5	56	188	273	528	19964	78.0	0	0	131	0	0
6	56	187	271	525	19828	78.0	0	0	263	0	1
6	56	188	273	528	19964	78.0	0	0	263	0	1
6	56	189	285	541	20781	71.0	0	0	263	0	1
6	61	224	463	765	30309	0.0	0	0	263	0	1
6	61	223	463	764	30309	0.0	0	0	263	0	1
6	61	223	462	763	30247	0.0	0	0	263	0	1
6	61	224	464	765	30371	0.0	0	0	263	0	1
6	61	223	463	763	30309	0.0	0	0	263	0	1
6	61	223	462	763	30247	0.0	0	0	263	0	1
6	61	224	464	765	30371	0.0	0	0	263	0	1
6	61	223	463	764	30309	0.0	0	0	263	0	1
6	61	224	463	764	30309	0.0	0	0	263	0	1
6	61	223	460	760	30122	0.0	0	0	263	0	1
6	61	222	457	756	29934	0.0	0	0	263	0	1
6	61	222	456	755	29872	0.0	0	0	263	0	1
6	61	222	457	756	29934	0.0	0	0	263	0	1
6	61	222	456	755	29872	0.0	0	0	263	0	1
6	61	223	457	756	29934	0.0	0	0	263	0	1
6	61	222	455	754	29809	0.0	0	0	263	0	1
6	61	223	457	757	29934	0.0	0	0	263	0	1
6	61	222	455	754	29809	0.0	0	0	263	0	1
6	61	223	457	757	29934	0.0	0	0	263	0	1
6	61	222	455	754	29809	0.0	0	0	263	0	1
6	61	223	462	757	30247	0.0	0	0	263	0	1
6	61	224	464	765	30371	0.0	0	0	263	0	1
6	61	223	463	763	30309	0.0	0	0	263	0	1
6	61	224	464	766	30371	0.0	0	0	263	0	1
6	61	223	462	762	30247	0.0	0	0	263	0	0
6	61	224	464	766	30371	0.0	0	0	263	0	0
6	58	204	361	637	25104	38.0	0	0	263	0	0
6	56	188	273	528	19964	78.0	0	0	263	0	0
6	56	187	271	524	19828	78.0	0	0	263	0	0
6	56	188	273	528	19964	78.0	0	0	263	0	0
6	56	187	272	525	19896	77.0	0	0	263	0	0
7	56	188	273	527	19964	78.0	0	0	394	0	1
7	56	187	272	525	19896	77.0	0	0	394	0	1
7	56	188	273	527	19964	78.0	0	0	394	0	1
7	66	257	641	986	38394	0.0	0	0	394	0	1
7	66	257	643	988	38509	0.0	0	0	394	0	1
7	66	257	642	987	38451	0.0	0	0	394	0	1
7	66	258	644	990	38567	0.0	0	0	394	0	1
7	66	257	641	986	38394	0.0	0	0	394	0	1
7	66	258	644	990	38567	0.0	0	0	394	0	1
7	66	257	642	987	38451	0.0	0	0	394	0	1
7	66	257	643	988	38509	0.0	0	0	394	0	1
7	66	257	643	988	38509	0.0	0	0	394	0	1
7	66	257	643	988	38509	0.0	0	0	394	0	1
7	66	256	642	986	38451	0.0	0	0	394	0	1
7	66	255	632	974	37874	0.0	0	0	394	0	1
7	66	254	629	970	37701	0.0	0	0	394	0	1
7	66	255	630	973	37759	0.0	0	0	394	0	1
7	66	254	629	970	37701	0.0	0	0	394	0	1
7	66	255	630	973	37759	0.0	0	0	394	0	1
7	66	254	629	970	37701	0.0	0	0	394	0	1
7	66	255	630	973	37759	0.0	0	0	394	0	1
7	66	254	629	970	37701	0.0	0	0	394	0	1
7	66	255	631	974	37816	0.0	0	0	394	0	1
7	66	254	630	972	37759	0.0	0	0	394	0	1
7	66	255	630	973	37759	0.0	0	0	394	0	1
7	66	254	629	970	37701	0.0	0	0	394	0	1
7	66	256	640	984	38336	0.0	0	0	394	0	1
7	67	258	645	991	38069	0.0	0	0	394	0	1
7	66	256	642	986	38451	0.0	0	0	394	0	0
7	62	229	493	802	31686	0.0	0	0	394	0	0
7	56	187	271	525	19828	78.0	0	0	394	0	0
7	56	188	273	527	19964	78.0	0	0	394	0	0
7	56	187	272	525	19896	77.0	0	0	394	0	0
7	56	188	273	527	19964	78.0	0	0	394	0	0
8	56	187	272	525	19896	77.0	0	0	526	0	1
8	56	188	272	527	19896	79.0	0	0	526	0	1
8	56	189	281	537	20509	74.0	0	0	526	0	1
8	72	293	837	1230	45682	0.0	0	0	526	0	1
8	72	293	835	1227	45576	0.0	0	0	526	0	1
8	72	294	840	1233	45841	0.0	0	0	526	0	1
8	72	294	837	1231	45682	0.0	0	0	526	0	1
8	72	293	837	1230	45682	0.0	0	0	526	0	1
8	72	294	840	1234	45841	0.0	0	0	526	0	1
8	72	293	837	1229	45682	0.0	0	0	526	0	1
8	72	293	839	1232	45788	0.0	0	0	526	0	1
8	72	294	838	1232	45735	0.0	0	0	526	0	1
8	72	292	835	1227	45576	0.0	0	0	526	0	1
8	71	290	818	1207	45286	0.0	0	0	526	0	1
8	71	289	817	1204	45232	0.0	0	0	526	0	1
8	71	290	818	1208	45286	0.0	0	0	526	0	1
8	71	290	819	1207	45340	0.0	0	0	526	0	1
8	71	290	819	1208	45340	0.0	0	0	526	0	1
8	71	289	817	1204	45232	0.0	0	0	526	0	1
8	71	290	819	1208	45340	0.0	0	0	526	0	1
8	71	290	819	1208	45340	0.0	0	0	526	0	1
8	71	291	819	1208	45340	0.0	0	0	526	0	1
8	71	289	817	1205	45232	0.0	0	0	526	0	1
8	71	291	819	1208	45340	0.0	0	0	526	0	1
8	71	289	817	1205	45232	0.0	0	0	526	0	1
8	72	294	838	1232	45735	0.0	0	0	526	0	1
8	72	293	837	1229	45682	0.0	0	0	526	0	1
8	72	295	841	1235	45893	0.0	0	0	526	0	1
8	72	294	838	1232	45735	0.0	0	0	526	0	0
8	64	243	572	899	35442	0.0	0	0	526	0	0
8	56	188	273	527	19964	78.0	0	0	526	0	0
8	56	187	272	526	19896	77.0	0	0	526	0	0
8	56	188	273	527	19964	78.0	0	0	526	0	0
8	56	188	272	526	19896	79.0	0	0	526	0	0
8	56	188	272	527	19896	79.0	0	0	526	0	0
9	56	188	273	527	19964	78.0	0	0	657	0	1
9	56	188	275	530	20100	77.0	0	0	657	0	1
9	78	332	1040	1483	52191	0.0	0	0	657	0	1
9	77	331	1036	1478	52652	0.0	0	0	657	0	1
9	78	331	1037	1479	52044	0.0	0	0	657	0	1
9	77	331	1039	1482	52801	0.0	0	0	657	0	1
9	78	331	1037	1480	52044	0.0	0	0	657	0	1
9	77	330	1037	1479	52702	0.0	0	0	657	0	1
9	78	332	1040	1484	52191	0.0	0	0	657	0	1
9	77	330	1035	1477	52603	0.0	0	0	657	0	1
9	78	332	1040	1484	52191	0.0	0	0	657	0	1
9	78	331	1037	1479	52044	0.0	0	0	657	0	1
9	77	326	1012	1448	51465	0.0	0	0	657	0	1
9	77	326	1011	1447	51415	0.0	0	0	657	0	1
9	77	325	1009	1444	51316	0.0	0	0	657	0	1
9	77	326	1011	1447	51415	0.0	0	0	657	0	1
9	76	325	1009	1444	51973	0.0	0	0	657	0	1
9	77	327	1014	1452	51564	0.0	0	0	657	0	1
9	77	325	1009	1444	51316	0.0	0	0	657	0	1
9	77	326	1011	1448	51415	0.0	0	0	657	0	1
9	77	325	1009	1444	51316	0.0	0	0	657	0	1
9	77	326	1011	1448	51415	0.0	0	0	657	0	1
9	77	325	1009	1445	51316	0.0	0	0	657	0	1
9	77	326	1010	1447	51366	0.0	0	0	657	0	1
9	77	331	1039	1482	52801	0.0	0	0	657	0	1
9	78	331	1033	1476	51849	0.0	0	0	657	0	1
9	77	331	1038	1480	52751	0.0	0	0	657	0	1
9	78	332	1040	1483	52191	0.0	0	0	657	0	0
9	77	331	1036	1478	52652	0.0	0	0	657	0	0
9	68	264	272	1036	16631	195.0	0	0	657	0	0
9	56	188	272	527	19896	79.0	0	0	657	0	0
9	56	187	272	526	19896	77.0	0	0	657	0	0
9	56	187	272	526	19896	77.0	0	0	657	0	0
9	56	188	273	527	19964	78.0	0	0	657	0	0
10	56	187	272	526	19896	77.0	0	0	789	0	1
10	56	188	273	527	19964	78.0	0	0	789	0	1
10	82	361	1201	1684	57193	0.0	0	0	789	0	1
10	83	369	1240	1733	58311	0.0	0	0	789	0	1
10	83	367	1235	1725	58081	0.0	0	0	789	0	1
10	83	369	1238	1730	58219	0.0	0	0	789	0	1
10	83	368	1239	1731	58265	0.0	0	0	789	0	1
10	83	369	1236	1728	58127	0.0	0	0	789	0	1
10	83	367	1234	1725	58036	0.0	0	0	789	0	1
10	83	369	1239	1732	58265	0.0	0	0	789	0	1
10	83	367	1234	1725	58036	0.0	0	0	789	0	1
10	83	369	1240	1734	58311	0.0	0	0	789	0	1
10	83	366	1230	1720	57852	0.0	0	0	789	0	1
10	83	369	1237	1729	58173	0.0	0	0	789	0	1
10	82	362	1203	1687	57286	0.0	0	0	789	0	1
10	82	362	1205	1689	57379	0.0	0	0	789	0	1
10	82	362	1203	1687	57286	0.0	0	0	789	0	1
10	82	361	1201	1684	57193	0.0	0	0	789	0	1
10	82	362	1203	1687	57286	0.0	0	0	789	0	1
10	82	361	1201	1684	57193	0.0	0	0	789	0	1
10	82	362	1203	1687	57286	0.0	0	0	789	0	1
10	82	361	1202	1684	57240	0.0	0	0	789	0	1
10	82	362	1202	1686	57240	0.0	0	0	789	0	1
10	82	361	1202	1685	57240	0.0	0	0	789	0	1
10	82	363	1206	1691	57425	0.0	0	0	789	0	1
10	82	364	1214	1700	57797	0.0	0	0	789	0	1
10	83	368	1235	1727	58081	0.0	0	0	789	0	1
10	83	368	1239	1731	58265	0.0	0	0	789	0	0
10	83	368	1235	1726	58081	0.0	0	0	789	0	0
10	74	307	908	1319	48140	0.0	0	0	789	0	0
10	56	187	272	526	19896	77.0	0	0	789	0	0
10	56	188	273	527	19964	78.0	0	0	789	0	0
10	56	188	273	528	19964	78.0	0	0	789	0	0
10	56	187	272	526	19896	77.0	0	0	789	0	0
11	56	188	273	528	19964	78.0	0	0	921	0	1
11	56	187	272	525	19896	77.0	0	0	921	0	1
11	89	405	1434	1975	62779	0.0	0	0	921	0	1
11	89	405	1438	1979	62950	0.0	0	0	921	0	1
11	89	406	1437	1980	62907	0.0	0	0	921	0	1
11	88	403	1428	1967	63216	0.0	0	0	921	0	1
11	89	407	1440	1983	63035	0.0	0	0	921	0	1
11	89	405	1434	1974	62779	0.0	0	0	921	0	1
11	89	406	1435	1977	62821	0.0	0	0	921	0	1
11	89	405	1438	1979	62950	0.0	0	0	921	0	1
11	89	406	1435	1977	62821	0.0	0	0	921	0	1
11	89	404	1433	1973	62736	0.0	0	0	921	0	1
11	89	407	1440	1983	63035	0.0	0	0	921	0	1
11	89	405	1433	1974	62736	0.0	0	0	921	0	1
11	88	398	1395	1926	61788	0.0	0	0	921	0	1
11	87	397	1393	1923	62394	0.0	0	0	921	0	1
11	87	397	1393	1924	62394	0.0	0	0	921	0	1
11	88	398	1394	1926	61744	0.0	0	0	921	0	1
11	87	397	1394	1924	62438	0.0	0	0	921	0	1
11	88	398	1394	1926	61744	0.0	0	0	921	0	1
11	88	397	1394	1924	61744	0.0	0	0	921	0	1
11	88	399	1399	1932	61961	0.0	0	0	921	0	1
11	88	398	1394	1925	61744	0.0	0	0	921	0	1
11	88	398	1394	1925	61744	0.0	0	0	921	0	1
11	88	398	1394	1925	61744	0.0	0	0	921	0	1
11	89	404	1431	1971	62650	0.0	0	0	921	0	1
11	89	406	1439	1981	62993	0.0	0	0	921	0	1
11	89	405	1434	1974	62779	0.0	0	0	921	0	0
11	89	406	1437	1979	62907	0.0	0	0	921	0	0
11	75	316	958	1381	50057	0.0	0	0	921	0	0
11	56	188	273	528	19964	78.0	0	0	921	0	0
11	56	187	272	525	19896	77.0	0	0	921	0	0
11	56	188	273	528	19964	78.0	0	0	921	0	0
11	56	187	272	525	19896	77.0	0	0	921	0	0
12	56	187	272	525	19896	77.0	0	0	1052	0	1
12	56	188	273	528	19964	78.0	0	0	1052	0	1
12	94	440	1623	2210	1638	0.0	0	0	1052	0	1
12	95	442	1630	2220	1226	0.0	0	0	1052	0	1
12	94	441	1631	2219	1962	0.0	0	0	1052	0	1
12	95	443	1638	2229	1547	0.0	0	0	1052	0	1
12	94	441	1633	2222	2043	0.0	0	0	1052	0	1
12	94	441	1626	2215	1759	0.0	0	0	1052	0	1
12	94	442	1636	2226	2165	0.0	0	0	1052	0	1
12	94	442	1634	2224	2084	0.0	0	0	1052	0	1
12	94	441	1630	2219	1922	0.0	0	0	1052	0	1
12	95	443	1638	2229	1547	0.0	0	0	1052	0	1
12	94	441	1631	2220	1962	0.0	0	0	1052	0	1
12	94	442	1632	2222	2003	0.0	0	0	1052	0	1
12	93	432	1584	2160	747	0.0	0	0	1052	0	1
12	93	433	1585	2162	788	0.0	0	0	1052	0	1
12	93	432	1584	2161	747	0.0	0	0	1052	0	1
12	93	433	1584	2162	747	0.0	0	0	1052	0	1
12	93	433	1584	2161	747	0.0	0	0	1052	0	1
12	93	434	1590	2169	993	0.0	0	0	1052	0	1
12	93	433	1584	2161	747	0.0	0	0	1052	0	1
12	93	433	1585	2162	788	0.0	0	0	1052	0	1
12	93	433	1584	2161	747	0.0	0	0	1052	0	1
12	93	434	1591	2170	1034	0.0	0	0	1052	0	1
12	93	432	1584	2161	747	0.0	0	0	1052	0	1
12	94	442	1632	2221	2003	0.0	0	0	1052	0	1
12	94	441	1632	2220	2003	0.0	0	0	1052	0	1
12	94	442	1632	2222	2003	0.0	0	0	1052	0	0
12	94	441	1631	2219	1962	0.0	0	0	1052	0	0
12	79	340	1087	1543	53814	0.0	0	0	1052	0	0
12	56	186	271	523	19828	77.0	0	0	1052	0	0
12	56	187	272	526	19896	77.0	0	0	1052	0	0
12	56	186	270	523	19760	77.0	0	0	1052	0	0
12	56	188	272	527	19896	79.0	0	0	1052	0	0
13	56	186	271	523	19828	77.0	0	0	1184	0	1
13	56	188	272	527	19896	79.0	0	0	1184	0	1
13	56	186	271	523	19828	77.0	0	0	1184	0	1
13	98	468	1776	2400	4901	0.0	0	0	1184	0	1
13	100	480	1836	2476	5806	0.0	0	0	1184	0	1
13	100	478	1830	2468	5578	0.0	0	0	1184	0	1
13	100	480	1837	2478	5844	0.0	0	0	1184	0	1
13	100	479	1834	2472	5730	0.0	0	0	1184	0	1
13	100	479	1831	2470	5616	0.0	0	0	1184	0	1
13	100	480	1837	2476	5844	0.0	0	0	1184	0	1
13	100	480	1834	2473	5730	0.0	0	0	1184	0	1
13	100	479	1830	2468	5578	0.0	0	0	1184	0	1
13	100	480	1838	2478	5882	0.0	0	0	1184	0	1
13	100	479	1832	2470	5654	0.0	0	0	1184	0	1
13	100	478	1824	2461	5349	0.0	0	0	1184	0	1
13	100	477	1824	2461	5349	0.0	0	0	1184	0	1
13	98	469	1777	2402	4940	0.0	0	0	1184	0	1
13	98	469	1777	2402	4940	0.0	0	0	1184	0	1
13	99	470	1783	2410	4473	0.0	0	0	1184	0	1
13	98	469	1777	2402	4940	0.0	0	0	1184	0	1
13	98	468	1777	2401	4940	0.0	0	0	1184	0	1
13	98	468	1776	2401	4901	0.0	0	0	1184	0	1
13	99	469	1778	2403	4281	0.0	0	0	1184	0	1
13	98	468	1776	2401	4901	0.0	0	0	1184	0	1
13	99	469	1778	2404	4281	0.0	0	0	1184	0	1
13	98	468	1776	2401	4901	0.0	0	0	1184	0	1
13	100	478	1825	2462	5387	0.0	0	0	1184	0	1
13	100	478	1830	2468	5578	0.0	0	0	1184	0	0
13	100	481	1837	2477	5844	0.0	0	0	1184	0	0
13	88	398	1399	1930	61961	0.0	0	0	1184	0	0
13	56	188	273	528	19964	78.0	0	0	1184	0	0
13	56	187	271	524	19828	78.0	0	0	1184	0	0
13	56	188	273	528	19964	78.0	0	0	1184	0	0
13	56	187	271	525	19828	78.0	0	0	1184	0	0
14	56	188	273	528	19964	78.0	0	0	1315	0	1
14	56	187	271	525	19828	78.0	0	0	1315	0	1
14	56	188	273	528	19964	78.0	0	0	1315	0	1
14	104	504	1968	2640	7951	0.0	0	0	1315	0	1
14	106	517	2033	2722	8927	0.0	0	0	1315	0	1
14	106	518	2038	2728	9107	0.0	0	0	1315	0	1
14	106	516	2031	2719	8856	0.0	0	0	1315	0	1
14	106	515	2023	2709	8568	0.0	0	0	1315	0	1
14	106	518	2037	2727	9071	0.0	0	0	1315	0	1
14	106	517	2032	2720	8891	0.0	0	0	1315	0	1
14	106	516	2030	2717	8820	0.0	0	0	1315	0	1
14	106	517	2037	2726	9071	0.0	0	0	1315	0	1
14	106	517	2032	2721	8891	0.0	0	0	1315	0	1
14	106	516	2029	2716	8784	0.0	0	0	1315	0	1
14	106	518	2037	2726	9071	0.0	0	0	1315	0	1
14	104	506	1976	2650	8245	0.0	0	0	1315	0	1
14	104	505	1969	2643	7988	0.0	0	0	1315	0	1
14	104	505	1969	2641	7988	0.0	0	0	1315	0	1
14	104	505	1970	2643	8025	0.0	0	0	1315	0	1
14	104	505	1969	2641	7988	0.0	0	0	1315	0	1
14	104	506	1970	2644	8025	0.0	0	0	1315	0	1
14	104	504	1968	2641	7951	0.0	0	0	1315	0	1
14	104	506	1970	2644	8025	0.0	0	0	1315	0	1
14	104	507	1978	2653	8318	0.0	0	0	1315	0	1
14	104	504	1968	2640	7951	0.0	0	0	1315	0	1
14	105	510	1994	2674	8208	0.0	0	0	1315	0	1
14	106	517	2036	2725	9035	0.0	0	0	1315	0	1
14	106	516	2023	2710	8568	0.0	0	0	1315	0	1
14	106	516	2031	2718	8856	0.0	0	0	1315	0	0
14	89	405	1433	1974	62736	0.0	0	0	1315	0	0
14	56	187	272	525	19896	77.0	0	0	1315	0	0
14	56	188	273	529	19964	78.0	0	0	1315	0	0
14	56	187	272	525	19896	77.0	0	0	1315	0	0
14	56	188	273	529	19964	78.0	0	0	1315	0	0
15	56	187	272	526	19896	77.0	0	0	1447	0	1
15	56	188	273	529	19964	78.0	0	0	1447	0	1
15	56	187	272	526	19896	77.0	0	0	1447	0	1
15	110	542	2163	2884	10773	0.0	0	0	1447	0	1
15	112	555	2238	2977	11986	0.0	0	0	1447	0	1
15	111	554	2231	2968	12432	0.0	0	0	1447	0	1
15	111	554	2232	2970	12466	0.0	0	0	1447	0	1
15	111	554	2230	2967	12398	0.0	0	0	1447	0	1
15	111	554	2233	2971	12501	0.0	0	0	1447	0	1
15	111	554	2230	2967	12398	0.0	0	0	1447	0	1
15	111	554	2230	2967	12398	0.0	0	0	1447	0	1
15	111	555	2233	2972	12501	0.0	0	0	1447	0	1
15	111	555	2237	2976	12638	0.0	0	0	1447	0	1
15	111	554	2231	2968	12432	0.0	0	0	1447	0	1
15	111	554	2234	2971	12535	0.0	0	0	1447	0	1
15	110	542	2163	2884	10773	0.0	0	0	1447	0	1
15	109	541	2162	2882	11425	0.0	0	0	1447	0	1
15	110	542	2164	2885	10808	0.0	0	0	1447	0	1
15	109	541	2162	2882	11425	0.0	0	0	1447	0	1
15	110	542	2164	2885	10808	0.0	0	0	1447	0	1
15	109	541	2162	2882	11425	0.0	0	0	1447	0	1
15	110	542	2164	2885	10808	0.0	0	0	1447	0	1
15	109	541	2162	2882	11425	0.0	0	0	1447	0	1
15	110	542	2164	2885	10808	0.0	0	0	1447	0	1
15	109	541	2162	2882	11425	0.0	0	0	1447	0	1
15	110	543	2173	2885	11119	0.0	0	0	1447	0	1
15	112	556	2239	2979	12020	0.0	0	0	1447	0	1
15	111	553	2229	2966	12363	0.0	0	0	1447	0	1
15	112	555	2233	2971	11816	0.0	0	0	1447	0	0
15	93	432	1580	2156	584	0.0	0	0	1447	0	0
15	56	188	273	528	19964	78.0	0	0	1447	0	0
15	56	187	272	525	19896	77.0	0	0	1447	0	0
15	56	188	273	528	19964	78.0	0	0	1447	0	0
15	56	187	272	526	19896	77.0	0	0	1447	0	0
15	56	188	273	528	19964	78.0	0	0	1447	0	0
16	56	187	272	526	19896	77.0	0	0	1578	0	1
16	56	188	273	528	19964	78.0	0	0	1578	0	1
16	115	577	2355	3123	13877	0.0	0	0	1578	0	1
16	115	577	2355	3124	13877	0.0	0	0	1578	0	1
16	115	577	2355	3123	13877	0.0	0	0	1578	0	1
16	117	591	2430	3216	14985	0.0	0	0	1578	0	1
16	117	593	2437	3225	15213	0.0	0	0	1578	0	1
16	117	590	2424	3210	14790	0.0	0	0	1578	0	1
16	117	591	2430	3216	14985	0.0	0	0	1578	0	1
16	117	592	2435	3223	15148	0.0	0	0	1578	0	1
16	117	591	2429	3215	14953	0.0	0	0	1578	0	1
16	117	592	2436	3224	15181	0.0	0	0	1578	0	1
16	117	592	2434	3221	15116	0.0	0	0	1578	0	1
16	117	591	2430	3217	14985	0.0	0	0	1578	0	1
16	117	592	2434	3221	15116	0.0	0	0	1578	0	1
16	116	584	2389	3167	14321	0.0	0	0	1578	0	1
16	115	577	2354	3121	13844	0.0	0	0	1578	0	1
16	115	578	2356	3124	13910	0.0	0	0	1578	0	1
16	115	576	2354	3121	13844	0.0	0	0	1578	0	1
16	115	579	2365	3136	14208	0.0	0	0	1578	0	1
16	115	577	2354	3121	13844	0.0	0	0	1578	0	1
16	115	578	2356	3125	13910	0.0	0	0	1578	0	1
16	115	577	2354	3121	13844	0.0	0	0	1578	0	1
16	115	580	2365	3136	14208	0.0	0	0	1578	0	1
16	115	577	2354	3121	13844	0.0	0	0	1578	0	1
16	115	578	2356	3125	13910	0.0	0	0	1578	0	1
16	115	577	2354	3121	13844	0.0	0	0	1578	0	1
16	117	590	2428	3214	14920	0.0	0	0	1578	0	0
16	105	510	1994	2673	8208	0.0	0	0	1578	0	0
16	56	187	272	525	19896	77.0	0	0	1578	0	0
16	56	188	273	528	19964	78.0	0	0	1578	0	0
16	56	187	272	525	19896	77.0	0	0	1578	0	0
16	56	188	273	528	19964	78.0	0	0	1578	0	0
16	56	187	272	526	19896	77.0	0	0	1578	0	0
17	56	188	273	528	19964	78.0	0	0	1710	0	1
17	56	187	272	526	19896	77.0	0	0	1710	0	1
17	121	614	2550	3366	16148	0.0	0	0	1710	0	1
17	120	614	2549	3365	16785	0.0	0	0	1710	0	1
17	123	629	2633	3470	17413	0.0	0	0	1710	0	1
17	123	629	2633	3470	17413	0.0	0	0	1710	0	1
17	123	631	2641	3479	17661	0.0	0	0	1710	0	1
17	123	629	2632	3469	17382	0.0	0	0	1710	0	1
17	123	629	2633	3470	17413	0.0	0	0	1710	0	1
17	123	629	2630	3466	17320	0.0	0	0	1710	0	1
17	123	629	2631	3467	17351	0.0	0	0	1710	0	1
17	123	630	2638	3477	17568	0.0	0	0	1710	0	1
17	122	627	2621	3455	17707	0.0	0	0	1710	0	1
17	123	629	2634	3471	17444	0.0	0	0	1710	0	1
17	123	629	2629	3465	17289	0.0	0	0	1710	0	1
17	120	613	2548	3363	16754	0.0	0	0	1710	0	1
17	121	616	2560	3379	16463	0.0	0	0	1710	0	1
17	120	613	2548	3363	16754	0.0	0	0	1710	0	1
17	121	614	2550	3367	16148	0.0	0	0	1710	0	1
17	120	613	2548	3363	16754	0.0	0	0	1710	0	1
17	121	614	2550	3367	16148	0.0	0	0	1710	0	1
17	120	613	2548	3364	16754	0.0	0	0	1710	0	1
17	121	614	2550	3367	16148	0.0	0	0	1710	0	1
17	120	613	2548	3363	16754	0.0	0	0	1710	0	1
17	121	614	2550	3367	16148	0.0	0	0	1710	0	1
17	120	615	2558	3376	17071	0.0	0	0	1710	0	1
17	122	625	2610	3442	17364	0.0	0	0	1710	0	1
17	122	628	2630	3465	17988	0.0	0	0	1710	0	0
17	123	631	2639	3477	17599	0.0	0	0	1710	0	0
17	56	188	273	528	19964	78.0	0	0	1710	0	0
17	56	187	271	525	19828	78.0	0	0	1710	0	0
17	56	188	273	528	19964	78.0	0	0	1710	0	0
17	56	187	272	525	19896	77.0	0	0	1710	0	0
17	56	188	273	528	19964	78.0	0	0	1710	0	0
18	56	187	272	526	19896	77.0	0	0	1842	0	1
18	56	188	273	528	19964	78.0	0	0	1842	0	1
18	126	650	2743	3607	18798	0.0	0	0	1842	0	1
18	126	652	2756	3623	19191	0.0	0	0	1842	0	1
18	128	666	2832	3718	20151	0.0	0	0	1842	0	1
18	129	668	2839	3726	19704	0.0	0	0	1842	0	1
18	129	668	2839	3727	19704	0.0	0	0	1842	0	1
18	128	667	2832	3719	20151	0.0	0	0	1842	0	1
18	129	668	2838	3726	19675	0.0	0	0	1842	0	1
18	129	668	2840	3728	19734	0.0	0	0	1842	0	1
18	128	667	2832	3719	20151	0.0	0	0	1842	0	1
18	128	665	2826	3711	19972	0.0	0	0	1842	0	1
18	129	668	2841	3729	19763	0.0	0	0	1842	0	1
18	129	668	2837	3717	19645	0.0	0	0	1842	0	1
18	129	668	2841	3729	19763	0.0	0	0	1842	0	1
18	126	650	2744	3609	18828	0.0	0	0	1842	0	1
18	126	649	2743	3607	18798	0.0	0	0	1842	0	1
18	126	650	2744	3609	18828	0.0	0	0	1842	0	1
18	126	651	2754	3620	19130	0.0	0	0	1842	0	1
18	126	650	2745	3609	18858	0.0	0	0	1842	0	1
18	126	649	2743	3607	18798	0.0	0	0	1842	0	1
18	126	651	2745	3610	18858	0.0	0	0	1842	0	1
18	126	650	2743	3607	18798	0.0	0	0	1842	0	1
18	126	651	2745	3610	18858	0.0	0	0	1842	0	1
18	126	649	2743	3606	18798	0.0	0	0	1842	0	1
18	126	651	2745	3610	18858	0.0	0	0	1842	0	1
18	127	657	2786	3660	19435	0.0	0	0	1842	0	1
18	129	667	2833	3720	19527	0.0	0	0	1842	0	0
18	128	667	2839	3726	20359	0.0	0	0	1842	0	0
18	110	542	2166	2889	10877	0.0	0	0	1842	0	0
18	56	187	272	525	19896	77.0	0	0	1842	0	0
18	56	188	272	529	19896	79.0	0	0	1842	0	0
18	56	188	273	528	19964	78.0	0	0	1842	0	0
18	56	187	272	525	19896	77.0	0	0	1842	0	0
19	56	188	273	528	19964	78.0	0	0	1973	0	1
19	56	187	272	526	19896	77.0	0	0	1973	0	1
19	132	687	2938	3851	20656	0.0	0	0	1973	0	1
19	131	686	2937	3849	21274	0.0	0	0	1973	0	1
19	131	687	2938	3850	21303	0.0	0	0	1973	0	1
19	132	690	2960	3877	21291	0.0	0	0	1973	0	1
19	134	704	3034	3970	22120	0.0	0	0	1973	0	1
19	134	705	3037	3974	22205	0.0	0	0	1973	0	1
19	134	706	3043	3981	22376	0.0	0	0	1973	0	1
19	134	702	3021	3954	21750	0.0	0	0	1973	0	1
19	134	705	3040	3977	22290	0.0	0	0	1973	0	1
19	134	705	3040	3978	22290	0.0	0	0	1973	0	1
19	134	704	3033	3969	22091	0.0	0	0	1973	0	1
19	134	706	3042	3980	22347	0.0	0	0	1973	0	1
19	134	705	3038	3975	22233	0.0	0	0	1973	0	1
19	134	705	3035	3971	22148	0.0	0	0	1973	0	1
19	132	687	2942	3855	20771	0.0	0	0	1973	0	1
19	131	686	2937	3848	21274	0.0	0	0	1973	0	1
19	131	687	2938	3850	21303	0.0	0	0	1973	0	1
19	131	686	2936	3848	21245	0.0	0	0	1973	0	1
19	131	687	2938	3850	21303	0.0	0	0	1973	0	1
19	131	685	2937	3847	21274	0.0	0	0	1973	0	1
19	131	687	2938	3850	21303	0.0	0	0	1973	0	1
19	131	685	2936	3847	21245	0.0	0	0	1973	0	1
19	131	687	2938	3851	21303	0.0	0	0	1973	0	1
19	131	688	2948	3862	21594	0.0	0	0	1973	0	1
19	131	687	2938	3851	21303	0.0	0	0	1973	0	1
19	131	686	2937	3848	21274	0.0	0	0	1973	0	0
19	134	705	3034	3971	22120	0.0	0	0	1973	0	0
19	123	632	2652	3493	18002	0.0	0	0	1973	0	0
19	56	188	273	529	19964	78.0	0	0	1973	0	0
19	56	187	271	525	19828	78.0	0	0	1973	0	0
19	56	188	273	528	19964	78.0	0	0	1973	0	0
19	56	187	271	525	19828	78.0	0	0	1973	0	0
20	56	187	271	525	19828	78.0	0	0	2105	0	1
20	56	188	273	528	19964	78.0	0	0	2105	0	1
20	137	722	3133	4092	22984	0.0	0	0	2105	0	1
20	137	723	3134	4095	23012	0.0	0	0	2105	0	1
20	137	722	3133	4093	22984	0.0	0	0	2105	0	1
20	140	744	3244	4232	24138	0.0	0	0	2105	0	1
20	140	743	3244	4231	24138	0.0	0	0	2105	0	1
20	140	743	3237	4224	23947	0.0	0	0	2105	0	1
20	140	744	3247	4235	24219	0.0	0	0	2105	0	1
20	140	743	3241	4227	24056	0.0	0	0	2105	0	1
20	140	743	3241	4228	24056	0.0	0	0	2105	0	1
20	140	744	3247	4235	24219	0.0	0	0	2105	0	1
20	140	742	3237	4223	23947	0.0	0	0	2105	0	1
20	140	744	3244	4232	24138	0.0	0	0	2105	0	1
20	140	744	3243	4230	24110	0.0	0	0	2105	0	1
20	139	740	3225	4208	24252	0.0	0	0	2105	0	1
20	138	733	3185	4159	23788	0.0	0	0	2105	0	1
20	137	722	3133	4093	22984	0.0	0	0	2105	0	1
20	137	725	3146	4108	23345	0.0	0	0	2105	0	1
20	137	723	3134	4095	23012	0.0	0	0	2105	0	1
20	137	722	3133	4092	22984	0.0	0	0	2105	0	1
20	137	723	3134	4095	23012	0.0	0	0	2105	0	1
20	137	722	3133	4092	22984	0.0	0	0	2105	0	1
20	137	724	3135	4096	23040	0.0	0	0	2105	0	1
20	137	722	3133	4093	22984	0.0	0	0	2105	0	1
20	137	723	3134	4095	23012	0.0	0	0	2105	0	1
20	137	722	3132	4092	22956	0.0	0	0	2105	0	1
20	140	744	3241	4229	24056	0.0	0	0	2105	0	0
20	140	743	3245	4233	24165	0.0	0	0	2105	0	0
20	122	626	2612	3444	17426	0.0	0	0	2105	0	0
20	56	187	271	525	19828	78.0	0	0	2105	0	0
20	56	188	273	529	19964	78.0	0	0	2105	0	0
20	56	187	272	525	19896	77.0	0	0	2105	0	0
20	56	188	273	529	19964	78.0	0	0	2105	0	0
21	56	187	271	525	19828	78.0	0	0	2236	0	1
21	56	188	273	528	19964	78.0	0	0	2236	0	1
21	143	760	3330	4339	24577	0.0	0	0	2236	0	1
21	142	759	3328	4337	25148	0.0	0	0	2236	0	1
21	143	760	3329	4339	24550	0.0	0	0	2236	0	1
21	146	781	3444	4482	25729	0.0	0	0	2236	0	1
21	146	782	3448	4487	25833	0.0	0	0	2236	0	1
21	145	780	3440	4476	26243	0.0	0	0	2236	0	1
21	146	783	3451	4490	25911	0.0	0	0	2236	0	1
21	146	781	3442	4479	25677	0.0	0	0	2236	0	1
21	146	781	3445	4483	25755	0.0	0	0	2236	0	1
21	146	782	3447	4485	25807	0.0	0	0	2236	0	1
21	145	780	3438	4474	26191	0.0	0	0	2236	0	1
21	145	779	3434	4469	26086	0.0	0	0	2236	0	1
21	146	781	3444	4480	25729	0.0	0	0	2236	0	1
21	146	781	3441	4478	25650	0.0	0	0	2236	0	1
21	144	769	3382	4403	25337	0.0	0	0	2236	0	1
21	142	760	3329	4338	25175	0.0	0	0	2236	0	1
21	142	759	3328	4336	25148	0.0	0	0	2236	0	1
21	142	760	3329	4338	25175	0.0	0	0	2236	0	1
21	142	759	3343	4335	25550	0.0	0	0	2236	0	1
21	142	759	3327	4335	25121	0.0	0	0	2236	0	1
21	142	760	3329	4338	25175	0.0	0	0	2236	0	1
21	142	759	3328	4335	25148	0.0	0	0	2236	0	1
21	143	760	3329	4338	24550	0.0	0	0	2236	0	1
21	142	758	3327	4334	25121	0.0	0	0	2236	0	1
21	142	760	3329	4338	25175	0.0	0	0	2236	0	1
21	145	779	3439	4474	26217	0.0	0	0	2236	0	0
21	146	781	3444	4482	25729	0.0	0	0	2236	0	0
21	127	659	2792	3668	19615	0.0	0	0	2236	0	0
21	56	188	273	528	19964	78.0	0	0	2236	0	0
21	56	187	271	524	19828	78.0	0	0	2236	0	0
21	56	188	273	528	19964	78.0	0	0	2236	0	0
21	56	187	271	524	19828	78.0	0	0	2236	0	0
22	56	188	273	527	19964	78.0	0	0	2368	0	1
22	56	187	271	524	19828	78.0	0	0	2368	0	1
22	56	188	273	527	19964	78.0	0	0	2368	0	1
22	148	796	3525	4581	26599	0.0	0	0	2368	0	1
22	148	799	3541	4603	27011	0.0	0	0	2368	0	1
22	148	797	3527	4584	26651	0.0	0	0	2368	0	1
22	151	818	3644	4730	27799	0.0	0	0	2368	0	1
22	152	820	3651	4739	27370	0.0	0	0	2368	0	1
22	151	820	3651	4738	27976	0.0	0	0	2368	0	1
22	151	818	3644	4731	27799	0.0	0	0	2368	0	1
22	152	820	3654	4742	27445	0.0	0	0	2368	0	1
22	151	816	3633	4717	27522	0.0	0	0	2368	0	1
22	151	819	3647	4734	27875	0.0	0	0	2368	0	1
22	151	820	3654	4742	28051	0.0	0	0	2368	0	1
22	151	818	3644	4730	27799	0.0	0	0	2368	0	1
22	151	819	3649	4736	27925	0.0	0	0	2368	0	1
22	152	820	3651	4739	27370	0.0	0	0	2368	0	1
22	151	818	3642	4728	27749	0.0	0	0	2368	0	1
22	148	796	3526	4583	26625	0.0	0	0	2368	0	1
22	148	798	3539	4599	26960	0.0	0	0	2368	0	1
22	148	797	3526	4584	26625	0.0	0	0	2368	0	1
22	148	795	3525	4581	26599	0.0	0	0	2368	0	1
22	148	797	3526	4584	26625	0.0	0	0	2368	0	1
22	148	797	3526	4584	26625	0.0	0	0	2368	0	1
22	148	796	3524	4580	26574	0.0	0	0	2368	0	1
22	148	797	3526	4584	26625	0.0	0	0	2368	0	1
22	148	796	3524	4580	26574	0.0	0	0	2368	0	1
22	149	800	3541	4602	26400	0.0	0	0	2368	0	1
22	148	797	3532	4590	26780	0.0	0	0	2368	0	0
22	143	766	3361	4378	25403	0.0	0	0	2368	0	0
22	56	187	271	524	19828	78.0	0	0	2368	0	0
22	56	188	273	527	19964	78.0	0	0	2368	0	0
22	56	187	271	524	19828	78.0	0	0	2368	0	0
22	56	188	273	527	19964	78.0	0	0	2368	0	0
23	56	187	271	524	19828	78.0	0	0	2500	0	1
23	56	188	273	527	19964	78.0	0	0	2500	0	1
23	56	187	271	525	19828	78.0	0	0	2500	0	1
23	154	834	3724	4831	27987	0.0	0	0	2500	0	1
23	153	833	3724	4829	28589	0.0	0	0	2500	0	1
23	154	834	3725	4831	28012	0.0	0	0	2500	0	1
23	156	850	3815	4943	29029	0.0	0	0	2500	0	1
23	157	859	3859	4998	29503	0.0	0	0	2500	0	1
23	157	858	3854	4992	29382	0.0	0	0	2500	0	1
23	157	857	3852	4989	29333	0.0	0	0	2500	0	1
23	157	859	3859	4999	29503	0.0	0	0	2500	0	1
23	157	857	3851	4988	29309	0.0	0	0	2500	0	1
23	157	858	3854	4992	29382	0.0	0	0	2500	0	1
23	157	859	3858	4997	29479	0.0	0	0	2500	0	1
23	157	857	3848	4985	29236	0.0	0	0	2500	0	1
23	157	858	3857	4995	29454	0.0	0	0	2500	0	1
23	157	858	3856	4994	29430	0.0	0	0	2500	0	1
23	154	834	3724	4831	27987	0.0	0	0	2500	0	1
23	153	833	3723	4828	28565	0.0	0	0	2500	0	1
23	154	834	3724	4831	27987	0.0	0	0	2500	0	1
23	153	833	3723	4828	28565	0.0	0	0	2500	0	1
23	154	837	3739	4850	28358	0.0	0	0	2500	0	1
23	153	833	3723	4828	28565	0.0	0	0	2500	0	1
23	154	834	3725	4832	28012	0.0	0	0	2500	0	1
23	153	833	3723	4828	28565	0.0	0	0	2500	0	1
23	153	833	3723	4829	28565	0.0	0	0	2500	0	1
23	154	834	3725	4832	28012	0.0	0	0	2500	0	1
23	153	833	3723	4828	28565	0.0	0	0	2500	0	1
