Stim	R	G	B	C	Temp	HueLux	Yellow	Red	Blue	Blue2	Trig
1	56	188	273	528	19964	78.0	1800	0	0	0	1
1	67	194	274	546	16972	83.0	1800	0	0	0	1
1	240	308	317	877	6423	176.0	1800	0	0	0	1
1	239	307	317	875	6444	174.0	1800	0	0	0	1
1	239	306	315	872	6412	174.0	1800	0	0	0	1
1	239	307	317	875	6444	174.0	1800	0	0	0	1
1	239	306	315	872	6412	174.0	1800	0	0	0	1
1	239	307	317	875	6444	174.0	1800	0	0	0	1
1	239	306	315	871	6412	174.0	1800	0	0	0	1
1	239	307	317	875	6444	174.0	1800	0	0	0	1
1	239	306	315	871	6412	174.0	1800	0	0	0	1
1	239	307	316	874	6428	175.0	1800	0	0	0	1
1	239	306	315	872	6412	174.0	1800	0	0	0	1
1	239	307	316	874	6428	175.0	1800	0	0	0	1
1	239	306	315	871	6412	174.0	1800	0	0	0	1
1	239	307	316	874	6428	175.0	1800	0	0	0	1
1	239	306	315	872	6412	174.0	1800	0	0	0	1
1	239	307	316	874	6428	175.0	1800	0	0	0	1
1	239	307	316	873	6428	175.0	1800	0	0	0	1
1	239	307	316	873	6428	175.0	1800	0	0	0	1
1	239	307	316	873	6428	175.0	1800	0	0	0	1
1	239	307	316	873	6428	175.0	1800	0	0	0	1
1	239	306	316	873	6428	174.0	1800	0	0	0	1
1	239	307	316	874	6428	175.0	1800	0	0	0	1
1	239	306	315	872	6412	174.0	1800	0	0	0	1
1	239	307	316	874	6428	175.0	1800	0	0	0	1
1	239	306	315	872	6412	174.0	1800	0	0	0	1
1	239	307	316	874	6428	175.0	1800	0	0	0	0
1	185	271	302	770	7610	146.0	1800	0	0	0	0
1	56	188	273	527	19964	78.0	1800	0	0	0	0
1	56	187	271	524	19828	78.0	1800	0	0	0	0
1	56	188	273	528	19964	78.0	1800	0	0	0	0
1	56	187	271	524	19828	78.0	1800	0	0	0	0
1	56	188	273	528	19964	78.0	1800	0	0	0	0
2	56	187	271	524	19828	78.0	1800	0	0	0	1
2	74	199	277	561	15652	87.0	1800	0	0	0	1
2	239	306	315	871	6412	174.0	1800	0	0	0	1
2	239	307	317	875	6444	174.0	1800	0	0	0	1
2	239	306	315	871	6412	174.0	1800	0	0	0	1
2	239	307	317	874	6444	174.0	1800	0	0	0	1
2	239	307	317	875	6444	174.0	1800	0	0	0	1
2	239	306	315	871	6412	174.0	1800	0	0	0	1
2	239	307	316	874	6428	175.0	1800	0	0	0	1
2	239	306	315	872	6412	174.0	1800	0	0	0	1
2	239	307	316	874	6428	175.0	1800	0	0	0	1
2	239	306	315	871	6412	174.0	1800	0	0	0	1
2	239	307	316	874	6428	175.0	1800	0	0	0	1
2	239	306	315	872	6412	174.0	1800	0	0	0	1
2	239	307	316	873	6428	175.0	1800	0	0	0	1
2	239	306	315	872	6412	174.0	1800	0	0	0	1
2	239	307	316	874	6428	175.0	1800	0	0	0	1
2	239	306	315	872	6412	174.0	1800	0	0	0	1
2	239	307	316	873	6428	175.0	1800	0	0	0	1
2	239	307	316	873	6428	175.0	1800	0	0	0	1
2	239	307	316	873	6428	175.0	1800	0	0	0	1
2	239	307	316	873	6428	175.0	1800	0	0	0	1
2	239	307	316	873	6428	175.0	1800	0	0	0	1
2	239	307	316	873	6428	175.0	1800	0	0	0	1
2	239	307	316	874	6428	175.0	1800	0	0	0	1
2	239	306	315	872	6412	174.0	1800	0	0	0	1
2	239	307	316	873	6428	175.0	1800	0	0	0	1
2	239	306	315	871	6412	174.0	1800	0	0	0	0
2	187	273	304	775	7584	147.0	1800	0	0	0	0
2	56	187	271	524	19828	78.0	1800	0	0	0	0
2	56	188	272	527	19896	79.0	1800	0	0	0	0
2	56	186	271	523	19828	77.0	1800	0	0	0	0
2	56	188	272	527	19896	79.0	1800	0	0	0	0
2	56	186	271	523	19828	77.0	1800	0	0	0	0
3	56	188	273	527	19964	78.0	1800	0	0	0	1
3	72	197	275	553	15943	86.0	1800	0	0	0	1
3	239	307	316	874	6428	175.0	1800	0	0	0	1
3	239	306	314	870	6396	175.0	1800	0	0	0	1
3	239	307	316	873	6428	175.0	1800	0	0	0	1
3	239	306	314	870	6396	175.0	1800	0	0	0	1
3	239	307	316	874	6428	175.0	1800	0	0	0	1
3	239	306	314	870	6396	175.0	1800	0	0	0	1
3	239	306	314	871	6396	175.0	1800	0	0	0	1
3	239	307	316	873	6428	175.0	1800	0	0	0	1
3	239	306	314	870	6396	175.0	1800	0	0	0	1
3	239	307	316	874	6428	175.0	1800	0	0	0	1
3	239	306	315	870	6412	174.0	1800	0	0	0	1
3	239	307	316	873	6428	175.0	1800	0	0	0	1
3	239	306	315	871	6412	174.0	1800	0	0	0	1
3	239	307	316	873	6428	175.0	1800	0	0	0	1
3	239	306	315	872	6412	174.0	1800	0	0	0	1
3	239	307	316	874	6428	175.0	1800	0	0	0	1
3	239	307	316	873	6428	175.0	1800	0	0	0	1
3	239	307	316	873	6428	175.0	1800	0	0	0	1
3	239	307	316	873	6428	175.0	1800	0	0	0	1
3	239	307	316	873	6428	175.0	1800	0	0	0	1
3	239	306	315	872	6412	174.0	1800	0	0	0	1
3	239	306	315	872	6412	174.0	1800	0	0	0	1
3	239	307	316	873	6428	175.0	1800	0	0	0	1
3	239	306	315	871	6412	174.0	1800	0	0	0	1
3	239	306	315	872	6412	174.0	1800	0	0	0	1
3	239	307	316	873	6428	175.0	1800	0	0	0	0
3	180	268	301	760	7762	144.0	1800	0	0	0	0
3	56	188	272	527	19896	79.0	1800	0	0	0	0
3	56	187	271	524	19828	78.0	1800	0	0	0	0
3	56	188	273	527	19964	78.0	1800	0	0	0	0
3	56	187	271	524	19828	78.0	1800	0	0	0	0
3	56	188	273	528	19964	78.0	1800	0	0	0	0
4	56	187	271	524	19828	78.0	1800	0	0	0	1
4	56	188	273	528	19964	78.0	1800	0	0	0	1
4	146	245	293	695	9037	124.0	1800	0	0	0	1
4	146	247	294	698	9063	127.0	1800	0	0	0	1
4	146	245	293	695	9037	124.0	1800	0	0	0	1
4	146	247	294	698	9063	127.0	1800	0	0	0	1
4	146	245	293	695	9037	124.0	1800	0	0	0	1
4	146	247	294	698	9063	127.0	1800	0	0	0	1
4	146	245	293	695	9037	124.0	1800	0	0	0	1
4	146	247	294	698	9063	127.0	1800	0	0	0	1
4	146	247	294	698	9063	127.0	1800	0	0	0	1
4	146	246	293	696	9037	126.0	1800	0	0	0	1
4	149	249	295	704	8934	128.0	1800	0	0	0	1
4	149	248	294	702	8908	127.0	1800	0	0	0	1
4	149	248	295	704	8934	127.0	1800	0	0	0	1
4	149	248	294	701	8908	127.0	1800	0	0	0	1
4	150	249	295	704	8884	128.0	1800	0	0	0	1
4	149	248	294	702	8908	127.0	1800	0	0	0	1
4	149	248	295	703	8934	127.0	1800	0	0	0	1
4	149	248	294	703	8908	127.0	1800	0	0	0	1
4	149	248	294	703	8908	127.0	1800	0	0	0	1
4	149	248	294	703	8908	127.0	1800	0	0	0	1
4	150	248	294	703	8858	127.0	1800	0	0	0	1
4	149	248	294	703	8908	127.0	1800	0	0	0	1
4	146	246	293	696	9037	126.0	1800	0	0	0	1
4	146	246	294	697	9063	125.0	1800	0	0	0	1
4	146	246	293	696	9037	126.0	1800	0	0	0	1
4	146	246	294	698	9063	125.0	1800	0	0	0	0
4	146	246	294	695	9063	125.0	1800	0	0	0	0
4	56	187	271	525	19828	78.0	1800	0	0	0	0
4	56	188	273	527	19964	78.0	1800	0	0	0	0
4	56	187	271	525	19828	78.0	1800	0	0	0	0
4	56	188	273	528	19964	78.0	1800	0	0	0	0
4	56	187	271	524	19828	78.0	1800	0	0	0	0
5	56	188	273	527	19964	78.0	1800	0	131	0	1
5	56	187	271	524	19828	78.0	1800	0	131	0	1
5	147	254	334	748	10047	108.0	1800	0	131	0	1
5	147	253	332	744	9995	108.0	1800	0	131	0	1
5	147	254	335	748	10073	107.0	1800	0	131	0	1
5	147	253	333	746	10021	107.0	1800	0	131	0	1
5	147	254	335	748	10073	107.0	1800	0	131	0	1
5	147	253	333	745	10021	107.0	1800	0	131	0	1
5	147	254	335	748	10073	107.0	1800	0	131	0	1
5	147	253	333	745	10021	107.0	1800	0	131	0	1
5	147	254	335	748	10073	107.0	1800	0	131	0	1
5	147	253	333	745	10021	107.0	1800	0	131	0	1
5	151	257	336	757	9868	110.0	1800	0	131	0	1
5	150	257	337	756	9950	110.0	1800	0	131	0	1
5	150	256	336	754	9925	109.0	1800	0	131	0	1
5	151	257	337	756	9894	109.0	1800	0	131	0	1
5	150	256	336	754	9925	109.0	1800	0	131	0	1
5	150	257	336	756	9925	111.0	1800	0	131	0	1
5	150	256	336	755	9925	109.0	1800	0	131	0	1
5	150	256	336	755	9925	109.0	1800	0	131	0	1
5	150	256	336	755	9925	109.0	1800	0	131	0	1
5	150	256	336	755	9925	109.0	1800	0	131	0	1
5	150	256	336	755	9925	109.0	1800	0	131	0	1
5	147	254	334	747	10047	108.0	1800	0	131	0	1
5	147	254	334	747	10047	108.0	1800	0	131	0	1
5	147	254	334	747	10047	108.0	1800	0	131	0	1
5	147	254	334	748	10047	108.0	1800	0	131	0	1
5	147	253	333	746	10021	107.0	1800	0	131	0	0
5	147	254	334	748	10047	108.0	1800	0	131	0	0
5	147	254	333	746	10021	109.0	1800	0	131	0	0
5	56	188	273	527	19964	78.0	1800	0	131	0	0
5	56	188	273	528	19964	78.0	1800	0	131	0	0
5	56	187	271	524	19828	78.0	1800	0	131	0	0
5	56	188	273	528	19964	78.0	1800	0	131	0	0
6	56	187	271	524	19828	78.0	1800	0	263	0	1
6	56	188	273	528	19964	78.0	1800	0	263	0	1
6	151	282	489	940	13729	38.0	1800	0	263	0	1
6	151	284	492	945	13805	39.0	1800	0	263	0	1
6	151	283	489	940	13729	39.0	1800	0	263	0	1
6	151	284	491	944	13779	39.0	1800	0	263	0	1
6	151	283	489	940	13729	39.0	1800	0	263	0	1
6	152	284	492	946	13723	38.0	1800	0	263	0	1
6	151	283	490	940	13754	39.0	1800	0	263	0	1
6	151	284	491	944	13779	39.0	1800	0	263	0	1
6	151	283	490	941	13754	39.0	1800	0	263	0	1
6	151	284	491	944	13779	39.0	1800	0	263	0	1
6	154	286	497	954	13686	37.0	1800	0	263	0	1
6	155	287	499	959	13656	37.0	1800	0	263	0	1
6	155	287	499	957	13656	37.0	1800	0	263	0	1
6	155	286	498	956	13632	36.0	1800	0	263	0	1
6	155	287	500	959	13681	36.0	1800	0	263	0	1
6	155	286	499	957	13656	35.0	1800	0	263	0	1
6	155	287	499	958	13656	37.0	1800	0	263	0	1
6	155	287	497	956	13607	38.0	1800	0	263	0	1
6	155	287	499	958	13656	37.0	1800	0	263	0	1
6	155	287	498	957	13632	38.0	1800	0	263	0	1
6	155	287	498	957	13632	38.0	1800	0	263	0	1
6	151	283	490	942	13754	39.0	1800	0	263	0	1
6	151	283	490	941	13754	39.0	1800	0	263	0	1
6	151	283	491	942	13779	38.0	1800	0	263	0	1
6	151	283	490	941	13754	39.0	1800	0	263	0	1
6	152	284	492	944	13723	38.0	1800	0	263	0	0
6	151	283	490	941	13754	39.0	1800	0	263	0	0
6	151	283	491	943	13779	38.0	1800	0	263	0	0
6	56	187	271	525	19828	78.0	1800	0	263	0	0
6	56	188	273	527	19964	78.0	1800	0	263	0	0
6	56	187	271	524	19828	78.0	1800	0	263	0	0
6	56	187	271	524	19828	78.0	1800	0	263	0	0
7	56	188	273	528	19964	78.0	1800	0	394	0	1
7	56	187	271	524	19828	78.0	1800	0	394	0	1
7	156	316	666	1161	17656	0.0	1800	0	394	0	1
7	156	315	664	1158	17607	0.0	1800	0	394	0	1
7	156	317	666	1162	17656	0.0	1800	0	394	0	1
7	156	315	664	1159	17607	0.0	1800	0	394	0	1
7	156	316	666	1161	17656	0.0	1800	0	394	0	1
7	156	315	664	1158	17607	0.0	1800	0	394	0	1
7	156	316	666	1161	17656	0.0	1800	0	394	0	1
7	156	315	664	1158	17607	0.0	1800	0	394	0	1
7	156	316	666	1161	17656	0.0	1800	0	394	0	1
7	156	315	664	1158	17607	0.0	1800	0	394	0	1
7	156	316	666	1161	17656	0.0	1800	0	394	0	1
7	156	315	665	1158	17632	0.0	1800	0	394	0	1
7	160	321	682	1186	17631	0.0	1800	0	394	0	1
7	160	320	679	1181	17559	0.0	1800	0	394	0	1
7	160	321	680	1184	17583	0.0	1800	0	394	0	1
7	159	320	678	1180	17637	0.0	1800	0	394	0	1
7	160	320	679	1182	17559	0.0	1800	0	394	0	1
7	160	321	681	1185	17607	0.0	1800	0	394	0	1
7	160	320	679	1182	17559	0.0	1800	0	394	0	1
7	160	320	679	1182	17559	0.0	1800	0	394	0	1
7	160	321	681	1185	17607	0.0	1800	0	394	0	1
7	160	321	680	1183	17583	0.0	1800	0	394	0	1
7	159	320	676	1178	17589	0.0	1800	0	394	0	1
7	157	316	667	1162	17577	0.0	1800	0	394	0	1
7	156	316	666	1160	17656	0.0	1800	0	394	0	1
7	156	316	665	1159	17632	0.0	1800	0	394	0	1
7	156	316	666	1160	17656	0.0	1800	0	394	0	0
7	156	315	665	1159	17632	0.0	1800	0	394	0	0
7	56	188	273	527	19964	78.0	1800	0	394	0	0
7	56	187	271	525	19828	78.0	1800	0	394	0	0
7	56	188	273	527	19964	78.0	1800	0	394	0	0
7	56	187	271	524	19828	78.0	1800	0	394	0	0
8	56	188	273	528	19964	78.0	1800	0	526	0	1
8	56	188	273	524	19964	78.0	1800	0	526	0	1
8	161	351	854	1395	21600	0.0	1800	0	526	0	1
8	162	352	856	1398	21522	0.0	1800	0	526	0	1
8	161	351	854	1395	21600	0.0	1800	0	526	0	1
8	162	352	856	1398	21522	0.0	1800	0	526	0	1
8	161	351	854	1395	21600	0.0	1800	0	526	0	1
8	162	353	859	1402	21593	0.0	1800	0	526	0	1
8	161	351	854	1395	21600	0.0	1800	0	526	0	1
8	162	352	856	1398	21522	0.0	1800	0	526	0	1
8	161	351	854	1395	21600	0.0	1800	0	526	0	1
8	162	352	856	1399	21522	0.0	1800	0	526	0	1
8	161	351	855	1395	21624	0.0	1800	0	526	0	1
8	166	358	878	1430	21542	0.0	1800	0	526	0	1
8	165	357	875	1427	21595	0.0	1800	0	526	0	1
8	165	358	876	1428	21618	0.0	1800	0	526	0	1
8	165	357	876	1428	21618	0.0	1800	0	526	0	1
8	166	358	876	1429	21496	0.0	1800	0	526	0	1
8	165	358	878	1431	21664	0.0	1800	0	526	0	1
8	165	357	876	1428	21618	0.0	1800	0	526	0	1
8	166	358	878	1431	21542	0.0	1800	0	526	0	1
8	165	357	876	1428	21618	0.0	1800	0	526	0	1
8	166	357	876	1428	21496	0.0	1800	0	526	0	1
8	165	357	876	1428	21618	0.0	1800	0	526	0	1
8	162	351	855	1396	21499	0.0	1800	0	526	0	1
8	162	352	856	1397	21522	0.0	1800	0	526	0	1
8	161	351	854	1395	21600	0.0	1800	0	526	0	1
8	162	352	858	1401	21569	0.0	1800	0	526	0	1
8	161	351	854	1395	21600	0.0	1800	0	526	0	0
8	162	352	856	1398	21522	0.0	1800	0	526	0	0
8	56	187	271	525	19828	78.0	1800	0	526	0	0
8	56	188	273	528	19964	78.0	1800	0	526	0	0
8	56	187	271	524	19828	78.0	1800	0	526	0	0
8	56	188	273	528	19964	78.0	1800	0	526	0	0
8	56	187	271	524	19828	78.0	1800	0	526	0	0
9	56	188	273	528	19964	78.0	1800	0	657	0	1
9	56	187	271	524	19828	78.0	1800	0	657	0	1
9	167	388	1047	1637	25277	0.0	1800	0	657	0	1
9	167	388	1048	1638	25300	0.0	1800	0	657	0	1
9	167	387	1046	1634	25254	0.0	1800	0	657	0	1
9	167	388	1048	1638	25300	0.0	1800	0	657	0	1
9	167	387	1046	1634	25254	0.0	1800	0	657	0	1
9	167	388	1048	1637	25300	0.0	1800	0	657	0	1
9	167	388	1050	1639	25346	0.0	1800	0	657	0	1
9	167	388	1048	1637	25300	0.0	1800	0	657	0	1
9	167	387	1046	1635	25254	0.0	1800	0	657	0	1
9	167	388	1047	1637	25277	0.0	1800	0	657	0	1
9	171	393	1071	1670	25253	0.0	1800	0	657	0	1
9	171	395	1078	1680	25409	0.0	1800	0	657	0	1
9	171	394	1074	1675	25320	0.0	1800	0	657	0	1
9	171	395	1075	1676	25342	0.0	1800	0	657	0	1
9	171	395	1078	1679	25409	0.0	1800	0	657	0	1
9	171	394	1075	1675	25342	0.0	1800	0	657	0	1
9	171	395	1075	1676	25342	0.0	1800	0	657	0	1
9	171	395	1078	1679	25409	0.0	1800	0	657	0	1
9	171	395	1075	1676	25342	0.0	1800	0	657	0	1
9	171	395	1078	1680	25409	0.0	1800	0	657	0	1
9	171	394	1074	1674	25320	0.0	1800	0	657	0	1
9	167	388	1047	1637	25277	0.0	1800	0	657	0	1
9	167	387	1046	1634	25254	0.0	1800	0	657	0	1
9	167	388	1048	1637	25300	0.0	1800	0	657	0	1
9	167	387	1046	1634	25254	0.0	1800	0	657	0	1
9	167	388	1048	1637	25300	0.0	1800	0	657	0	0
9	167	387	1049	1638	25323	0.0	1800	0	657	0	0
9	56	188	273	528	19964	78.0	1800	0	657	0	0
9	56	187	271	524	19828	78.0	1800	0	657	0	0
9	56	188	273	528	19964	78.0	1800	0	657	0	0
9	56	187	271	524	19828	78.0	1800	0	657	0	0
9	56	188	273	528	19964	78.0	1800	0	657	0	0
10	56	187	271	524	19828	78.0	1800	0	789	0	1
10	56	188	273	528	19964	78.0	1800	0	789	0	1
10	169	417	1216	1843	28804	0.0	1800	0	789	0	1
10	173	425	1244	1883	28787	0.0	1800	0	789	0	1
10	172	423	1238	1874	28814	0.0	1800	0	789	0	1
10	172	423	1238	1874	28814	0.0	1800	0	789	0	1
10	173	424	1244	1882	28787	0.0	1800	0	789	0	1
10	172	423	1238	1874	28814	0.0	1800	0	789	0	1
10	173	423	1239	1876	28677	0.0	1800	0	789	0	1
10	172	423	1239	1875	28836	0.0	1800	0	789	0	1
10	173	423	1239	1876	28677	0.0	1800	0	789	0	1
10	172	423	1239	1875	28836	0.0	1800	0	789	0	1
10	173	423	1239	1876	28677	0.0	1800	0	789	0	1
10	172	423	1239	1876	28836	0.0	1800	0	789	0	1
10	177	432	1274	1924	28814	0.0	1800	0	789	0	1
10	177	432	1275	1926	28835	0.0	1800	0	789	0	1
10	177	432	1277	1928	28878	0.0	1800	0	789	0	1
10	177	432	1274	1925	28814	0.0	1800	0	789	0	1
10	177	432	1274	1925	28814	0.0	1800	0	789	0	1
10	177	432	1274	1924	28814	0.0	1800	0	789	0	1
10	177	431	1273	1922	28792	0.0	1800	0	789	0	1
10	177	432	1275	1926	28835	0.0	1800	0	789	0	1
10	177	432	1277	1927	28878	0.0	1800	0	789	0	1
10	177	431	1273	1923	28792	0.0	1800	0	789	0	1
10	175	428	1257	1900	28757	0.0	1800	0	789	0	1
10	172	422	1238	1873	28814	0.0	1800	0	789	0	1
10	173	425	1244	1883	28787	0.0	1800	0	789	0	1
10	172	422	1238	1873	28814	0.0	1800	0	789	0	0
10	173	424	1240	1877	28699	0.0	1800	0	789	0	0
10	56	187	271	524	19828	78.0	1800	0	789	0	0
10	56	188	273	528	19964	78.0	1800	0	789	0	0
10	56	187	271	525	19828	78.0	1800	0	789	0	0
10	56	188	273	528	19964	78.0	1800	0	789	0	0
10	56	187	271	525	19828	78.0	1800	0	789	0	0
11	56	188	273	529	19964	78.0	1800	0	921	0	1
11	56	187	272	525	19896	77.0	1800	0	921	0	1
11	178	460	1432	2117	32042	0.0	1800	0	921	0	1
11	178	459	1431	2115	32020	0.0	1800	0	921	0	1
11	178	459	1432	2115	32042	0.0	1800	0	921	0	1
11	178	459	1431	2114	32020	0.0	1800	0	921	0	1
11	178	460	1433	2118	32063	0.0	1800	0	921	0	1
11	178	460	1432	2115	32042	0.0	1800	0	921	0	1
11	178	460	1437	2121	32149	0.0	1800	0	921	0	1
11	178	459	1432	2116	32042	0.0	1800	0	921	0	1
11	178	459	1431	2115	32020	0.0	1800	0	921	0	1
11	178	459	1432	2116	32042	0.0	1800	0	921	0	1
11	178	460	1437	2123	32149	0.0	1800	0	921	0	1
11	183	470	1477	2178	32141	0.0	1800	0	921	0	1
11	182	470	1477	2177	32310	0.0	1800	0	921	0	1
11	183	469	1473	2173	32058	0.0	1800	0	921	0	1
11	182	469	1473	2172	32226	0.0	1800	0	921	0	1
11	182	469	1476	2176	32289	0.0	1800	0	921	0	1
11	183	469	1474	2174	32079	0.0	1800	0	921	0	1
11	182	469	1476	2177	32289	0.0	1800	0	921	0	1
11	183	470	1478	2179	32162	0.0	1800	0	921	0	1
11	182	469	1473	2172	32226	0.0	1800	0	921	0	1
11	183	470	1476	2177	32120	0.0	1800	0	921	0	1
11	182	469	1477	2177	32310	0.0	1800	0	921	0	1
11	182	469	1469	2168	32143	0.0	1800	0	921	0	1
11	178	458	1432	2114	32042	0.0	1800	0	921	0	1
11	178	458	1430	2113	31999	0.0	1800	0	921	0	1
11	178	460	1432	2117	32042	0.0	1800	0	921	0	0
11	178	458	1430	2113	31999	0.0	1800	0	921	0	0
11	56	188	273	528	19964	78.0	1800	0	921	0	0
11	56	187	271	524	19828	78.0	1800	0	921	0	0
11	56	188	273	528	19964	78.0	1800	0	921	0	0
11	56	187	271	525	19828	78.0	1800	0	921	0	0
11	56	188	273	528	19964	78.0	1800	0	921	0	0
12	56	187	271	525	19828	78.0	1800	0	1052	0	1
12	56	188	273	528	19964	78.0	1800	0	1052	0	1
12	184	496	1628	2361	35101	0.0	1800	0	1052	0	1
12	184	495	1624	2356	35018	0.0	1800	0	1052	0	1
12	183	495	1622	2353	35160	0.0	1800	0	1052	0	1
12	183	495	1624	2355	35202	0.0	1800	0	1052	0	1
12	183	494	1622	2353	35160	0.0	1800	0	1052	0	1
12	184	495	1623	2355	34997	0.0	1800	0	1052	0	1
12	183	495	1622	2353	35160	0.0	1800	0	1052	0	1
12	183	495	1623	2355	35181	0.0	1800	0	1052	0	1
12	184	497	1629	2363	35121	0.0	1800	0	1052	0	1
12	183	495	1622	2353	35160	0.0	1800	0	1052	0	1
12	183	495	1623	2354	35181	0.0	1800	0	1052	0	1
12	188	507	1677	2426	35377	0.0	1800	0	1052	0	1
12	188	505	1665	2412	35133	0.0	1800	0	1052	0	1
12	188	506	1672	2421	35275	0.0	1800	0	1052	0	1
12	188	507	1677	2426	35377	0.0	1800	0	1052	0	1
12	188	506	1672	2420	35275	0.0	1800	0	1052	0	1
12	188	505	1667	2414	35174	0.0	1800	0	1052	0	1
12	188	507	1678	2428	35397	0.0	1800	0	1052	0	1
12	188	506	1671	2419	35255	0.0	1800	0	1052	0	1
12	188	507	1675	2425	35336	0.0	1800	0	1052	0	1
12	188	506	1676	2424	35356	0.0	1800	0	1052	0	1
12	188	507	1672	2421	35275	0.0	1800	0	1052	0	1
12	188	506	1674	2423	35316	0.0	1800	0	1052	0	1
12	183	496	1624	2356	35202	0.0	1800	0	1052	0	1
12	183	494	1622	2352	35160	0.0	1800	0	1052	0	1
12	184	495	1624	2356	35018	0.0	1800	0	1052	0	0
12	183	496	1624	2356	35202	0.0	1800	0	1052	0	0
12	56	187	272	525	19896	77.0	1800	0	1052	0	0
12	56	188	273	529	19964	78.0	1800	0	1052	0	0
12	56	187	271	525	19828	78.0	1800	0	1052	0	0
12	56	188	273	528	19964	78.0	1800	0	1052	0	0
12	56	187	271	525	19828	78.0	1800	0	1052	0	0
13	56	188	273	528	19964	78.0	1800	0	1184	0	1
13	56	187	271	525	19828	78.0	1800	0	1184	0	1
13	176	498	1664	2392	37412	0.0	1800	0	1184	0	1
13	194	543	1872	2670	38155	0.0	1800	0	1184	0	1
13	189	532	1816	2596	37999	0.0	1800	0	1184	0	1
13	189	531	1815	2593	37979	0.0	1800	0	1184	0	1
13	189	532	1816	2596	37999	0.0	1800	0	1184	0	1
13	189	531	1815	2594	37979	0.0	1800	0	1184	0	1
13	189	531	1816	2596	37999	0.0	1800	0	1184	0	1
13	189	532	1822	2603	38120	0.0	1800	0	1184	0	1
13	189	531	1816	2595	37999	0.0	1800	0	1184	0	1
13	189	531	1815	2594	37979	0.0	1800	0	1184	0	1
13	189	531	1815	2594	37979	0.0	1800	0	1184	0	1
13	189	531	1816	2595	37999	0.0	1800	0	1184	0	1
13	190	535	1835	2621	38187	0.0	1800	0	1184	0	1
13	194	543	1871	2669	38135	0.0	1800	0	1184	0	1
13	194	544	1874	2672	38194	0.0	1800	0	1184	0	1
13	194	544	1877	2675	38253	0.0	1800	0	1184	0	1
13	194	544	1871	2669	38135	0.0	1800	0	1184	0	1
13	194	544	1874	2673	38194	0.0	1800	0	1184	0	1
13	194	544	1876	2675	38234	0.0	1800	0	1184	0	1
13	194	543	1870	2668	38116	0.0	1800	0	1184	0	1
13	194	545	1876	2676	38234	0.0	1800	0	1184	0	1
13	194	544	1874	2672	38194	0.0	1800	0	1184	0	1
13	194	544	1871	2670	38135	0.0	1800	0	1184	0	1
13	193	542	1869	2665	38286	0.0	1800	0	1184	0	1
13	189	532	1819	2600	38059	0.0	1800	0	1184	0	1
13	189	530	1815	2593	37979	0.0	1800	0	1184	0	0
13	189	532	1816	2596	37999	0.0	1800	0	1184	0	0
13	189	532	1822	2602	38120	0.0	1800	0	1184	0	0
13	56	187	272	526	19896	77.0	1800	0	1184	0	0
13	56	188	274	529	20032	78.0	1800	0	1184	0	0
13	56	187	271	524	19828	78.0	1800	0	1184	0	0
13	56	188	273	528	19964	78.0	1800	0	1184	0	0
14	56	187	271	525	19828	78.0	1800	0	1315	0	1
14	56	188	273	528	19964	78.0	1800	0	1315	0	1
14	191	557	1967	2779	40628	0.0	1800	0	1315	0	1
14	194	568	2008	2836	40826	0.0	1800	0	1315	0	1
14	194	566	2006	2832	40787	0.0	1800	0	1315	0	1
14	194	567	2008	2835	40826	0.0	1800	0	1315	0	1
14	194	566	2007	2832	40806	0.0	1800	0	1315	0	1
14	194	568	2008	2835	40826	0.0	1800	0	1315	0	1
14	194	566	2007	2832	40806	0.0	1800	0	1315	0	1
14	194	567	2008	2835	40826	0.0	1800	0	1315	0	1
14	194	567	2007	2833	40806	0.0	1800	0	1315	0	1
14	194	567	2008	2835	40826	0.0	1800	0	1315	0	1
14	194	567	2007	2832	40806	0.0	1800	0	1315	0	1
14	194	567	2008	2835	40826	0.0	1800	0	1315	0	1
14	194	581	2070	2833	43219	0.0	1800	0	1315	0	1
14	199	582	2076	2924	41137	0.0	1800	0	1315	0	1
14	199	581	2073	2921	41080	0.0	1800	0	1315	0	1
14	200	581	2069	2916	40805	0.0	1800	0	1315	0	1
14	199	580	2070	2916	41022	0.0	1800	0	1315	0	1
14	199	581	2071	2918	41041	0.0	1800	0	1315	0	1
14	200	581	2070	2918	40824	0.0	1800	0	1315	0	1
14	199	582	2077	2926	41156	0.0	1800	0	1315	0	1
14	199	580	2069	2915	41003	0.0	1800	0	1315	0	1
14	200	581	2072	2920	40862	0.0	1800	0	1315	0	1
14	199	582	2077	2925	41156	0.0	1800	0	1315	0	1
14	197	572	2031	2866	40670	0.0	1800	0	1315	0	1
14	195	568	2015	2843	40761	0.0	1800	0	1315	0	1
14	194	567	2008	2834	40826	0.0	1800	0	1315	0	1
14	194	567	2007	2833	40806	0.0	1800	0	1315	0	0
14	194	567	2008	2835	40826	0.0	1800	0	1315	0	0
14	56	187	272	526	19896	77.0	1800	0	1315	0	0
14	56	188	273	528	19964	78.0	1800	0	1315	0	0
14	56	187	272	525	19896	77.0	1800	0	1315	0	0
14	56	187	272	525	19896	77.0	1800	0	1315	0	0
15	56	188	273	528	19964	78.0	1800	0	1447	0	1
15	56	187	272	525	19896	77.0	1800	0	1447	0	1
15	195	589	2133	2985	43066	0.0	1800	0	1447	0	1
15	200	602	2201	3073	43320	0.0	1800	0	1447	0	1
15	201	606	2211	3088	43301	0.0	1800	0	1447	0	1
15	200	602	2200	3073	43301	0.0	1800	0	1447	0	1
15	200	604	2202	3077	43339	0.0	1800	0	1447	0	1
15	199	602	2200	3073	43511	0.0	1800	0	1447	0	1
15	200	604	2202	3077	43339	0.0	1800	0	1447	0	1
15	200	602	2200	3073	43301	0.0	1800	0	1447	0	1
15	200	604	2202	3076	43339	0.0	1800	0	1447	0	1
15	200	602	2200	3073	43301	0.0	1800	0	1447	0	1
15	200	604	2202	3077	43339	0.0	1800	0	1447	0	1
15	200	604	2209	3084	43472	0.0	1800	0	1447	0	1
15	200	604	2202	3076	43339	0.0	1800	0	1447	0	1
15	205	618	2272	3168	43616	0.0	1800	0	1447	0	1
15	205	619	2271	3168	43598	0.0	1800	0	1447	0	1
15	205	619	2275	3173	43672	0.0	1800	0	1447	0	1
15	205	618	2270	3166	43579	0.0	1800	0	1447	0	1
15	205	619	2276	3174	43691	0.0	1800	0	1447	0	1
15	204	617	2266	3160	43711	0.0	1800	0	1447	0	1
15	205	618	2270	3167	43579	0.0	1800	0	1447	0	1
15	205	619	2274	3171	43654	0.0	1800	0	1447	0	1
15	205	619	2276	3174	43691	0.0	1800	0	1447	0	1
15	205	618	2269	3166	43561	0.0	1800	0	1447	0	1
15	204	616	2261	3155	43618	0.0	1800	0	1447	0	1
15	200	603	2201	3074	43320	0.0	1800	0	1447	0	1
15	200	603	2201	3075	43320	0.0	1800	0	1447	0	1
15	200	605	2209	3086	43472	0.0	1800	0	1447	0	0
15	200	603	2201	3074	43320	0.0	1800	0	1447	0	0
15	56	188	272	527	19896	79.0	1800	0	1447	0	0
15	56	187	272	526	19896	77.0	1800	0	1447	0	0
15	56	188	272	527	19896	79.0	1800	0	1447	0	0
15	56	187	272	526	19896	77.0	1800	0	1447	0	0
15	56	188	273	527	19964	78.0	1800	0	1447	0	0
16	56	188	273	528	19964	78.0	1800	0	1578	0	1
16	180	562	2033	2840	44422	0.0	1800	0	1578	0	1
16	211	655	2466	3411	45919	0.0	1800	0	1578	0	1
16	211	656	2475	3421	46081	0.0	1800	0	1578	0	1
16	205	640	2394	3316	45884	0.0	1800	0	1578	0	1
16	205	638	2393	3313	45865	0.0	1800	0	1578	0	1
16	205	639	2394	3316	45884	0.0	1800	0	1578	0	1
16	205	638	2393	3313	45865	0.0	1800	0	1578	0	1
16	205	639	2394	3316	45884	0.0	1800	0	1578	0	1
16	205	638	2393	3313	45865	0.0	1800	0	1578	0	1
16	206	642	2404	3329	45853	0.0	1800	0	1578	0	1
16	205	638	2392	3313	45847	0.0	1800	0	1578	0	1
16	205	640	2395	3317	45902	0.0	1800	0	1578	0	1
16	205	638	2393	3313	45865	0.0	1800	0	1578	0	1
16	206	640	2395	3318	45686	0.0	1800	0	1578	0	1
16	208	647	2433	3366	45957	0.0	1800	0	1578	0	1
16	211	657	2480	3428	46172	0.0	1800	0	1578	0	1
16	210	655	2470	3415	46203	0.0	1800	0	1578	0	1
16	211	656	2477	3423	46117	0.0	1800	0	1578	0	1
16	211	657	2476	3422	46099	0.0	1800	0	1578	0	1
16	211	655	2469	3414	45973	0.0	1800	0	1578	0	1
16	211	657	2476	3423	46099	0.0	1800	0	1578	0	1
16	210	656	2476	3422	46312	0.0	1800	0	1578	0	1
16	211	656	2470	3416	45991	0.0	1800	0	1578	0	1
16	211	655	2471	3416	46009	0.0	1800	0	1578	0	1
16	211	657	2479	3427	46153	0.0	1800	0	1578	0	1
16	205	639	2393	3314	45865	0.0	1800	0	1578	0	1
16	205	639	2394	3316	45884	0.0	1800	0	1578	0	0
16	205	639	2393	3314	45865	0.0	1800	0	1578	0	0
16	56	188	273	527	19964	78.0	1800	0	1578	0	0
16	56	187	272	526	19896	77.0	1800	0	1578	0	0
16	56	188	273	527	19964	78.0	1800	0	1578	0	0
16	56	187	272	526	19896	77.0	1800	0	1578	0	0
16	56	187	272	527	19896	77.0	1800	0	1578	0	0
17	56	187	272	526	19896	77.0	1800	0	1710	0	1
17	56	187	272	526	19896	77.0	1800	0	1710	0	1
17	216	693	2671	3666	48504	0.0	1800	0	1710	0	1
17	211	678	2598	3571	48302	0.0	1800	0	1710	0	1
17	211	675	2588	3556	48122	0.0	1800	0	1710	0	1
17	211	675	2588	3558	48122	0.0	1800	0	1710	0	1
17	211	675	2587	3556	48104	0.0	1800	0	1710	0	1
17	211	678	2599	3571	48320	0.0	1800	0	1710	0	1
17	211	675	2587	3556	48104	0.0	1800	0	1710	0	1
17	211	676	2588	3558	48122	0.0	1800	0	1710	0	1
17	211	675	2587	3556	48104	0.0	1800	0	1710	0	1
17	211	676	2589	3558	48140	0.0	1800	0	1710	0	1
17	211	675	2587	3556	48104	0.0	1800	0	1710	0	1
17	211	676	2589	3559	48140	0.0	1800	0	1710	0	1
17	210	675	2587	3556	48326	0.0	1800	0	1710	0	1
17	217	694	2672	3668	48304	0.0	1800	0	1710	0	1
17	216	693	2676	3672	48592	0.0	1800	0	1710	0	1
17	217	694	2678	3675	48410	0.0	1800	0	1710	0	1
17	216	692	2670	3664	48486	0.0	1800	0	1710	0	1
17	217	694	2676	3673	48375	0.0	1800	0	1710	0	1
17	216	694	2672	3661	48522	0.0	1800	0	1710	0	1
17	216	693	2672	3667	48522	0.0	1800	0	1710	0	1
17	217	695	2681	3679	48462	0.0	1800	0	1710	0	1
17	216	691	2663	3655	48363	0.0	1800	0	1710	0	1
17	217	694	2672	3668	48304	0.0	1800	0	1710	0	1
17	213	684	2629	3610	48416	0.0	1800	0	1710	0	1
17	211	676	2589	3559	48140	0.0	1800	0	1710	0	1
17	211	677	2597	3569	48284	0.0	1800	0	1710	0	0
17	211	676	2589	3559	48140	0.0	1800	0	1710	0	0
17	56	187	272	525	19896	77.0	1800	0	1710	0	0
17	56	188	273	528	19964	78.0	1800	0	1710	0	0
17	56	187	272	525	19896	77.0	1800	0	1710	0	0
17	56	188	273	528	19964	78.0	1800	0	1710	0	0
17	56	187	272	525	19896	77.0	1800	0	1710	0	0
18	56	188	273	528	19964	78.0	1800	0	1842	0	1
18	56	187	272	526	19896	77.0	1800	0	1842	0	1
18	196	647	2469	3392	49385	0.0	1800	0	1842	0	1
18	222	731	2874	3920	50715	0.0	1800	0	1842	0	1
18	216	712	2783	3802	50480	0.0	1800	0	1842	0	1
18	217	715	2795	3816	50464	0.0	1800	0	1842	0	1
18	216	712	2783	3801	50480	0.0	1800	0	1842	0	1
18	216	712	2783	3801	50480	0.0	1800	0	1842	0	1
18	216	712	2783	3801	50480	0.0	1800	0	1842	0	1
18	217	712	2783	3802	50253	0.0	1800	0	1842	0	1
18	216	712	2783	3801	50480	0.0	1800	0	1842	0	1
18	216	712	2783	3801	50480	0.0	1800	0	1842	0	1
18	216	712	2784	3802	50497	0.0	1800	0	1842	0	1
18	216	712	2783	3800	50480	0.0	1800	0	1842	0	1
18	216	712	2784	3801	50497	0.0	1800	0	1842	0	1
18	222	731	2872	3917	50680	0.0	1800	0	1842	0	1
18	222	732	2880	3927	50818	0.0	1800	0	1842	0	1
18	222	732	2880	3926	50818	0.0	1800	0	1842	0	1
18	222	732	2874	3920	50715	0.0	1800	0	1842	0	1
18	222	731	2876	3921	50749	0.0	1800	0	1842	0	1
18	222	733	2884	3932	50886	0.0	1800	0	1842	0	1
18	222	731	2874	3919	50715	0.0	1800	0	1842	0	1
18	222	729	2864	3907	50543	0.0	1800	0	1842	0	1
18	222	732	2879	3926	50800	0.0	1800	0	1842	0	1
18	222	730	2872	3917	50680	0.0	1800	0	1842	0	1
18	222	731	2874	3919	50715	0.0	1800	0	1842	0	1
18	216	711	2782	3799	50462	0.0	1800	0	1842	0	1
18	216	713	2784	3803	50497	0.0	1800	0	1842	0	0
18	216	711	2782	3799	50462	0.0	1800	0	1842	0	0
18	56	188	273	528	19964	78.0	1800	0	1842	0	0
18	56	187	271	525	19828	78.0	1800	0	1842	0	0
18	56	188	273	528	19964	78.0	1800	0	1842	0	0
18	56	187	271	525	19828	78.0	1800	0	1842	0	0
18	56	188	273	528	19964	78.0	1800	0	1842	0	0
19	56	187	271	525	19828	78.0	1800	0	1973	0	1
19	56	188	273	528	19964	78.0	1800	0	1973	0	1
19	178	602	2276	3130	50107	0.0	1800	0	1973	0	1
19	228	769	3075	4171	52775	0.0	1800	0	1973	0	1
19	228	769	3080	4176	52859	0.0	1800	0	1973	0	1
19	228	770	3082	4180	52892	0.0	1800	0	1973	0	1
19	222	748	2977	4042	52482	0.0	1800	0	1973	0	1
19	222	748	2977	4043	52482	0.0	1800	0	1973	0	1
19	222	749	2978	4044	52499	0.0	1800	0	1973	0	1
19	222	748	2977	4042	52482	0.0	1800	0	1973	0	1
19	222	749	2978	4043	52499	0.0	1800	0	1973	0	1
19	222	748	2977	4043	52482	0.0	1800	0	1973	0	1
19	222	751	2989	4058	52688	0.0	1800	0	1973	0	1
19	222	749	2977	4043	52482	0.0	1800	0	1973	0	1
19	222	748	2977	4043	52482	0.0	1800	0	1973	0	1
19	222	749	2978	4044	52499	0.0	1800	0	1973	0	1
19	225	760	3035	4117	52783	0.0	1800	0	1973	0	1
19	228	769	3078	4174	52826	0.0	1800	0	1973	0	1
19	228	769	3075	4170	52775	0.0	1800	0	1973	0	1
19	228	771	3084	4182	52926	0.0	1800	0	1973	0	1
19	227	767	3066	4158	52851	0.0	1800	0	1973	0	1
19	228	769	3075	4171	52775	0.0	1800	0	1973	0	1
19	228	770	3082	4179	52892	0.0	1800	0	1973	0	1
19	228	770	3079	4176	52842	0.0	1800	0	1973	0	1
19	228	768	3074	4169	52759	0.0	1800	0	1973	0	1
19	228	769	3078	4173	52826	0.0	1800	0	1973	0	1
19	228	769	3075	4172	52775	0.0	1800	0	1973	0	1
19	222	748	2976	4042	52465	0.0	1800	0	1973	0	0
19	222	749	2978	4044	52499	0.0	1800	0	1973	0	0
19	56	187	271	525	19828	78.0	1800	0	1973	0	0
19	56	188	273	528	19964	78.0	1800	0	1973	0	0
19	56	187	271	525	19828	78.0	1800	0	1973	0	0
19	56	188	273	528	19964	78.0	1800	0	1973	0	0
19	56	187	271	525	19828	78.0	1800	0	1973	0	0
20	56	188	273	528	19964	78.0	1800	0	2105	0	1
20	56	187	271	525	19828	78.0	1800	0	2105	0	1
20	194	670	2613	3562	52708	0.0	1800	0	2105	0	1
20	234	807	3283	4429	54844	0.0	1800	0	2105	0	1
20	234	808	3280	4427	54796	0.0	1800	0	2105	0	1
20	227	785	3173	4287	54647	0.0	1800	0	2105	0	1
20	228	788	3188	4306	54664	0.0	1800	0	2105	0	1
20	227	785	3174	4288	54663	0.0	1800	0	2105	0	1
20	228	786	3175	4290	54446	0.0	1800	0	2105	0	1
20	229	788	3188	4307	54431	0.0	1800	0	2105	0	1
20	227	785	3174	4288	54663	0.0	1800	0	2105	0	1
20	228	786	3174	4289	54430	0.0	1800	0	2105	0	1
20	228	785	3173	4288	54413	0.0	1800	0	2105	0	1
20	228	786	3174	4289	54430	0.0	1800	0	2105	0	1
20	228	785	3174	4288	54430	0.0	1800	0	2105	0	1
20	228	786	3174	4289	54430	0.0	1800	0	2105	0	1
20	234	808	3285	4432	54877	0.0	1800	0	2105	0	1
20	234	808	3285	4432	54877	0.0	1800	0	2105	0	1
20	234	807	3278	4423	54763	0.0	1800	0	2105	0	1
20	234	808	3285	4432	54877	0.0	1800	0	2105	0	1
20	234	808	3285	4433	54877	0.0	1800	0	2105	0	1
20	234	807	3277	4423	54747	0.0	1800	0	2105	0	1
20	234	808	3285	4433	54877	0.0	1800	0	2105	0	1
20	234	808	3285	4432	54877	0.0	1800	0	2105	0	1
20	234	807	3278	4424	54763	0.0	1800	0	2105	0	1
20	234	808	3284	4431	54861	0.0	1800	0	2105	0	1
20	233	806	3273	4417	54910	0.0	1800	0	2105	0	1
20	228	786	3174	4338	54430	0.0	1800	0	2105	0	0
20	227	785	3173	4286	54647	0.0	1800	0	2105	0	0
20	56	188	273	528	19964	78.0	1800	0	2105	0	0
20	56	187	272	525	19896	77.0	1800	0	2105	0	0
20	56	188	273	528	19964	78.0	1800	0	2105	0	0
20	56	187	271	525	19828	78.0	1800	0	2105	0	0
20	56	188	273	528	19964	78.0	1800	0	2105	0	0
21	56	187	271	525	19828	78.0	1800	0	2236	0	1
21	56	188	273	528	19964	78.0	1800	0	2236	0	1
21	196	692	2740	3717	54653	0.0	1800	0	2236	0	1
21	239	846	3488	4686	56994	0.0	1800	0	2236	0	1
21	238	841	3465	4655	56860	0.0	1800	0	2236	0	1
21	233	822	3370	4533	56497	0.0	1800	0	2236	0	1
21	232	821	3368	4529	56701	0.0	1800	0	2236	0	1
21	233	822	3370	4532	56497	0.0	1800	0	2236	0	1
21	233	824	3382	4546	56693	0.0	1800	0	2236	0	1
21	233	822	3370	4532	56497	0.0	1800	0	2236	0	1
21	232	821	3368	4529	56701	0.0	1800	0	2236	0	1
21	233	822	3382	4532	56693	0.0	1800	0	2236	0	1
21	233	822	3370	4532	56497	0.0	1800	0	2236	0	1
21	232	821	3369	4530	56718	0.0	1800	0	2236	0	1
21	233	822	3369	4532	56480	0.0	1800	0	2236	0	1
21	232	821	3369	4530	56718	0.0	1800	0	2236	0	1
21	239	846	3489	4685	57010	0.0	1800	0	2236	0	1
21	239	845	3486	4682	56962	0.0	1800	0	2236	0	1
21	239	845	3481	4675	56883	0.0	1800	0	2236	0	1
21	239	846	3489	4685	57010	0.0	1800	0	2236	0	1
21	239	845	3486	4681	56962	0.0	1800	0	2236	0	1
21	239	845	3481	4676	56883	0.0	1800	0	2236	0	1
21	239	846	3490	4687	57026	0.0	1800	0	2236	0	1
21	239	845	3485	4680	56946	0.0	1800	0	2236	0	1
21	239	842	3468	4659	56675	0.0	1800	0	2236	0	1
21	239	846	3491	4687	57042	0.0	1800	0	2236	0	1
21	239	845	3484	4679	56930	0.0	1800	0	2236	0	1
21	237	836	3438	4620	56660	0.0	1800	0	2236	0	0
21	232	821	3368	4529	56701	0.0	1800	0	2236	0	0
21	232	822	3369	4531	56718	0.0	1800	0	2236	0	0
21	56	188	273	528	19964	78.0	1800	0	2236	0	0
21	56	187	271	525	19828	78.0	1800	0	2236	0	0
21	56	188	273	528	19964	78.0	1800	0	2236	0	0
21	56	187	271	525	19828	78.0	1800	0	2236	0	0
22	56	188	273	528	19964	78.0	1800	0	2368	0	1
22	56	187	271	525	19828	78.0	1800	0	2368	0	1
22	177	632	2452	3340	54171	0.0	1800	0	2368	0	1
22	244	880	3672	4913	58728	0.0	1800	0	2368	0	1
22	244	881	3674	4916	58759	0.0	1800	0	2368	0	1
22	244	881	3679	4921	58837	0.0	1800	0	2368	0	1
22	244	878	3659	4897	58525	0.0	1800	0	2368	0	1
22	237	855	3550	4755	58460	0.0	1800	0	2368	0	1
22	238	856	3552	4759	58252	0.0	1800	0	2368	0	1
22	237	855	3550	4755	58460	0.0	1800	0	2368	0	1
22	238	856	3552	4759	58252	0.0	1800	0	2368	0	1
22	237	855	3550	4756	58460	0.0	1800	0	2368	0	1
22	238	856	3552	4759	58252	0.0	1800	0	2368	0	1
22	237	855	3550	4756	58460	0.0	1800	0	2368	0	1
22	237	855	3551	4756	58476	0.0	1800	0	2368	0	1
22	238	856	3552	4758	58252	0.0	1800	0	2368	0	1
22	237	855	3550	4756	58460	0.0	1800	0	2368	0	1
22	243	876	3653	4889	58666	0.0	1800	0	2368	0	1
22	244	880	3674	4916	58759	0.0	1800	0	2368	0	1
22	244	882	3679	4922	58837	0.0	1800	0	2368	0	1
22	244	880	3670	4911	58697	0.0	1800	0	2368	0	1
22	244	881	3674	4916	58759	0.0	1800	0	2368	0	1
22	243	878	3664	4902	58838	0.0	1800	0	2368	0	1
22	244	880	3670	4911	58697	0.0	1800	0	2368	0	1
22	244	880	3673	4915	58743	0.0	1800	0	2368	0	1
22	244	881	3678	4921	58822	0.0	1800	0	2368	0	1
22	244	880	3670	4910	58697	0.0	1800	0	2368	0	1
22	244	880	3673	4913	58743	0.0	1800	0	2368	0	1
22	244	881	3678	4921	58822	0.0	1800	0	2368	0	0
22	237	855	3550	4755	58460	0.0	1800	0	2368	0	0
22	56	188	272	527	19896	79.0	1800	0	2368	0	0
22	56	187	272	525	19896	77.0	1800	0	2368	0	0
22	56	187	271	525	19828	78.0	1800	0	2368	0	0
22	56	188	273	527	19964	78.0	1800	0	2368	0	0
23	56	187	271	525	19828	78.0	1800	0	2500	0	1
23	56	188	273	527	19964	78.0	1800	0	2500	0	1
23	193	702	2812	3796	56902	0.0	1800	0	2500	0	1
23	249	915	3853	5140	60346	0.0	1800	0	2500	0	1
23	249	910	3836	5117	60086	0.0	1800	0	2500	0	1
23	249	916	3860	5148	60453	0.0	1800	0	2500	0	1
23	242	887	3723	4971	60005	0.0	1800	0	2500	0	1
23	242	889	3725	4975	60036	0.0	1800	0	2500	0	1
23	242	888	3724	4972	60020	0.0	1800	0	2500	0	1
23	242	889	3725	4975	60036	0.0	1800	0	2500	0	1
23	242	887	3723	4972	60005	0.0	1800	0	2500	0	1
23	242	889	3725	4975	60036	0.0	1800	0	2500	0	1
23	243	891	3739	4991	60014	0.0	1800	0	2500	0	1
23	242	888	3725	4975	60036	0.0	1800	0	2500	0	1
23	242	887	3723	4971	60005	0.0	1800	0	2500	0	1
23	242	889	3725	4975	60036	0.0	1800	0	2500	0	1
23	244	897	3770	5032	60258	0.0	1800	0	2500	0	1
23	249	913	3849	5135	60285	0.0	1800	0	2500	0	1
23	249	915	3854	5140	60361	0.0	1800	0	2500	0	1
23	248	912	3843	5125	60430	0.0	1800	0	2500	0	1
23	249	914	3852	5138	60331	0.0	1800	0	2500	0	1
23	249	914	3852	5138	60331	0.0	1800	0	2500	0	1
23	249	915	3859	5147	60438	0.0	1800	0	2500	0	1
23	249	914	3851	5137	60315	0.0	1800	0	2500	0	1
23	249	914	3852	5138	60331	0.0	1800	0	2500	0	1
23	249	915	3859	5146	60438	0.0	1800	0	2500	0	1
23	249	914	3852	5139	60331	0.0	1800	0	2500	0	1
23	249	914	3852	5138	60331	0.0	1800	0	2500	0	1
