Stim	R	G	B	C	Temp	HueLux	Yellow	Red	Blue	Blue2	Trig
1	320	402	205	972	3831	380.0	0	0	0	1200	1
1	333	441	281	1099	4606	382.0	0	0	0	1200	1
1	346	484	376	1250	5531	376.0	0	0	0	1200	1
1	347	486	377	1255	5530	378.0	0	0	0	1200	1
1	346	484	376	1250	5531	376.0	0	0	0	1200	1
1	347	486	377	1254	5530	378.0	0	0	0	1200	1
1	346	485	376	1251	5531	377.0	0	0	0	1200	1
1	347	486	377	1254	5530	378.0	0	0	0	1200	1
1	347	485	376	1252	5519	377.0	0	0	0	1200	1
1	347	486	377	1254	5530	378.0	0	0	0	1200	1
1	347	486	377	1254	5530	378.0	0	0	0	1200	1
1	347	486	377	1254	5530	378.0	0	0	0	1200	1
1	347	485	376	1252	5519	377.0	0	0	0	1200	1
1	347	486	377	1254	5530	378.0	0	0	0	1200	1
1	347	485	376	1252	5519	377.0	0	0	0	1200	1
1	347	486	377	1255	5530	378.0	0	0	0	1200	1
1	346	485	376	1252	5531	377.0	0	0	0	1200	1
1	348	487	377	1256	5518	379.0	0	0	0	1200	1
1	346	485	376	1251	5531	377.0	0	0	0	1200	1
1	348	487	377	1256	5518	379.0	0	0	0	1200	1
1	346	484	376	1250	5531	376.0	0	0	0	1200	1
1	348	487	377	1256	5518	379.0	0	0	0	1200	1
1	346	484	376	1250	5531	376.0	0	0	0	1200	1
1	348	487	377	1256	5518	379.0	0	0	0	1200	1
1	346	484	376	1249	5531	376.0	0	0	0	1200	1
1	348	487	377	1257	5518	379.0	0	0	0	1200	1
1	346	484	376	1250	5531	376.0	0	0	0	1200	1
1	348	487	377	1256	5518	379.0	0	0	0	1200	0
1	331	432	263	1071	4418	381.0	0	0	0	1200	0
1	321	403	205	973	3824	381.0	0	0	0	1200	0
1	323	405	207	979	3832	382.0	0	0	0	1200	0
1	321	403	206	974	3836	381.0	0	0	0	1200	0
1	323	405	207	979	3832	382.0	0	0	0	1200	0
1	321	403	206	973	3836	381.0	0	0	0	1200	0
2	322	404	206	977	3828	382.0	0	0	0	1200	1
2	332	441	286	1103	4673	378.0	0	0	0	1200	1
2	346	485	376	1252	5531	377.0	0	0	0	1200	1
2	345	484	376	1249	5543	376.0	0	0	0	1200	1
2	346	485	376	1251	5531	377.0	0	0	0	1200	1
2	345	484	376	1249	5543	376.0	0	0	0	1200	1
2	346	485	376	1251	5531	377.0	0	0	0	1200	1
2	346	484	376	1250	5531	376.0	0	0	0	1200	1
2	346	484	376	1249	5531	376.0	0	0	0	1200	1
2	346	484	376	1250	5531	376.0	0	0	0	1200	1
2	345	484	376	1249	5543	376.0	0	0	0	1200	1
2	346	484	376	1250	5531	376.0	0	0	0	1200	1
2	346	485	377	1252	5542	377.0	0	0	0	1200	1
2	345	483	376	1248	5543	375.0	0	0	0	1200	1
2	346	485	376	1251	5531	377.0	0	0	0	1200	1
2	345	483	376	1247	5543	375.0	0	0	0	1200	1
2	346	485	377	1252	5542	377.0	0	0	0	1200	1
2	345	483	375	1247	5532	375.0	0	0	0	1200	1
2	346	486	377	1253	5542	378.0	0	0	0	1200	1
2	344	483	375	1246	5544	376.0	0	0	0	1200	1
2	346	485	376	1252	5531	377.0	0	0	0	1200	1
2	344	483	375	1246	5544	376.0	0	0	0	1200	1
2	347	486	377	1253	5530	378.0	0	0	0	1200	1
2	344	483	375	1246	5544	376.0	0	0	0	1200	1
2	347	486	377	1253	5530	378.0	0	0	0	1200	1
2	344	483	375	1246	5544	376.0	0	0	0	1200	1
2	347	485	377	1253	5530	376.0	0	0	0	1200	1
2	344	483	375	1246	5544	376.0	0	0	0	1200	0
2	346	485	377	1253	5542	377.0	0	0	0	1200	0
2	328	429	262	1062	4434	378.0	0	0	0	1200	0
2	321	401	205	975	3824	378.0	0	0	0	1200	0
2	321	403	206	975	3836	381.0	0	0	0	1200	0
2	320	402	205	971	3831	380.0	0	0	0	1200	0
2	321	404	206	976	3836	382.0	0	0	0	1200	0
3	321	403	206	973	3836	381.0	0	0	0	1200	1
3	334	443	286	1106	4653	381.0	0	0	0	1200	1
3	347	486	377	1253	5530	378.0	0	0	0	1200	1
3	348	487	377	1256	5518	379.0	0	0	0	1200	1
3	348	487	377	1255	5518	379.0	0	0	0	1200	1
3	348	488	377	1257	5518	381.0	0	0	0	1200	1
3	348	488	377	1258	5518	381.0	0	0	0	1200	1
3	348	487	377	1257	5518	379.0	0	0	0	1200	1
3	349	488	378	1259	5517	380.0	0	0	0	1200	1
3	349	488	377	1258	5506	381.0	0	0	0	1200	1
3	349	489	378	1260	5517	381.0	0	0	0	1200	1
3	348	488	377	1258	5518	381.0	0	0	0	1200	1
3	350	489	378	1262	5505	381.0	0	0	0	1200	1
3	348	488	377	1257	5518	381.0	0	0	0	1200	1
3	350	490	378	1262	5505	383.0	0	0	0	1200	1
3	350	490	378	1262	5505	383.0	0	0	0	1200	1
3	348	487	377	1257	5518	379.0	0	0	0	1200	1
3	350	490	378	1263	5505	383.0	0	0	0	1200	1
3	348	487	377	1256	5518	379.0	0	0	0	1200	1
3	350	490	379	1263	5516	382.0	0	0	0	1200	1
3	348	487	377	1257	5518	379.0	0	0	0	1200	1
3	350	490	378	1264	5505	383.0	0	0	0	1200	1
3	348	488	377	1257	5518	381.0	0	0	0	1200	1
3	351	490	378	1264	5494	382.0	0	0	0	1200	1
3	348	487	377	1257	5518	379.0	0	0	0	1200	1
3	351	490	379	1264	5504	382.0	0	0	0	1200	1
3	348	488	377	1257	5518	381.0	0	0	0	1200	1
3	351	490	378	1264	5494	382.0	0	0	0	1200	0
3	348	488	377	1258	5518	381.0	0	0	0	1200	0
3	333	433	259	1070	4354	385.0	0	0	0	1200	0
3	323	406	207	981	3832	384.0	0	0	0	1200	0
3	325	408	208	985	3829	386.0	0	0	0	1200	0
3	323	406	207	981	3832	384.0	0	0	0	1200	0
3	324	406	207	981	3825	384.0	0	0	0	1200	0
4	325	408	208	984	3829	386.0	0	0	0	1200	1
4	324	407	207	982	3825	385.0	0	0	0	1200	1
4	337	447	291	1120	4680	383.0	0	0	0	1200	1
4	336	447	291	1119	4690	383.0	0	0	0	1200	1
4	337	449	294	1124	4714	384.0	0	0	0	1200	1
4	337	449	294	1125	4714	384.0	0	0	0	1200	1
4	337	448	294	1123	4714	382.0	0	0	0	1200	1
4	337	449	294	1125	4714	384.0	0	0	0	1200	1
4	337	448	294	1123	4714	382.0	0	0	0	1200	1
4	338	449	294	1126	4705	383.0	0	0	0	1200	1
4	336	448	293	1121	4713	383.0	0	0	0	1200	1
4	338	450	295	1127	4716	384.0	0	0	0	1200	1
4	336	448	293	1121	4713	383.0	0	0	0	1200	1
4	338	450	294	1127	4705	385.0	0	0	0	1200	1
4	336	447	294	1121	4724	381.0	0	0	0	1200	1
4	338	449	294	1126	4705	383.0	0	0	0	1200	1
4	336	446	290	1116	4679	382.0	0	0	0	1200	1
4	336	446	290	1116	4679	382.0	0	0	0	1200	1
4	338	449	292	1123	4682	385.0	0	0	0	1200	1
4	336	446	290	1116	4679	382.0	0	0	0	1200	1
4	338	449	292	1123	4682	385.0	0	0	0	1200	1
4	335	446	290	1116	4689	382.0	0	0	0	1200	1
4	338	449	292	1122	4682	385.0	0	0	0	1200	1
4	335	446	290	1116	4689	382.0	0	0	0	1200	1
4	337	448	291	1122	4680	384.0	0	0	0	1200	1
4	335	446	290	1116	4689	382.0	0	0	0	1200	1
4	338	450	294	1127	4705	385.0	0	0	0	1200	1
4	336	447	293	1121	4713	381.0	0	0	0	1200	0
4	338	449	295	1126	4716	383.0	0	0	0	1200	0
4	332	436	269	1081	4478	383.0	0	0	0	1200	0
4	325	408	208	985	3829	386.0	0	0	0	1200	0
4	323	406	207	981	3832	384.0	0	0	0	1200	0
4	324	407	208	984	3836	384.0	0	0	0	1200	0
4	323	406	207	980	3832	384.0	0	0	0	1200	0
5	324	407	207	984	3825	385.0	0	0	131	1200	1
5	324	407	207	983	3825	385.0	0	0	131	1200	1
5	336	446	290	1117	4679	382.0	0	0	131	1200	1
5	337	448	293	1122	4703	383.0	0	0	131	1200	1
5	337	448	293	1122	4703	383.0	0	0	131	1200	1
5	336	447	292	1120	4702	382.0	0	0	131	1200	1
5	337	448	293	1123	4703	383.0	0	0	131	1200	1
5	336	447	292	1120	4702	382.0	0	0	131	1200	1
5	337	449	293	1123	4703	384.0	0	0	131	1200	1
5	336	447	292	1119	4702	382.0	0	0	131	1200	1
5	337	449	293	1124	4703	384.0	0	0	131	1200	1
5	336	447	292	1119	4702	382.0	0	0	131	1200	1
5	338	449	293	1125	4693	384.0	0	0	131	1200	1
5	336	446	292	1118	4702	381.0	0	0	131	1200	1
5	338	449	293	1124	4693	384.0	0	0	131	1200	1
5	336	448	295	1123	4736	382.0	0	0	131	1200	1
5	338	451	296	1130	4727	385.0	0	0	131	1200	1
5	336	448	295	1123	4736	382.0	0	0	131	1200	1
5	338	451	296	1130	4727	385.0	0	0	131	1200	1
5	338	450	296	1123	4727	383.0	0	0	131	1200	1
5	336	448	295	1123	4736	382.0	0	0	131	1200	1
5	338	451	296	1130	4727	385.0	0	0	131	1200	1
5	336	448	295	1123	4736	382.0	0	0	131	1200	1
5	338	450	296	1129	4727	383.0	0	0	131	1200	1
5	336	448	295	1124	4736	382.0	0	0	131	1200	1
5	338	450	295	1127	4716	384.0	0	0	131	1200	1
5	336	447	292	1119	4702	382.0	0	0	131	1200	1
5	338	449	293	1125	4693	384.0	0	0	131	1200	0
5	336	447	292	1119	4702	382.0	0	0	131	1200	0
5	326	412	216	998	3915	386.0	0	0	131	1200	0
5	324	406	207	981	3825	384.0	0	0	131	1200	0
5	325	408	208	985	3829	386.0	0	0	131	1200	0
5	324	407	207	982	3825	385.0	0	0	131	1200	0
5	324	407	207	984	3825	385.0	0	0	131	1200	0
6	324	407	207	982	3825	385.0	0	0	263	1200	1
6	324	407	207	983	3825	385.0	0	0	263	1200	1
6	324	407	207	982	3825	385.0	0	0	263	1200	1
6	337	450	302	1129	4805	379.0	0	0	263	1200	1
6	337	451	301	1135	4793	382.0	0	0	263	1200	1
6	338	453	302	1137	4795	384.0	0	0	263	1200	1
6	337	451	301	1134	4793	382.0	0	0	263	1200	1
6	338	453	302	1137	4795	384.0	0	0	263	1200	1
6	337	451	301	1133	4793	382.0	0	0	263	1200	1
6	339	453	302	1138	4785	383.0	0	0	263	1200	1
6	337	451	301	1133	4793	382.0	0	0	263	1200	1
6	339	453	302	1138	4785	383.0	0	0	263	1200	1
6	337	451	301	1133	4793	382.0	0	0	263	1200	1
6	339	453	302	1139	4785	383.0	0	0	263	1200	1
6	337	451	301	1133	4793	382.0	0	0	263	1200	1
6	339	455	305	1144	4818	384.0	0	0	263	1200	1
6	337	452	304	1137	4827	381.0	0	0	263	1200	1
6	340	455	305	1144	4808	384.0	0	0	263	1200	1
6	337	452	304	1137	4827	381.0	0	0	263	1200	1
6	340	455	305	1145	4808	384.0	0	0	263	1200	1
6	337	452	304	1137	4827	381.0	0	0	263	1200	1
6	340	455	305	1144	4808	384.0	0	0	263	1200	1
6	339	455	305	1144	4818	384.0	0	0	263	1200	1
6	337	452	304	1137	4827	381.0	0	0	263	1200	1
6	339	455	305	1144	4818	384.0	0	0	263	1200	1
6	337	452	303	1137	4816	382.0	0	0	263	1200	1
6	339	453	302	1139	4785	383.0	0	0	263	1200	1
6	337	451	301	1134	4793	382.0	0	0	263	1200	0
6	339	453	302	1138	4785	383.0	0	0	263	1200	0
6	324	409	214	992	3907	383.0	0	0	263	1200	0
6	324	408	208	984	3836	386.0	0	0	263	1200	0
6	323	406	207	981	3832	384.0	0	0	263	1200	0
6	324	407	207	983	3825	385.0	0	0	263	1200	0
6	323	406	207	981	3832	384.0	0	0	263	1200	0
7	324	407	207	983	3825	385.0	0	0	394	1200	1
7	324	407	207	982	3825	385.0	0	0	394	1200	1
7	323	407	207	982	3832	386.0	0	0	394	1200	1
7	338	455	307	1145	4851	383.0	0	0	394	1200	1
7	339	456	311	1150	4886	382.0	0	0	394	1200	1
7	339	457	312	1152	4897	382.0	0	0	394	1200	1
7	339	458	314	1156	4920	383.0	0	0	394	1200	1
7	338	456	313	1151	4919	380.0	0	0	394	1200	1
7	339	457	314	1155	4920	381.0	0	0	394	1200	1
7	337	455	313	1150	4929	379.0	0	0	394	1200	1
7	339	457	314	1153	4920	381.0	0	0	394	1200	1
7	336	454	312	1146	4928	379.0	0	0	394	1200	1
7	338	456	313	1152	4919	380.0	0	0	394	1200	1
7	337	454	312	1147	4918	378.0	0	0	394	1200	1
7	339	457	314	1153	4920	381.0	0	0	394	1200	1
7	337	454	312	1147	4918	378.0	0	0	394	1200	1
7	338	456	312	1150	4907	381.0	0	0	394	1200	1
7	336	452	310	1142	4906	377.0	0	0	394	1200	1
7	338	455	311	1149	4896	380.0	0	0	394	1200	1
7	336	453	310	1143	4906	379.0	0	0	394	1200	1
7	339	456	312	1151	4897	381.0	0	0	394	1200	1
7	337	453	310	1144	4895	378.0	0	0	394	1200	1
7	339	456	312	1151	4897	381.0	0	0	394	1200	1
7	337	454	310	1145	4895	380.0	0	0	394	1200	1
7	337	454	310	1146	4895	380.0	0	0	394	1200	1
7	339	456	311	1151	4886	382.0	0	0	394	1200	1
7	337	454	310	1146	4895	380.0	0	0	394	1200	1
7	339	457	314	1154	4920	381.0	0	0	394	1200	1
7	337	455	313	1149	4929	379.0	0	0	394	1200	0
7	333	439	276	1092	4548	382.0	0	0	394	1200	0
7	322	404	206	977	3828	382.0	0	0	394	1200	0
7	323	405	207	979	3832	382.0	0	0	394	1200	0
7	322	404	206	977	3828	382.0	0	0	394	1200	0
7	323	405	207	979	3832	382.0	0	0	394	1200	0
8	322	405	206	977	3828	383.0	0	0	526	1200	1
8	322	405	207	978	3840	383.0	0	0	526	1200	1
8	322	405	206	978	3828	383.0	0	0	526	1200	1
8	338	455	311	1148	4896	380.0	0	0	526	1200	1
8	340	461	323	1169	5010	380.0	0	0	526	1200	1
8	339	459	321	1163	4998	379.0	0	0	526	1200	1
8	340	460	322	1166	4999	379.0	0	0	526	1200	1
8	339	459	321	1163	4998	379.0	0	0	526	1200	1
8	339	459	321	1162	4998	379.0	0	0	526	1200	1
8	340	461	322	1167	4999	381.0	0	0	526	1200	1
8	338	459	321	1162	5009	379.0	0	0	526	1200	1
8	340	461	322	1167	4999	381.0	0	0	526	1200	1
8	338	458	321	1161	5009	378.0	0	0	526	1200	1
8	340	461	322	1167	4999	381.0	0	0	526	1200	1
8	338	458	320	1161	4998	378.0	0	0	526	1200	1
8	340	461	322	1168	4999	381.0	0	0	526	1200	1
8	338	459	323	1164	5031	378.0	0	0	526	1200	1
8	340	462	324	1170	5021	381.0	0	0	526	1200	1
8	338	459	323	1164	5031	378.0	0	0	526	1200	1
8	340	462	324	1171	5021	381.0	0	0	526	1200	1
8	338	459	322	1163	5020	379.0	0	0	526	1200	1
8	340	462	324	1171	5021	381.0	0	0	526	1200	1
8	338	459	322	1163	5020	379.0	0	0	526	1200	1
8	340	462	324	1170	5021	381.0	0	0	526	1200	1
8	338	459	323	1165	5031	378.0	0	0	526	1200	1
8	341	462	324	1171	5011	381.0	0	0	526	1200	1
8	340	461	322	1164	4999	381.0	0	0	526	1200	1
8	338	459	321	1162	5009	379.0	0	0	526	1200	1
8	340	460	322	1166	4999	379.0	0	0	526	1200	0
8	326	418	235	1023	4137	381.0	0	0	526	1200	0
8	323	405	207	979	3832	382.0	0	0	526	1200	0
8	322	404	206	976	3828	382.0	0	0	526	1200	0
8	322	405	206	978	3828	383.0	0	0	526	1200	0
8	321	403	206	974	3836	381.0	0	0	526	1200	0
8	321	403	206	975	3836	381.0	0	0	526	1200	0
9	320	402	205	972	3831	380.0	0	0	657	1200	1
9	320	403	206	973	3843	381.0	0	0	657	1200	1
9	337	457	320	1159	5008	377.0	0	0	657	1200	1
9	339	463	333	1178	5133	376.0	0	0	657	1200	1
9	339	462	331	1176	5111	376.0	0	0	657	1200	1
9	338	462	331	1175	5122	377.0	0	0	657	1200	1
9	339	463	332	1178	5122	377.0	0	0	657	1200	1
9	338	462	331	1176	5122	377.0	0	0	657	1200	1
9	340	464	332	1179	5111	378.0	0	0	657	1200	1
9	339	463	332	1177	5122	377.0	0	0	657	1200	1
9	340	463	331	1178	5100	378.0	0	0	657	1200	1
9	342	466	333	1184	5100	380.0	0	0	657	1200	1
9	340	464	331	1179	5100	379.0	0	0	657	1200	1
9	342	467	333	1186	5100	382.0	0	0	657	1200	1
9	341	465	332	1181	5100	380.0	0	0	657	1200	1
9	343	468	335	1190	5112	382.0	0	0	657	1200	1
9	341	466	333	1185	5111	381.0	0	0	657	1200	1
9	343	469	335	1192	5112	383.0	0	0	657	1200	1
9	341	466	333	1185	5111	381.0	0	0	657	1200	1
9	344	469	335	1193	5101	383.0	0	0	657	1200	1
9	341	466	334	1186	5122	380.0	0	0	657	1200	1
9	344	469	335	1192	5101	383.0	0	0	657	1200	1
9	342	466	334	1186	5111	380.0	0	0	657	1200	1
9	344	469	335	1193	5101	383.0	0	0	657	1200	1
9	342	466	334	1186	5111	380.0	0	0	657	1200	1
9	344	469	335	1193	5101	383.0	0	0	657	1200	1
9	342	466	333	1185	5100	380.0	0	0	657	1200	1
9	344	468	334	1190	5090	382.0	0	0	657	1200	0
9	329	423	239	1036	4158	385.0	0	0	657	1200	0
9	323	406	207	981	3832	384.0	0	0	657	1200	0
9	325	408	208	985	3829	386.0	0	0	657	1200	0
9	323	406	207	981	3832	384.0	0	0	657	1200	0
9	325	408	208	986	3829	386.0	0	0	657	1200	0
9	324	407	207	983	3825	385.0	0	0	657	1200	0
10	325	408	208	985	3829	386.0	0	0	789	1200	1
10	324	407	207	983	3825	385.0	0	0	789	1200	1
10	342	466	330	1183	5067	382.0	0	0	789	1200	1
10	344	473	344	1205	5201	383.0	0	0	789	1200	1
10	344	473	344	1205	5201	383.0	0	0	789	1200	1
10	345	473	344	1206	5189	382.0	0	0	789	1200	1
10	344	473	345	1207	5212	382.0	0	0	789	1200	1
10	345	473	345	1207	5201	382.0	0	0	789	1200	1
10	344	473	345	1206	5212	382.0	0	0	789	1200	1
10	345	474	345	1208	5201	383.0	0	0	789	1200	1
10	344	472	344	1205	5201	381.0	0	0	789	1200	1
10	345	474	345	1209	5201	383.0	0	0	789	1200	1
10	345	474	345	1209	5201	383.0	0	0	789	1200	1
10	344	472	345	1205	5212	380.0	0	0	789	1200	1
10	345	474	345	1210	5201	383.0	0	0	789	1200	1
10	344	472	344	1204	5201	381.0	0	0	789	1200	1
10	345	474	345	1208	5201	383.0	0	0	789	1200	1
10	343	471	343	1202	5201	381.0	0	0	789	1200	1
10	345	474	344	1208	5189	384.0	0	0	789	1200	1
10	343	471	343	1202	5201	381.0	0	0	789	1200	1
10	346	474	344	1209	5178	384.0	0	0	789	1200	1
10	343	471	343	1202	5201	381.0	0	0	789	1200	1
10	346	474	345	1209	5189	383.0	0	0	789	1200	1
10	343	471	343	1202	5201	381.0	0	0	789	1200	1
10	345	474	344	1208	5189	384.0	0	0	789	1200	1
10	343	471	343	1202	5201	381.0	0	0	789	1200	1
10	345	474	344	1208	5189	384.0	0	0	789	1200	1
10	343	471	343	1202	5201	381.0	0	0	789	1200	0
10	346	475	346	1211	5201	384.0	0	0	789	1200	0
10	334	442	281	1101	4596	383.0	0	0	789	1200	0
10	323	406	207	981	3832	384.0	0	0	789	1200	0
10	325	409	208	986	3829	387.0	0	0	789	1200	0
10	324	406	207	981	3825	384.0	0	0	789	1200	0
10	325	408	208	986	3829	386.0	0	0	789	1200	0
11	324	407	207	982	3825	385.0	0	0	921	1200	1
11	325	408	208	986	3829	386.0	0	0	921	1200	1
11	343	469	338	1194	5145	381.0	0	0	921	1200	1
11	347	479	356	1225	5299	382.0	0	0	921	1200	1
11	346	477	355	1223	5300	380.0	0	0	921	1200	1
11	346	478	355	1224	5300	382.0	0	0	921	1200	1
11	346	478	354	1222	5289	383.0	0	0	921	1200	1
11	346	478	355	1224	5300	382.0	0	0	921	1200	1
11	346	478	355	1223	5300	382.0	0	0	921	1200	1
11	346	478	355	1223	5300	382.0	0	0	921	1200	1
11	346	478	354	1223	5289	383.0	0	0	921	1200	1
11	346	478	355	1223	5300	382.0	0	0	921	1200	1
11	346	478	355	1224	5300	382.0	0	0	921	1200	1
11	346	477	354	1222	5289	381.0	0	0	921	1200	1
11	346	477	354	1221	5289	381.0	0	0	921	1200	1
11	347	479	355	1225	5288	383.0	0	0	921	1200	1
11	345	477	355	1223	5311	381.0	0	0	921	1200	1
11	347	479	356	1226	5299	382.0	0	0	921	1200	1
11	345	477	355	1222	5311	381.0	0	0	921	1200	1
11	347	479	356	1227	5299	382.0	0	0	921	1200	1
11	345	477	355	1222	5311	381.0	0	0	921	1200	1
11	347	479	356	1227	5299	382.0	0	0	921	1200	1
11	345	477	355	1221	5311	381.0	0	0	921	1200	1
11	347	479	356	1227	5299	382.0	0	0	921	1200	1
11	345	477	355	1221	5311	381.0	0	0	921	1200	1
11	347	479	356	1227	5299	382.0	0	0	921	1200	1
11	345	477	355	1221	5311	381.0	0	0	921	1200	1
11	347	479	355	1226	5288	383.0	0	0	921	1200	0
11	345	476	354	1219	5300	380.0	0	0	921	1200	0
11	334	436	265	1080	4413	385.0	0	0	921	1200	0
11	323	406	207	980	3832	384.0	0	0	921	1200	0
11	325	409	208	987	3829	387.0	0	0	921	1200	0
11	325	409	208	980	3829	387.0	0	0	921	1200	0
11	323	406	207	980	3832	384.0	0	0	921	1200	0
12	325	409	208	987	3829	387.0	0	0	1052	1200	1
12	323	406	207	980	3832	384.0	0	0	1052	1200	1
12	346	475	348	1213	5223	382.0	0	0	1052	1200	1
12	347	482	365	1238	5398	380.0	0	0	1052	1200	1
12	349	484	366	1244	5386	382.0	0	0	1052	1200	1
12	347	482	365	1237	5398	380.0	0	0	1052	1200	1
12	348	484	366	1243	5398	383.0	0	0	1052	1200	1
12	347	482	365	1238	5398	380.0	0	0	1052	1200	1
12	348	484	366	1243	5398	383.0	0	0	1052	1200	1
12	347	482	365	1238	5398	380.0	0	0	1052	1200	1
12	348	484	366	1243	5398	383.0	0	0	1052	1200	1
12	347	482	365	1238	5398	380.0	0	0	1052	1200	1
12	348	484	366	1243	5398	383.0	0	0	1052	1200	1
12	347	482	365	1239	5398	380.0	0	0	1052	1200	1
12	348	484	366	1242	5398	383.0	0	0	1052	1200	1
12	347	483	365	1239	5398	382.0	0	0	1052	1200	1
12	348	483	365	1242	5387	382.0	0	0	1052	1200	1
12	348	484	366	1242	5398	383.0	0	0	1052	1200	1
12	347	483	366	1240	5409	381.0	0	0	1052	1200	1
12	348	483	366	1241	5398	381.0	0	0	1052	1200	1
12	348	483	366	1241	5398	381.0	0	0	1052	1200	1
12	348	483	366	1241	5398	381.0	0	0	1052	1200	1
12	348	483	366	1241	5398	381.0	0	0	1052	1200	1
12	347	483	366	1241	5409	381.0	0	0	1052	1200	1
12	348	483	366	1241	5398	381.0	0	0	1052	1200	1
12	347	482	366	1239	5409	380.0	0	0	1052	1200	1
12	348	483	366	1241	5398	381.0	0	0	1052	1200	1
12	347	482	365	1238	5398	380.0	0	0	1052	1200	0
12	348	483	366	1241	5398	381.0	0	0	1052	1200	0
12	332	435	267	1078	4455	383.0	0	0	1052	1200	0
12	325	408	208	985	3829	386.0	0	0	1052	1200	0
12	323	406	207	980	3832	384.0	0	0	1052	1200	0
12	325	408	208	985	3829	386.0	0	0	1052	1200	0
12	323	406	207	980	3832	384.0	0	0	1052	1200	0
13	325	408	208	985	3829	386.0	0	0	1184	1200	1
13	325	408	208	985	3829	386.0	0	0	1184	1200	1
13	343	473	347	1207	5245	381.0	0	0	1184	1200	1
13	350	489	377	1260	5494	382.0	0	0	1184	1200	1
13	348	486	376	1254	5507	378.0	0	0	1184	1200	1
13	349	489	377	1259	5506	382.0	0	0	1184	1200	1
13	347	485	375	1252	5508	378.0	0	0	1184	1200	1
13	349	488	377	1258	5506	381.0	0	0	1184	1200	1
13	346	485	375	1250	5520	378.0	0	0	1184	1200	1
13	348	487	376	1256	5507	380.0	0	0	1184	1200	1
13	346	485	375	1249	5520	378.0	0	0	1184	1200	1
13	348	487	376	1255	5507	380.0	0	0	1184	1200	1
13	345	484	375	1248	5532	377.0	0	0	1184	1200	1
13	348	487	376	1255	5507	380.0	0	0	1184	1200	1
13	346	484	375	1248	5520	377.0	0	0	1184	1200	1
13	348	487	376	1256	5507	380.0	0	0	1184	1200	1
13	346	484	375	1249	5520	377.0	0	0	1184	1200	1
13	348	487	376	1255	5507	380.0	0	0	1184	1200	1
13	346	485	375	1250	5520	378.0	0	0	1184	1200	1
13	347	485	375	1251	5508	378.0	0	0	1184	1200	1
13	349	488	377	1258	5506	381.0	0	0	1184	1200	1
13	347	486	375	1252	5508	379.0	0	0	1184	1200	1
13	349	488	376	1258	5495	381.0	0	0	1184	1200	1
13	348	486	376	1253	5507	378.0	0	0	1184	1200	1
13	349	488	376	1258	5495	381.0	0	0	1184	1200	1
13	348	487	375	1254	5496	381.0	0	0	1184	1200	1
13	349	488	377	1259	5506	381.0	0	0	1184	1200	1
13	348	487	376	1255	5507	380.0	0	0	1184	1200	0
13	349	488	376	1259	5495	381.0	0	0	1184	1200	0
13	335	445	287	1112	4655	383.0	0	0	1184	1200	0
13	325	408	208	984	3829	386.0	0	0	1184	1200	0
13	324	407	207	982	3825	385.0	0	0	1184	1200	0
13	325	408	208	985	3829	386.0	0	0	1184	1200	0
13	324	407	207	982	3825	385.0	0	0	1184	1200	0
14	324	407	207	984	3825	385.0	0	0	1315	1200	1
14	324	407	207	983	3825	385.0	0	0	1315	1200	1
14	324	407	207	984	3825	385.0	0	0	1315	1200	1
14	351	493	387	1276	5591	380.0	0	0	1315	1200	1
14	351	493	387	1275	5591	380.0	0	0	1315	1200	1
14	351	493	387	1275	5591	380.0	0	0	1315	1200	1
14	351	493	387	1276	5591	380.0	0	0	1315	1200	1
14	350	493	387	1274	5603	381.0	0	0	1315	1200	1
14	351	493	387	1276	5591	380.0	0	0	1315	1200	1
14	350	493	387	1274	5603	381.0	0	0	1315	1200	1
14	351	494	387	1276	5591	382.0	0	0	1315	1200	1
14	350	492	387	1274	5603	379.0	0	0	1315	1200	1
14	351	494	388	1277	5602	381.0	0	0	1315	1200	1
14	351	493	387	1276	5591	380.0	0	0	1315	1200	1
14	352	495	388	1278	5590	383.0	0	0	1315	1200	1
14	350	492	387	1273	5603	379.0	0	0	1315	1200	1
14	351	494	387	1277	5591	382.0	0	0	1315	1200	1
14	350	492	386	1272	5592	380.0	0	0	1315	1200	1
14	352	494	388	1278	5590	381.0	0	0	1315	1200	1
14	350	492	386	1272	5592	380.0	0	0	1315	1200	1
14	352	494	387	1278	5579	382.0	0	0	1315	1200	1
14	352	494	387	1278	5579	382.0	0	0	1315	1200	1
14	350	492	386	1272	5592	380.0	0	0	1315	1200	1
14	352	494	387	1278	5579	382.0	0	0	1315	1200	1
14	349	492	386	1271	5604	380.0	0	0	1315	1200	1
14	352	494	387	1277	5579	382.0	0	0	1315	1200	1
14	350	492	386	1272	5592	380.0	0	0	1315	1200	1
14	352	494	387	1278	5579	382.0	0	0	1315	1200	1
14	350	492	386	1272	5592	380.0	0	0	1315	1200	0
14	339	452	298	1133	4740	385.0	0	0	1315	1200	0
14	323	406	207	980	3832	384.0	0	0	1315	1200	0
14	325	409	208	987	3829	387.0	0	0	1315	1200	0
14	323	406	207	980	3832	384.0	0	0	1315	1200	0
14	325	409	208	987	3829	387.0	0	0	1315	1200	0
15	323	406	207	980	3832	384.0	0	0	1447	1200	1
15	325	409	208	987	3829	387.0	0	0	1447	1200	1
15	323	406	207	980	3832	384.0	0	0	1447	1200	1
15	350	488	374	1256	5462	382.0	0	0	1447	1200	1
15	351	497	397	1290	5700	379.0	0	0	1447	1200	1
15	353	497	397	1295	5675	379.0	0	0	1447	1200	1
15	353	500	399	1296	5697	382.0	0	0	1447	1200	1
15	351	497	397	1290	5700	379.0	0	0	1447	1200	1
15	353	500	399	1296	5697	382.0	0	0	1447	1200	1
15	352	498	398	1291	5698	380.0	0	0	1447	1200	1
15	353	500	398	1296	5686	383.0	0	0	1447	1200	1
15	352	498	398	1292	5698	380.0	0	0	1447	1200	1
15	353	500	399	1297	5697	382.0	0	0	1447	1200	1
15	352	498	398	1292	5698	380.0	0	0	1447	1200	1
15	353	500	399	1296	5697	382.0	0	0	1447	1200	1
15	352	498	398	1293	5698	380.0	0	0	1447	1200	1
15	353	500	398	1296	5686	383.0	0	0	1447	1200	1
15	352	498	397	1292	5688	381.0	0	0	1447	1200	1
15	353	499	398	1295	5686	381.0	0	0	1447	1200	1
15	352	498	397	1291	5688	381.0	0	0	1447	1200	1
15	353	499	398	1294	5686	381.0	0	0	1447	1200	1
15	352	498	397	1292	5688	381.0	0	0	1447	1200	1
15	353	499	397	1294	5675	382.0	0	0	1447	1200	1
15	352	498	397	1292	5688	381.0	0	0	1447	1200	1
15	352	498	397	1291	5688	381.0	0	0	1447	1200	1
15	352	498	397	1292	5688	381.0	0	0	1447	1200	1
15	352	498	397	1292	5688	381.0	0	0	1447	1200	1
15	352	498	397	1292	5688	381.0	0	0	1447	1200	1
15	352	499	398	1293	5698	382.0	0	0	1447	1200	0
15	338	452	301	1135	4783	383.0	0	0	1447	1200	0
15	324	407	207	984	3825	385.0	0	0	1447	1200	0
15	324	407	207	983	3825	385.0	0	0	1447	1200	0
15	325	408	207	984	3817	386.0	0	0	1447	1200	0
15	324	407	207	983	3825	385.0	0	0	1447	1200	0
15	325	408	208	985	3829	386.0	0	0	1447	1200	0
16	324	407	207	982	3825	385.0	0	0	1578	1200	1
16	325	408	208	985	3829	386.0	0	0	1578	1200	1
16	346	480	360	1230	5355	381.0	0	0	1578	1200	1
16	354	504	409	1312	5792	381.0	0	0	1578	1200	1
16	353	503	408	1308	5794	380.0	0	0	1578	1200	1
16	354	504	409	1312	5792	381.0	0	0	1578	1200	1
16	353	503	409	1308	5805	379.0	0	0	1578	1200	1
16	353	502	407	1306	5783	379.0	0	0	1578	1200	1
16	354	504	409	1312	5792	381.0	0	0	1578	1200	1
16	353	502	407	1305	5783	379.0	0	0	1578	1200	1
16	354	504	408	1312	5782	381.0	0	0	1578	1200	1
16	353	502	407	1306	5783	379.0	0	0	1578	1200	1
16	354	504	408	1311	5782	381.0	0	0	1578	1200	1
16	352	501	407	1305	5796	378.0	0	0	1578	1200	1
16	354	504	408	1310	5782	381.0	0	0	1578	1200	1
16	352	501	407	1304	5796	378.0	0	0	1578	1200	1
16	354	504	408	1311	5782	381.0	0	0	1578	1200	1
16	352	501	407	1304	5796	378.0	0	0	1578	1200	1
16	354	504	409	1311	5792	381.0	0	0	1578	1200	1
16	352	501	408	1305	5807	377.0	0	0	1578	1200	1
16	353	503	409	1310	5805	379.0	0	0	1578	1200	1
16	351	500	407	1302	5808	377.0	0	0	1578	1200	1
16	352	502	408	1307	5807	379.0	0	0	1578	1200	1
16	350	499	407	1300	5821	376.0	0	0	1578	1200	1
16	353	502	408	1307	5794	379.0	0	0	1578	1200	1
16	353	502	409	1308	5805	378.0	0	0	1578	1200	1
16	350	499	407	1300	5821	376.0	0	0	1578	1200	1
16	352	501	408	1306	5807	377.0	0	0	1578	1200	0
16	333	445	293	1115	4743	379.0	0	0	1578	1200	0
16	323	405	207	979	3832	382.0	0	0	1578	1200	0
16	320	403	205	973	3831	382.0	0	0	1578	1200	0
16	323	405	207	979	3832	382.0	0	0	1578	1200	0
16	321	403	206	973	3836	381.0	0	0	1578	1200	0
16	323	406	207	980	3832	384.0	0	0	1578	1200	0
17	321	403	206	974	3836	381.0	0	0	1710	1200	1
17	323	406	207	980	3832	384.0	0	0	1710	1200	1
17	348	490	387	1269	5627	377.0	0	0	1710	1200	1
17	354	507	418	1323	5889	379.0	0	0	1710	1200	1
17	352	504	417	1317	5904	376.0	0	0	1710	1200	1
17	354	507	418	1323	5889	379.0	0	0	1710	1200	1
17	352	505	418	1319	5915	376.0	0	0	1710	1200	1
17	354	507	419	1325	5900	378.0	0	0	1710	1200	1
17	353	506	419	1321	5913	377.0	0	0	1710	1200	1
17	353	506	418	1322	5902	378.0	0	0	1710	1200	1
17	354	508	419	1326	5900	380.0	0	0	1710	1200	1
17	353	506	419	1323	5913	377.0	0	0	1710	1200	1
17	354	507	419	1325	5900	378.0	0	0	1710	1200	1
17	353	506	419	1322	5913	377.0	0	0	1710	1200	1
17	354	507	419	1325	5900	378.0	0	0	1710	1200	1
17	353	506	419	1322	5913	377.0	0	0	1710	1200	1
17	354	507	419	1324	5900	378.0	0	0	1710	1200	1
17	353	505	417	1320	5891	377.0	0	0	1710	1200	1
17	354	506	418	1322	5889	377.0	0	0	1710	1200	1
17	353	506	417	1321	5891	378.0	0	0	1710	1200	1
17	354	507	418	1323	5889	379.0	0	0	1710	1200	1
17	354	506	417	1322	5879	378.0	0	0	1710	1200	1
17	354	507	418	1323	5889	379.0	0	0	1710	1200	1
17	354	506	418	1323	5889	377.0	0	0	1710	1200	1
17	354	506	417	1322	5879	378.0	0	0	1710	1200	1
17	354	506	418	1322	5889	377.0	0	0	1710	1200	1
17	354	506	418	1322	5889	377.0	0	0	1710	1200	1
17	354	506	418	1322	5889	377.0	0	0	1710	1200	0
17	342	467	334	1187	5111	381.0	0	0	1710	1200	0
17	322	405	206	978	3828	383.0	0	0	1710	1200	0
17	323	406	207	980	3832	384.0	0	0	1710	1200	0
17	322	404	206	977	3828	382.0	0	0	1710	1200	0
17	323	405	207	979	3832	382.0	0	0	1710	1200	0
17	322	404	206	976	3828	382.0	0	0	1710	1200	0
18	323	406	207	980	3832	384.0	0	0	1842	1200	1
18	322	404	206	977	3828	382.0	0	0	1842	1200	1
18	352	497	398	1292	5698	378.0	0	0	1842	1200	1
18	355	510	428	1337	5984	376.0	0	0	1842	1200	1
18	356	512	429	1342	5982	378.0	0	0	1842	1200	1
18	355	510	428	1337	5984	376.0	0	0	1842	1200	1
18	356	513	430	1343	5992	379.0	0	0	1842	1200	1
18	355	511	429	1339	5995	377.0	0	0	1842	1200	1
18	357	513	431	1345	5990	378.0	0	0	1842	1200	1
18	355	512	430	1341	6005	378.0	0	0	1842	1200	1
18	357	514	431	1346	5990	379.0	0	0	1842	1200	1
18	355	511	431	1341	6016	375.0	0	0	1842	1200	1
18	355	511	429	1339	5995	377.0	0	0	1842	1200	1
18	357	514	431	1346	5990	379.0	0	0	1842	1200	1
18	354	511	429	1339	6008	377.0	0	0	1842	1200	1
18	356	513	430	1344	5992	379.0	0	0	1842	1200	1
18	354	510	429	1337	6008	376.0	0	0	1842	1200	1
18	355	512	429	1340	5995	378.0	0	0	1842	1200	1
18	353	509	427	1334	5999	376.0	0	0	1842	1200	1
18	356	512	429	1342	5982	378.0	0	0	1842	1200	1
18	354	509	427	1335	5986	375.0	0	0	1842	1200	1
18	356	512	429	1342	5982	378.0	0	0	1842	1200	1
18	354	510	428	1335	5997	376.0	0	0	1842	1200	1
18	356	512	429	1342	5982	378.0	0	0	1842	1200	1
18	354	510	428	1336	5997	376.0	0	0	1842	1200	1
18	357	513	429	1343	5969	379.0	0	0	1842	1200	1
18	354	510	428	1336	5997	376.0	0	0	1842	1200	1
18	356	513	429	1343	5982	380.0	0	0	1842	1200	0
18	354	510	428	1336	5997	376.0	0	0	1842	1200	0
18	343	470	339	1197	5156	382.0	0	0	1842	1200	0
18	324	406	207	982	3825	384.0	0	0	1842	1200	0
18	322	404	206	976	3828	382.0	0	0	1842	1200	0
18	323	406	207	981	3832	384.0	0	0	1842	1200	0
18	321	404	206	975	3836	382.0	0	0	1842	1200	0
19	323	406	207	981	3832	384.0	0	0	1973	1200	1
19	321	403	206	975	3836	381.0	0	0	1973	1200	1
19	347	483	369	1244	5442	379.0	0	0	1973	1200	1
19	356	516	440	1356	6099	376.0	0	0	1973	1200	1
19	357	517	441	1360	6097	377.0	0	0	1973	1200	1
19	356	516	441	1356	6110	376.0	0	0	1973	1200	1
19	357	518	442	1361	6108	378.0	0	0	1973	1200	1
19	356	516	440	1356	6099	376.0	0	0	1973	1200	1
19	357	517	439	1357	6076	378.0	0	0	1973	1200	1
19	356	515	438	1354	6078	376.0	0	0	1973	1200	1
19	357	516	439	1357	6076	377.0	0	0	1973	1200	1
19	356	515	439	1354	6089	375.0	0	0	1973	1200	1
19	357	516	439	1357	6076	377.0	0	0	1973	1200	1
19	356	515	438	1354	6078	376.0	0	0	1973	1200	1
19	356	515	439	1354	6089	375.0	0	0	1973	1200	1
19	357	516	439	1355	6076	377.0	0	0	1973	1200	1
19	356	515	438	1353	6078	376.0	0	0	1973	1200	1
19	356	516	439	1355	6089	377.0	0	0	1973	1200	1
19	356	515	438	1354	6078	376.0	0	0	1973	1200	1
19	357	517	441	1358	6097	377.0	0	0	1973	1200	1
19	357	517	441	1359	6097	377.0	0	0	1973	1200	1
19	357	517	441	1358	6097	377.0	0	0	1973	1200	1
19	356	517	441	1358	6110	377.0	0	0	1973	1200	1
19	356	516	441	1358	6110	376.0	0	0	1973	1200	1
19	357	517	441	1358	6097	377.0	0	0	1973	1200	1
19	356	516	441	1357	6110	376.0	0	0	1973	1200	1
19	357	517	441	1360	6097	377.0	0	0	1973	1200	1
19	356	517	441	1358	6110	377.0	0	0	1973	1200	0
19	357	517	441	1360	6097	377.0	0	0	1973	1200	0
19	337	452	306	1139	4850	380.0	0	0	1973	1200	0
19	323	405	207	979	3832	382.0	0	0	1973	1200	0
19	322	404	206	977	3828	382.0	0	0	1973	1200	0
19	322	404	206	975	3828	382.0	0	0	1973	1200	0
19	323	405	207	979	3832	382.0	0	0	1973	1200	0
20	322	404	206	975	3828	382.0	0	0	2105	1200	1
20	323	405	207	980	3832	382.0	0	0	2105	1200	1
20	352	503	413	1312	5861	377.0	0	0	2105	1200	1
20	359	522	450	1375	6166	377.0	0	0	2105	1200	1
20	357	520	449	1371	6182	376.0	0	0	2105	1200	1
20	359	522	450	1375	6166	377.0	0	0	2105	1200	1
20	357	520	449	1370	6182	376.0	0	0	2105	1200	1
20	359	523	453	1379	6198	377.0	0	0	2105	1200	1
20	357	521	451	1373	6204	376.0	0	0	2105	1200	1
20	359	523	453	1380	6198	377.0	0	0	2105	1200	1
20	357	521	452	1374	6214	375.0	0	0	2105	1200	1
20	359	523	453	1380	6198	377.0	0	0	2105	1200	1
20	357	521	451	1374	6204	376.0	0	0	2105	1200	1
20	359	523	453	1380	6198	377.0	0	0	2105	1200	1
20	357	521	451	1373	6204	376.0	0	0	2105	1200	1
20	359	523	453	1379	6198	377.0	0	0	2105	1200	1
20	359	523	452	1378	6187	378.0	0	0	2105	1200	1
20	357	520	451	1371	6204	374.0	0	0	2105	1200	1
20	358	522	450	1374	6180	378.0	0	0	2105	1200	1
20	356	519	448	1367	6185	375.0	0	0	2105	1200	1
20	358	521	450	1374	6180	376.0	0	0	2105	1200	1
20	356	519	449	1368	6196	374.0	0	0	2105	1200	1
20	358	522	450	1374	6180	378.0	0	0	2105	1200	1
20	356	519	448	1367	6185	375.0	0	0	2105	1200	1
20	358	522	450	1375	6180	378.0	0	0	2105	1200	1
20	356	519	449	1368	6196	374.0	0	0	2105	1200	1
20	358	521	450	1374	6180	376.0	0	0	2105	1200	1
20	356	519	448	1368	6185	375.0	0	0	2105	1200	0
20	358	522	450	1375	6180	378.0	0	0	2105	1200	0
20	345	482	372	1244	5499	376.0	0	0	2105	1200	0
20	323	405	207	980	3832	382.0	0	0	2105	1200	0
20	321	403	206	973	3836	381.0	0	0	2105	1200	0
20	323	405	207	980	3832	382.0	0	0	2105	1200	0
20	321	403	206	974	3836	381.0	0	0	2105	1200	0
21	321	403	206	973	3836	381.0	0	0	2236	1200	1
21	322	405	207	978	3840	383.0	0	0	2236	1200	1
21	352	506	422	1325	5958	375.0	0	0	2236	1200	1
21	360	526	461	1391	6269	375.0	0	0	2236	1200	1
21	358	524	459	1385	6275	374.0	0	0	2236	1200	1
21	359	526	460	1390	6272	376.0	0	0	2236	1200	1
21	358	524	460	1387	6286	374.0	0	0	2236	1200	1
21	360	527	462	1392	6280	376.0	0	0	2236	1200	1
21	358	525	462	1390	6307	374.0	0	0	2236	1200	1
21	360	527	463	1395	6291	376.0	0	0	2236	1200	1
21	358	525	462	1390	6307	374.0	0	0	2236	1200	1
21	360	527	463	1394	6291	376.0	0	0	2236	1200	1
21	358	526	462	1390	6307	375.0	0	0	2236	1200	1
21	360	527	464	1395	6301	375.0	0	0	2236	1200	1
21	359	526	463	1391	6304	374.0	0	0	2236	1200	1
21	360	527	463	1394	6291	376.0	0	0	2236	1200	1
21	359	526	463	1392	6304	374.0	0	0	2236	1200	1
21	359	527	463	1394	6304	376.0	0	0	2236	1200	1
21	359	526	460	1391	6272	376.0	0	0	2236	1200	1
21	358	524	459	1386	6275	374.0	0	0	2236	1200	1
21	359	525	460	1388	6272	375.0	0	0	2236	1200	1
21	358	525	460	1387	6286	375.0	0	0	2236	1200	1
21	359	525	460	1388	6272	375.0	0	0	2236	1200	1
21	359	525	459	1387	6262	376.0	0	0	2236	1200	1
21	359	525	460	1388	6272	375.0	0	0	2236	1200	1
21	359	525	460	1387	6272	375.0	0	0	2236	1200	1
21	359	525	460	1388	6272	375.0	0	0	2236	1200	1
21	359	525	460	1387	6272	375.0	0	0	2236	1200	0
21	359	525	460	1388	6272	375.0	0	0	2236	1200	0
21	347	486	378	1255	5541	377.0	0	0	2236	1200	0
21	321	403	206	975	3836	381.0	0	0	2236	1200	0
21	321	404	206	975	3836	382.0	0	0	2236	1200	0
21	321	403	206	974	3836	381.0	0	0	2236	1200	0
21	322	404	206	976	3828	382.0	0	0	2236	1200	0
22	321	403	206	974	3836	381.0	0	0	2368	1200	1
22	322	404	206	976	3828	382.0	0	0	2368	1200	1
22	321	403	206	974	3836	381.0	0	0	2368	1200	1
22	360	531	474	1409	6407	374.0	0	0	2368	1200	1
22	361	532	474	1411	6393	375.0	0	0	2368	1200	1
22	360	531	474	1409	6407	374.0	0	0	2368	1200	1
22	361	532	474	1412	6393	375.0	0	0	2368	1200	1
22	360	531	473	1408	6396	375.0	0	0	2368	1200	1
22	361	533	475	1413	6404	376.0	0	0	2368	1200	1
22	360	529	470	1403	6365	374.0	0	0	2368	1200	1
22	361	531	471	1408	6361	376.0	0	0	2368	1200	1
22	360	529	470	1403	6365	374.0	0	0	2368	1200	1
22	361	531	471	1408	6361	376.0	0	0	2368	1200	1
22	359	529	470	1403	6379	374.0	0	0	2368	1200	1
22	361	531	471	1408	6361	376.0	0	0	2368	1200	1
22	359	529	470	1402	6379	374.0	0	0	2368	1200	1
22	361	531	471	1408	6361	376.0	0	0	2368	1200	1
22	359	529	471	1403	6389	373.0	0	0	2368	1200	1
22	361	531	471	1408	6361	376.0	0	0	2368	1200	1
22	359	529	470	1402	6379	374.0	0	0	2368	1200	1
22	361	532	471	1408	6361	377.0	0	0	2368	1200	1
22	361	533	474	1413	6393	377.0	0	0	2368	1200	1
22	360	530	473	1407	6396	373.0	0	0	2368	1200	1
22	361	533	475	1413	6404	376.0	0	0	2368	1200	1
22	359	530	473	1406	6410	373.0	0	0	2368	1200	1
22	362	533	475	1414	6390	376.0	0	0	2368	1200	1
22	360	531	474	1408	6407	374.0	0	0	2368	1200	1
22	362	533	474	1414	6379	376.0	0	0	2368	1200	1
22	360	531	474	1408	6407	374.0	0	0	2368	1200	0
22	340	461	325	1171	5032	379.0	0	0	2368	1200	0
22	320	402	205	972	3831	380.0	0	0	2368	1200	0
22	322	405	207	978	3840	383.0	0	0	2368	1200	0
22	320	402	205	972	3831	380.0	0	0	2368	1200	0
22	322	405	207	978	3840	383.0	0	0	2368	1200	0
23	320	402	205	972	3831	380.0	0	0	2500	1200	1
23	322	405	207	978	3840	383.0	0	0	2500	1200	1
23	320	402	205	972	3831	380.0	0	0	2500	1200	1
23	357	516	439	1356	6076	377.0	0	0	2500	1200	1
23	361	534	481	1420	6467	373.0	0	0	2500	1200	1
23	361	534	481	1420	6467	373.0	0	0	2500	1200	1
23	363	537	483	1427	6460	376.0	0	0	2500	1200	1
23	361	534	481	1420	6467	373.0	0	0	2500	1200	1
23	363	538	486	1432	6491	375.0	0	0	2500	1200	1
23	361	536	485	1426	6509	373.0	0	0	2500	1200	1
23	363	538	486	1431	6491	375.0	0	0	2500	1200	1
23	361	536	484	1425	6499	374.0	0	0	2500	1200	1
23	363	538	486	1431	6491	375.0	0	0	2500	1200	1
23	361	536	485	1426	6509	373.0	0	0	2500	1200	1
23	363	538	486	1431	6491	375.0	0	0	2500	1200	1
23	361	536	485	1426	6509	373.0	0	0	2500	1200	1
23	364	539	486	1433	6477	376.0	0	0	2500	1200	1
23	362	537	485	1428	6495	375.0	0	0	2500	1200	1
23	364	539	486	1434	6477	376.0	0	0	2500	1200	1
23	362	537	485	1429	6495	375.0	0	0	2500	1200	1
23	363	537	482	1427	6450	376.0	0	0	2500	1200	1
23	362	536	482	1423	6463	375.0	0	0	2500	1200	1
23	364	538	483	1428	6446	377.0	0	0	2500	1200	1
23	364	537	483	1428	6446	375.0	0	0	2500	1200	1
23	362	536	482	1423	6463	375.0	0	0	2500	1200	1
23	363	537	482	1427	6450	376.0	0	0	2500	1200	1
23	362	536	482	1425	6463	375.0	0	0	2500	1200	1
23	363	537	482	1427	6450	376.0	0	0	2500	1200	1
