Stim	R	G	B	C	Temp	HueLux	Yellow	Red	Blue	Blue2	Trig
1	95	320	252	694	11497	289.0	0	1500	0	0	1
1	99	320	252	697	11089	288.0	0	1500	0	0	1
1	529	347	299	1161	3522	157.0	0	1500	0	0	1
1	528	348	300	1160	3530	158.0	0	1500	0	0	1
1	528	347	299	1157	3523	157.0	0	1500	0	0	1
1	528	348	301	1161	3537	157.0	0	1500	0	0	1
1	527	347	299	1157	3527	157.0	0	1500	0	0	1
1	528	349	301	1162	3537	159.0	0	1500	0	0	1
1	527	347	299	1157	3527	157.0	0	1500	0	0	1
1	528	349	301	1161	3537	159.0	0	1500	0	0	1
1	528	347	299	1158	3523	157.0	0	1500	0	0	1
1	528	349	301	1162	3537	159.0	0	1500	0	0	1
1	527	347	299	1157	3527	157.0	0	1500	0	0	1
1	529	349	301	1163	3533	158.0	0	1500	0	0	1
1	527	347	299	1157	3527	157.0	0	1500	0	0	1
1	528	349	301	1161	3537	159.0	0	1500	0	0	1
1	528	347	299	1158	3523	157.0	0	1500	0	0	1
1	528	349	301	1161	3537	159.0	0	1500	0	0	1
1	527	347	299	1156	3527	157.0	0	1500	0	0	1
1	528	349	301	1161	3537	159.0	0	1500	0	0	1
1	527	347	299	1157	3527	157.0	0	1500	0	0	1
1	528	347	299	1158	3523	157.0	0	1500	0	0	1
1	528	348	301	1160	3537	157.0	0	1500	0	0	1
1	527	347	299	1157	3527	157.0	0	1500	0	0	1
1	528	348	301	1161	3537	157.0	0	1500	0	0	1
1	528	347	300	1158	3530	156.0	0	1500	0	0	1
1	527	348	300	1160	3537	158.0	0	1500	0	0	1
1	528	347	300	1158	3530	156.0	0	1500	0	0	0
1	423	341	289	1047	3985	189.0	0	1500	0	0	0
1	94	320	252	693	11605	290.0	0	1500	0	0	0
1	94	320	252	694	11605	290.0	0	1500	0	0	0
1	94	320	252	693	11605	290.0	0	1500	0	0	0
1	94	320	252	693	11605	290.0	0	1500	0	0	0
1	94	320	252	693	11605	290.0	0	1500	0	0	0
2	94	319	251	692	11564	289.0	0	1500	0	0	1
2	113	321	254	713	9955	284.0	0	1500	0	0	1
2	527	347	299	1157	3527	157.0	0	1500	0	0	1
2	528	348	300	1160	3530	158.0	0	1500	0	0	1
2	527	347	299	1157	3527	157.0	0	1500	0	0	1
2	528	346	299	1156	3523	155.0	0	1500	0	0	1
2	528	348	300	1159	3530	158.0	0	1500	0	0	1
2	527	346	299	1155	3527	156.0	0	1500	0	0	1
2	528	348	300	1160	3530	158.0	0	1500	0	0	1
2	527	346	299	1155	3527	156.0	0	1500	0	0	1
2	527	348	300	1159	3534	158.0	0	1500	0	0	1
2	527	346	299	1155	3527	156.0	0	1500	0	0	1
2	528	348	300	1160	3530	158.0	0	1500	0	0	1
2	527	346	299	1155	3527	156.0	0	1500	0	0	1
2	528	348	300	1160	3530	158.0	0	1500	0	0	1
2	527	346	299	1156	3527	156.0	0	1500	0	0	1
2	527	348	300	1159	3534	158.0	0	1500	0	0	1
2	527	346	298	1154	3519	156.0	0	1500	0	0	1
2	528	348	300	1160	3530	158.0	0	1500	0	0	1
2	526	346	299	1154	3531	156.0	0	1500	0	0	1
2	527	348	300	1159	3534	158.0	0	1500	0	0	1
2	527	346	299	1156	3527	156.0	0	1500	0	0	1
2	527	348	300	1159	3534	158.0	0	1500	0	0	1
2	528	348	300	1160	3530	158.0	0	1500	0	0	1
2	527	346	299	1156	3527	156.0	0	1500	0	0	1
2	527	348	300	1159	3534	158.0	0	1500	0	0	1
2	527	346	299	1156	3527	156.0	0	1500	0	0	1
2	527	348	300	1158	3534	158.0	0	1500	0	0	0
2	424	340	288	1045	3970	188.0	0	1500	0	0	0
2	94	320	252	692	11605	290.0	0	1500	0	0	0
2	94	319	251	691	11564	289.0	0	1500	0	0	0
2	94	320	252	692	11605	290.0	0	1500	0	0	0
2	94	319	251	691	11564	289.0	0	1500	0	0	0
2	94	320	252	692	11605	290.0	0	1500	0	0	0
3	94	319	252	692	11605	288.0	0	1500	0	0	1
3	111	320	253	710	10075	283.0	0	1500	0	0	1
3	527	347	300	1158	3534	157.0	0	1500	0	0	1
3	527	347	299	1156	3527	157.0	0	1500	0	0	1
3	527	347	300	1158	3534	157.0	0	1500	0	0	1
3	527	347	299	1156	3527	157.0	0	1500	0	0	1
3	527	348	300	1158	3534	158.0	0	1500	0	0	1
3	528	348	300	1160	3530	158.0	0	1500	0	0	1
3	527	346	299	1155	3527	156.0	0	1500	0	0	1
3	527	348	300	1160	3537	158.0	0	1500	0	0	1
3	527	346	299	1156	3527	156.0	0	1500	0	0	1
3	527	348	300	1159	3534	158.0	0	1500	0	0	1
3	526	346	299	1155	3531	156.0	0	1500	0	0	1
3	528	348	300	1160	3530	158.0	0	1500	0	0	1
3	527	346	299	1155	3527	156.0	0	1500	0	0	1
3	527	348	300	1159	3534	158.0	0	1500	0	0	1
3	527	346	299	1155	3527	156.0	0	1500	0	0	1
3	528	348	300	1160	3530	158.0	0	1500	0	0	1
3	526	346	299	1154	3531	156.0	0	1500	0	0	1
3	527	348	300	1160	3537	158.0	0	1500	0	0	1
3	527	346	299	1156	3527	156.0	0	1500	0	0	1
3	527	348	300	1159	3534	158.0	0	1500	0	0	1
3	526	346	299	1154	3531	156.0	0	1500	0	0	1
3	528	348	300	1160	3530	158.0	0	1500	0	0	1
3	527	346	299	1155	3527	156.0	0	1500	0	0	1
3	527	346	299	1156	3527	156.0	0	1500	0	0	1
3	528	348	300	1159	3530	158.0	0	1500	0	0	1
3	526	347	299	1156	3531	158.0	0	1500	0	0	0
3	411	341	287	1035	4045	194.0	0	1500	0	0	0
3	94	319	251	691	11564	289.0	0	1500	0	0	0
3	94	320	252	694	11605	290.0	0	1500	0	0	0
3	94	319	251	691	11564	289.0	0	1500	0	0	0
3	94	320	252	693	11605	290.0	0	1500	0	0	0
3	94	319	251	691	11564	289.0	0	1500	0	0	0
4	94	320	252	693	11605	290.0	0	1500	0	0	1
4	94	319	252	692	11605	288.0	0	1500	0	0	1
4	307	333	275	921	4803	224.0	0	1500	0	0	1
4	307	333	275	921	4803	224.0	0	1500	0	0	1
4	307	333	275	920	4803	224.0	0	1500	0	0	1
4	308	333	275	922	4792	224.0	0	1500	0	0	1
4	307	333	275	920	4803	224.0	0	1500	0	0	1
4	307	333	275	921	4803	224.0	0	1500	0	0	1
4	307	333	275	920	4803	224.0	0	1500	0	0	1
4	307	333	275	922	4803	224.0	0	1500	0	0	1
4	307	334	276	922	4816	225.0	0	1500	0	0	1
4	307	333	275	919	4803	224.0	0	1500	0	0	1
4	307	334	276	923	4816	225.0	0	1500	0	0	1
4	315	333	276	928	4729	221.0	0	1500	0	0	1
4	315	335	277	932	4741	223.0	0	1500	0	0	1
4	314	333	275	927	4727	222.0	0	1500	0	0	1
4	315	335	277	932	4741	223.0	0	1500	0	0	1
4	314	333	275	927	4727	222.0	0	1500	0	0	1
4	315	335	277	931	4741	223.0	0	1500	0	0	1
4	314	333	275	927	4727	222.0	0	1500	0	0	1
4	315	335	277	932	4741	223.0	0	1500	0	0	1
4	313	333	275	925	4738	222.0	0	1500	0	0	1
4	315	335	277	931	4741	223.0	0	1500	0	0	1
4	315	333	275	928	4717	222.0	0	1500	0	0	1
4	315	335	277	932	4741	223.0	0	1500	0	0	1
4	307	332	275	920	4803	223.0	0	1500	0	0	1
4	307	334	276	923	4816	225.0	0	1500	0	0	1
4	306	332	276	919	4827	222.0	0	1500	0	0	0
4	306	332	275	919	4815	223.0	0	1500	0	0	0
4	95	321	253	694	11537	290.0	0	1500	0	0	0
4	94	319	251	691	11564	289.0	0	1500	0	0	0
4	95	321	253	694	11537	290.0	0	1500	0	0	0
4	94	319	251	691	11564	289.0	0	1500	0	0	0
4	94	321	252	694	11605	291.0	0	1500	0	0	0
5	94	319	251	691	11564	289.0	0	1500	131	0	1
5	94	320	252	694	11605	290.0	0	1500	131	0	1
5	307	333	277	922	4828	223.0	0	1500	131	0	1
5	307	338	294	945	5039	218.0	0	1500	131	0	1
5	307	337	294	943	5039	217.0	0	1500	131	0	1
5	307	338	294	945	5039	218.0	0	1500	131	0	1
5	307	337	294	944	5039	217.0	0	1500	131	0	1
5	308	337	294	945	5027	216.0	0	1500	131	0	1
5	307	337	294	944	5039	217.0	0	1500	131	0	1
5	307	337	294	944	5039	217.0	0	1500	131	0	1
5	307	337	294	944	5039	217.0	0	1500	131	0	1
5	308	337	294	944	5027	216.0	0	1500	131	0	1
5	313	337	294	949	4969	215.0	0	1500	131	0	1
5	315	338	294	953	4947	216.0	0	1500	131	0	1
5	314	337	293	950	4946	215.0	0	1500	131	0	1
5	315	338	294	952	4947	216.0	0	1500	131	0	1
5	315	337	293	950	4934	215.0	0	1500	131	0	1
5	316	338	295	954	4947	214.0	0	1500	131	0	1
5	315	337	293	950	4934	215.0	0	1500	131	0	1
5	315	338	294	953	4947	216.0	0	1500	131	0	1
5	315	337	293	950	4934	215.0	0	1500	131	0	1
5	316	338	295	954	4947	214.0	0	1500	131	0	1
5	314	336	293	949	4946	213.0	0	1500	131	0	1
5	315	338	295	954	4959	215.0	0	1500	131	0	1
5	307	336	293	942	5027	216.0	0	1500	131	0	1
5	307	338	295	946	5052	217.0	0	1500	131	0	1
5	307	336	293	941	5027	216.0	0	1500	131	0	1
5	307	338	295	947	5052	217.0	0	1500	131	0	0
5	307	336	293	942	5027	216.0	0	1500	131	0	0
5	307	337	288	938	4965	221.0	0	1500	131	0	0
5	95	321	253	695	11537	290.0	0	1500	131	0	0
5	94	319	251	690	11564	289.0	0	1500	131	0	0
5	95	321	253	695	11537	290.0	0	1500	131	0	0
5	94	319	251	691	11564	289.0	0	1500	131	0	0
6	95	321	253	695	11537	290.0	0	1500	263	0	1
6	94	319	251	691	11564	289.0	0	1500	263	0	1
6	307	336	285	935	4927	222.0	0	1500	263	0	1
6	310	359	398	1075	6282	174.0	0	1500	263	0	1
6	311	360	400	1079	6291	174.0	0	1500	263	0	1
6	310	359	398	1075	6282	174.0	0	1500	263	0	1
6	311	360	399	1078	6279	175.0	0	1500	263	0	1
6	310	359	399	1076	6294	173.0	0	1500	263	0	1
6	310	360	400	1078	6307	174.0	0	1500	263	0	1
6	311	359	398	1076	6266	174.0	0	1500	263	0	1
6	310	359	399	1077	6294	173.0	0	1500	263	0	1
6	310	358	399	1075	6294	172.0	0	1500	263	0	1
6	310	359	398	1076	6282	174.0	0	1500	263	0	1
6	312	358	397	1076	6238	173.0	0	1500	263	0	1
6	317	358	395	1078	6138	173.0	0	1500	263	0	1
6	317	358	395	1078	6138	173.0	0	1500	263	0	1
6	317	359	396	1079	6150	173.0	0	1500	263	0	1
6	318	358	395	1079	6123	172.0	0	1500	263	0	1
6	318	359	395	1079	6123	174.0	0	1500	263	0	1
6	318	358	395	1078	6123	172.0	0	1500	263	0	1
6	318	359	395	1080	6123	174.0	0	1500	263	0	1
6	317	358	395	1077	6138	173.0	0	1500	263	0	1
6	318	359	395	1079	6123	174.0	0	1500	263	0	1
6	318	357	394	1077	6111	171.0	0	1500	263	0	1
6	312	359	399	1078	6263	173.0	0	1500	263	0	1
6	310	358	398	1074	6282	173.0	0	1500	263	0	1
6	310	359	399	1077	6294	173.0	0	1500	263	0	1
6	310	358	398	1074	6282	173.0	0	1500	263	0	0
6	310	360	399	1078	6294	175.0	0	1500	263	0	0
6	308	346	343	1004	5633	195.0	0	1500	263	0	0
6	94	320	252	694	11605	290.0	0	1500	263	0	0
6	94	318	251	690	11564	287.0	0	1500	263	0	0
6	94	318	251	689	11564	287.0	0	1500	263	0	0
6	95	321	253	694	11537	290.0	0	1500	263	0	0
7	94	318	251	689	11564	287.0	0	1500	394	0	1
7	94	321	252	694	11605	291.0	0	1500	394	0	1
7	293	331	273	904	4940	227.0	0	1500	394	0	1
7	317	383	512	1223	7544	126.0	0	1500	394	0	1
7	313	382	513	1220	7635	125.0	0	1500	394	0	1
7	314	384	515	1224	7639	127.0	0	1500	394	0	1
7	313	382	514	1221	7647	125.0	0	1500	394	0	1
7	315	384	514	1224	7607	127.0	0	1500	394	0	1
7	313	382	513	1220	7635	125.0	0	1500	394	0	1
7	314	384	516	1225	7652	126.0	0	1500	394	0	1
7	313	382	514	1220	7647	125.0	0	1500	394	0	1
7	314	384	515	1224	7639	127.0	0	1500	394	0	1
7	313	382	513	1220	7635	125.0	0	1500	394	0	1
7	314	384	516	1225	7652	126.0	0	1500	394	0	1
7	313	382	514	1220	7647	125.0	0	1500	394	0	1
7	321	382	507	1221	7408	127.0	0	1500	394	0	1
7	321	382	507	1221	7408	127.0	0	1500	394	0	1
7	321	381	506	1219	7396	126.0	0	1500	394	0	1
7	322	382	507	1222	7389	127.0	0	1500	394	0	1
7	321	381	507	1220	7408	126.0	0	1500	394	0	1
7	321	382	507	1221	7408	127.0	0	1500	394	0	1
7	322	382	507	1220	7389	127.0	0	1500	394	0	1
7	321	382	507	1220	7408	127.0	0	1500	394	0	1
7	320	382	508	1220	7439	127.0	0	1500	394	0	1
7	321	381	507	1219	7408	126.0	0	1500	394	0	1
7	322	382	507	1221	7389	127.0	0	1500	394	0	1
7	314	383	515	1222	7639	125.0	0	1500	394	0	1
7	315	383	513	1222	7595	126.0	0	1500	394	0	1
7	313	382	514	1221	7647	125.0	0	1500	394	0	0
7	312	368	442	1131	6788	156.0	0	1500	394	0	0
7	94	319	251	691	11564	289.0	0	1500	394	0	0
7	94	320	252	693	11605	290.0	0	1500	394	0	0
7	94	319	251	690	11564	289.0	0	1500	394	0	0
7	94	320	252	693	11605	290.0	0	1500	394	0	0
8	94	320	252	690	11605	290.0	0	1500	526	0	1
8	94	319	251	690	11564	289.0	0	1500	526	0	1
8	306	334	276	921	4827	225.0	0	1500	526	0	1
8	317	408	639	1378	9071	73.0	0	1500	526	0	1
8	318	410	640	1382	9058	75.0	0	1500	526	0	1
8	317	408	640	1380	9083	72.0	0	1500	526	0	1
8	318	410	640	1382	9058	75.0	0	1500	526	0	1
8	317	408	639	1378	9071	73.0	0	1500	526	0	1
8	317	409	641	1382	9095	73.0	0	1500	526	0	1
8	317	407	637	1376	9047	73.0	0	1500	526	0	1
8	318	410	640	1382	9058	75.0	0	1500	526	0	1
8	317	408	639	1378	9071	73.0	0	1500	526	0	1
8	318	410	642	1384	9082	74.0	0	1500	526	0	1
8	318	407	637	1377	9022	72.0	0	1500	526	0	1
8	321	409	634	1378	8916	77.0	0	1500	526	0	1
8	325	406	627	1371	8741	76.0	0	1500	526	0	1
8	325	408	628	1374	8753	78.0	0	1500	526	0	1
8	324	406	628	1372	8775	75.0	0	1500	526	0	1
8	326	408	627	1376	8718	79.0	0	1500	526	0	1
8	325	408	628	1375	8753	78.0	0	1500	526	0	1
8	324	406	627	1370	8764	76.0	0	1500	526	0	1
8	325	408	628	1374	8753	78.0	0	1500	526	0	1
8	324	406	627	1370	8764	76.0	0	1500	526	0	1
8	325	407	628	1374	8753	77.0	0	1500	526	0	1
8	325	406	627	1371	8741	76.0	0	1500	526	0	1
8	318	409	641	1382	9070	73.0	0	1500	526	0	1
8	317	408	639	1378	9071	73.0	0	1500	526	0	1
8	317	409	640	1381	9083	74.0	0	1500	526	0	1
8	317	408	640	1381	9083	72.0	0	1500	526	0	0
8	314	387	534	1248	7870	118.0	0	1500	526	0	0
8	94	319	251	691	11564	289.0	0	1500	526	0	0
8	94	320	252	693	11605	290.0	0	1500	526	0	0
8	94	319	251	691	11564	289.0	0	1500	526	0	0
8	94	320	252	692	11605	290.0	0	1500	526	0	0
8	94	319	252	692	11605	288.0	0	1500	526	0	0
9	94	319	252	692	11605	288.0	0	1500	657	0	1
9	94	319	252	692	11605	288.0	0	1500	657	0	1
9	321	436	769	1544	10518	21.0	0	1500	657	0	1
9	321	435	768	1542	10506	20.0	0	1500	657	0	1
9	321	435	767	1541	10494	21.0	0	1500	657	0	1
9	321	435	767	1540	10494	21.0	0	1500	657	0	1
9	321	436	769	1544	10518	21.0	0	1500	657	0	1
9	321	434	766	1540	10482	20.0	0	1500	657	0	1
9	321	435	767	1542	10494	21.0	0	1500	657	0	1
9	321	435	768	1542	10506	20.0	0	1500	657	0	1
9	321	435	766	1541	10482	21.0	0	1500	657	0	1
9	321	434	766	1539	10482	20.0	0	1500	657	0	1
9	321	436	769	1545	10518	21.0	0	1500	657	0	1
9	321	434	766	1539	10482	20.0	0	1500	657	0	1
9	329	433	751	1530	10087	26.0	0	1500	657	0	1
9	329	431	750	1527	10076	24.0	0	1500	657	0	1
9	328	433	752	1530	10126	26.0	0	1500	657	0	1
9	328	431	750	1526	10102	24.0	0	1500	657	0	1
9	328	434	754	1533	10149	26.0	0	1500	657	0	1
9	328	431	750	1526	10102	24.0	0	1500	657	0	1
9	329	431	750	1526	10076	24.0	0	1500	657	0	1
9	328	433	752	1530	10126	26.0	0	1500	657	0	1
9	328	431	750	1525	10102	24.0	0	1500	657	0	1
9	329	433	752	1531	10099	26.0	0	1500	657	0	1
9	323	433	762	1536	10379	20.0	0	1500	657	0	1
9	322	436	768	1544	10478	21.0	0	1500	657	0	1
9	321	434	766	1539	10482	20.0	0	1500	657	0	1
9	321	437	770	1546	10530	21.0	0	1500	657	0	0
9	316	398	592	1320	8528	92.0	0	1500	657	0	0
9	94	320	252	694	11605	290.0	0	1500	657	0	0
9	94	318	251	690	11564	287.0	0	1500	657	0	0
9	94	320	252	694	11605	290.0	0	1500	657	0	0
9	94	318	251	690	11564	287.0	0	1500	657	0	0
9	94	320	252	694	11605	290.0	0	1500	657	0	0
10	94	318	251	690	11564	287.0	0	1500	789	0	1
10	94	320	252	694	11605	290.0	0	1500	789	0	1
10	273	330	271	883	5173	233.0	0	1500	789	0	1
10	332	459	875	1685	11432	0.0	0	1500	789	0	1
10	325	463	898	1708	11918	0.0	0	1500	789	0	1
10	325	461	894	1702	11871	0.0	0	1500	789	0	1
10	325	462	895	1704	11883	0.0	0	1500	789	0	1
10	325	462	897	1705	11906	0.0	0	1500	789	0	1
10	326	461	892	1701	11815	0.0	0	1500	789	0	1
10	325	461	894	1701	11871	0.0	0	1500	789	0	1
10	325	462	898	1706	11918	0.0	0	1500	789	0	1
10	325	461	895	1702	11883	0.0	0	1500	789	0	1
10	325	462	895	1703	11883	0.0	0	1500	789	0	1
10	325	462	898	1706	11918	0.0	0	1500	789	0	1
10	325	462	895	1702	11883	0.0	0	1500	789	0	1
10	333	458	874	1685	11390	0.0	0	1500	789	0	1
10	331	458	877	1686	11485	0.0	0	1500	789	0	1
10	332	458	875	1685	11432	0.0	0	1500	789	0	1
10	333	457	874	1684	11390	0.0	0	1500	789	0	1
10	332	458	875	1685	11432	0.0	0	1500	789	0	1
10	332	457	874	1683	11420	0.0	0	1500	789	0	1
10	333	458	875	1686	11402	0.0	0	1500	789	0	1
10	332	458	875	1685	11432	0.0	0	1500	789	0	1
10	332	457	874	1683	11420	0.0	0	1500	789	0	1
10	331	459	877	1688	11485	0.0	0	1500	789	0	1
10	332	457	873	1682	11409	0.0	0	1500	789	0	1
10	325	463	897	1706	11906	0.0	0	1500	789	0	1
10	325	461	897	1704	11906	0.0	0	1500	789	0	0
10	321	433	754	1526	10340	27.0	0	1500	789	0	0
10	94	318	251	690	11564	287.0	0	1500	789	0	0
10	94	320	252	694	11605	290.0	0	1500	789	0	0
10	94	318	251	689	11564	287.0	0	1500	789	0	0
10	94	320	252	694	11605	290.0	0	1500	789	0	0
10	94	318	251	689	11564	287.0	0	1500	789	0	0
11	95	321	253	695	11537	290.0	0	1500	921	0	1
11	94	318	251	690	11564	287.0	0	1500	921	0	1
11	289	333	274	904	5003	231.0	0	1500	921	0	1
11	336	482	997	1838	12696	0.0	0	1500	921	0	1
11	329	490	1027	1871	13284	0.0	0	1500	921	0	1
11	328	487	1022	1862	13262	0.0	0	1500	921	0	1
11	329	488	1025	1866	13261	0.0	0	1500	921	0	1
11	329	489	1023	1867	13237	0.0	0	1500	921	0	1
11	328	487	1022	1862	13262	0.0	0	1500	921	0	1
11	329	490	1027	1870	13284	0.0	0	1500	921	0	1
11	328	487	1022	1862	13262	0.0	0	1500	921	0	1
11	329	489	1024	1866	13249	0.0	0	1500	921	0	1
11	329	488	1025	1866	13261	0.0	0	1500	921	0	1
11	329	489	1023	1866	13237	0.0	0	1500	921	0	1
11	334	484	1003	1844	12832	0.0	0	1500	921	0	1
11	336	484	998	1841	12707	0.0	0	1500	921	0	1
11	336	483	997	1839	12696	0.0	0	1500	921	0	1
11	337	484	998	1843	12674	0.0	0	1500	921	0	1
11	336	483	1001	1843	12741	0.0	0	1500	921	0	1
11	336	484	998	1841	12707	0.0	0	1500	921	0	1
11	336	483	998	1840	12707	0.0	0	1500	921	0	1
11	336	484	998	1840	12707	0.0	0	1500	921	0	1
11	335	484	1001	1842	12775	0.0	0	1500	921	0	1
11	337	483	998	1841	12674	0.0	0	1500	921	0	1
11	336	483	998	1839	12707	0.0	0	1500	921	0	1
11	330	487	1019	1861	13155	0.0	0	1500	921	0	1
11	329	489	1026	1868	13272	0.0	0	1500	921	0	1
11	329	488	1023	1864	13237	0.0	0	1500	921	0	0
11	324	454	861	1660	11515	0.0	0	1500	921	0	0
11	94	319	252	692	11605	288.0	0	1500	921	0	0
11	94	319	251	691	11564	289.0	0	1500	921	0	0
11	94	319	252	692	11605	288.0	0	1500	921	0	0
11	94	319	251	691	11564	289.0	0	1500	921	0	0
11	94	320	252	693	11605	290.0	0	1500	921	0	0
12	94	319	251	691	11564	289.0	0	1500	1052	0	1
12	94	320	252	693	11605	290.0	0	1500	1052	0	1
12	285	331	272	896	5027	230.0	0	1500	1052	0	1
12	339	509	1121	1996	13989	0.0	0	1500	1052	0	1
12	333	513	1146	2019	14502	0.0	0	1500	1052	0	1
12	333	516	1153	2030	14582	0.0	0	1500	1052	0	1
12	332	514	1152	2026	14611	0.0	0	1500	1052	0	1
12	333	515	1150	2026	14548	0.0	0	1500	1052	0	1
12	332	514	1150	2024	14588	0.0	0	1500	1052	0	1
12	332	514	1149	2023	14576	0.0	0	1500	1052	0	1
12	333	515	1151	2027	14560	0.0	0	1500	1052	0	1
12	332	514	1153	2028	14622	0.0	0	1500	1052	0	1
12	333	516	1152	2029	14571	0.0	0	1500	1052	0	1
12	332	513	1149	2023	14576	0.0	0	1500	1052	0	1
12	335	514	1143	2020	14390	0.0	0	1500	1052	0	1
12	339	508	1120	1993	13978	0.0	0	1500	1052	0	1
12	340	510	1121	1997	13952	0.0	0	1500	1052	0	1
12	340	508	1120	1993	13941	0.0	0	1500	1052	0	1
12	339	509	1121	1997	13989	0.0	0	1500	1052	0	1
12	339	507	1120	1992	13978	0.0	0	1500	1052	0	1
12	340	510	1125	2001	13997	0.0	0	1500	1052	0	1
12	339	508	1120	1993	13978	0.0	0	1500	1052	0	1
12	340	510	1121	1997	13952	0.0	0	1500	1052	0	1
12	340	508	1120	1994	13941	0.0	0	1500	1052	0	1
12	339	510	1121	1997	13989	0.0	0	1500	1052	0	1
12	339	508	1120	1993	13978	0.0	0	1500	1052	0	1
12	335	515	1147	2024	14435	0.0	0	1500	1052	0	1
12	334	516	1151	2028	14520	0.0	0	1500	1052	0	0
12	325	464	909	1719	12047	0.0	0	1500	1052	0	0
12	94	320	252	694	11605	290.0	0	1500	1052	0	0
12	94	318	251	690	11564	287.0	0	1500	1052	0	0
12	94	320	252	694	11605	290.0	0	1500	1052	0	0
12	94	318	251	690	11564	287.0	0	1500	1052	0	0
12	94	320	252	694	11605	290.0	0	1500	1052	0	0
13	94	319	251	690	11564	289.0	0	1500	1184	0	1
13	94	320	252	693	11605	290.0	0	1500	1184	0	1
13	257	329	269	866	5378	238.0	0	1500	1184	0	1
13	343	535	1245	2152	15220	0.0	0	1500	1184	0	1
13	343	534	1244	2150	15209	0.0	0	1500	1184	0	1
13	340	539	1266	2176	15577	0.0	0	1500	1184	0	1
13	336	542	1282	2191	15927	0.0	0	1500	1184	0	1
13	336	542	1278	2187	15882	0.0	0	1500	1184	0	1
13	336	541	1279	2187	15893	0.0	0	1500	1184	0	1
13	337	542	1283	2193	15896	0.0	0	1500	1184	0	1
13	336	541	1278	2186	15882	0.0	0	1500	1184	0	1
13	336	542	1283	2192	15939	0.0	0	1500	1184	0	1
13	336	541	1279	2188	15893	0.0	0	1500	1184	0	1
13	336	541	1278	2187	15882	0.0	0	1500	1184	0	1
13	337	541	1278	2187	15839	0.0	0	1500	1184	0	1
13	336	542	1280	2189	15905	0.0	0	1500	1184	0	1
13	344	534	1244	2152	15169	0.0	0	1500	1184	0	1
13	343	535	1245	2152	15220	0.0	0	1500	1184	0	1
13	342	535	1248	2155	15294	0.0	0	1500	1184	0	1
13	344	535	1245	2153	15180	0.0	0	1500	1184	0	1
13	343	534	1244	2150	15209	0.0	0	1500	1184	0	1
13	343	535	1245	2152	15220	0.0	0	1500	1184	0	1
13	343	534	1244	2151	15209	0.0	0	1500	1184	0	1
13	344	536	1245	2154	15180	0.0	0	1500	1184	0	1
13	343	535	1244	2151	15209	0.0	0	1500	1184	0	1
13	344	536	1246	2155	15191	0.0	0	1500	1184	0	1
13	344	534	1244	2152	15169	0.0	0	1500	1184	0	1
13	343	537	1250	2160	15275	0.0	0	1500	1184	0	0
13	336	541	1278	2186	15882	0.0	0	1500	1184	0	0
13	94	320	252	692	11605	290.0	0	1500	1184	0	0
13	95	321	253	696	11537	290.0	0	1500	1184	0	0
13	94	319	251	692	11564	289.0	0	1500	1184	0	0
13	95	321	253	696	11537	290.0	0	1500	1184	0	0
13	94	319	251	692	11564	289.0	0	1500	1184	0	0
14	95	321	253	696	11537	290.0	0	1500	1315	0	1
14	94	319	251	691	11564	289.0	0	1500	1315	0	1
14	271	333	273	886	5229	237.0	0	1500	1315	0	1
14	347	560	1367	2307	16400	0.0	0	1500	1315	0	1
14	347	563	1372	2315	16455	0.0	0	1500	1315	0	1
14	340	568	1408	2351	17168	0.0	0	1500	1315	0	1
14	341	570	1407	2352	17111	0.0	0	1500	1315	0	1
14	340	568	1409	2352	17180	0.0	0	1500	1315	0	1
14	342	569	1405	2351	17043	0.0	0	1500	1315	0	1
14	340	567	1405	2347	17135	0.0	0	1500	1315	0	1
14	341	570	1410	2356	17144	0.0	0	1500	1315	0	1
14	340	568	1408	2351	17168	0.0	0	1500	1315	0	1
14	341	570	1407	2352	17111	0.0	0	1500	1315	0	1
14	341	570	1410	2355	17144	0.0	0	1500	1315	0	1
14	340	568	1406	2348	17146	0.0	0	1500	1315	0	1
14	345	564	1378	2321	16608	0.0	0	1500	1315	0	1
14	347	560	1367	2307	16400	0.0	0	1500	1315	0	1
14	348	562	1369	2311	16379	0.0	0	1500	1315	0	1
14	347	560	1368	2307	16411	0.0	0	1500	1315	0	1
14	347	562	1369	2310	16422	0.0	0	1500	1315	0	1
14	347	560	1368	2308	16411	0.0	0	1500	1315	0	1
14	347	561	1368	2310	16411	0.0	0	1500	1315	0	1
14	347	560	1368	2307	16411	0.0	0	1500	1315	0	1
14	348	561	1368	2310	16368	0.0	0	1500	1315	0	1
14	346	561	1372	2313	16498	0.0	0	1500	1315	0	1
14	347	561	1368	2309	16411	0.0	0	1500	1315	0	1
14	347	561	1368	2308	16411	0.0	0	1500	1315	0	1
14	341	569	1409	2354	17133	0.0	0	1500	1315	0	1
14	341	568	1405	2348	17089	0.0	0	1500	1315	0	0
14	336	537	1255	2159	15621	0.0	0	1500	1315	0	0
14	94	320	252	694	11605	290.0	0	1500	1315	0	0
14	94	320	252	694	11605	290.0	0	1500	1315	0	0
14	94	320	252	693	11605	290.0	0	1500	1315	0	0
14	94	320	252	694	11605	290.0	0	1500	1315	0	0
15	94	320	252	693	11605	290.0	0	1500	1447	0	1
15	95	321	252	694	11497	291.0	0	1500	1447	0	1
15	268	331	271	879	5243	237.0	0	1500	1447	0	1
15	351	587	1492	2466	17586	0.0	0	1500	1447	0	1
15	351	586	1492	2465	17586	0.0	0	1500	1447	0	1
15	345	597	1540	2520	18397	0.0	0	1500	1447	0	1
15	345	594	1531	2507	18298	0.0	0	1500	1447	0	1
15	344	596	1536	2513	18403	0.0	0	1500	1447	0	1
15	344	595	1539	2516	18436	0.0	0	1500	1447	0	1
15	344	596	1538	2517	18425	0.0	0	1500	1447	0	1
15	345	593	1529	2504	18276	0.0	0	1500	1447	0	1
15	345	597	1540	2519	18397	0.0	0	1500	1447	0	1
15	344	595	1537	2514	18414	0.0	0	1500	1447	0	1
15	345	596	1536	2515	18353	0.0	0	1500	1447	0	1
15	344	595	1539	2516	18436	0.0	0	1500	1447	0	1
15	345	597	1539	2518	18386	0.0	0	1500	1447	0	1
15	351	588	1493	2468	17597	0.0	0	1500	1447	0	1
15	350	586	1492	2463	17632	0.0	0	1500	1447	0	1
15	351	588	1493	2469	17597	0.0	0	1500	1447	0	1
15	351	586	1492	2464	17586	0.0	0	1500	1447	0	1
15	351	588	1493	2468	17597	0.0	0	1500	1447	0	1
15	351	586	1492	2464	17586	0.0	0	1500	1447	0	1
15	352	589	1499	2475	17615	0.0	0	1500	1447	0	1
15	350	586	1492	2463	17632	0.0	0	1500	1447	0	1
15	352	588	1493	2469	17551	0.0	0	1500	1447	0	1
15	351	586	1492	2464	17586	0.0	0	1500	1447	0	1
15	350	589	1499	2474	17708	0.0	0	1500	1447	0	1
15	345	594	1534	2510	18331	0.0	0	1500	1447	0	1
15	344	596	1538	2516	18425	0.0	0	1500	1447	0	0
15	336	542	1284	2194	15950	0.0	0	1500	1447	0	0
15	95	321	253	695	11537	290.0	0	1500	1447	0	0
15	94	319	251	692	11564	289.0	0	1500	1447	0	0
15	95	321	253	695	11537	290.0	0	1500	1447	0	0
15	94	320	252	692	11605	290.0	0	1500	1447	0	0
15	94	320	252	692	11605	290.0	0	1500	1447	0	0
16	95	321	253	695	11537	290.0	0	1500	1578	0	1
16	240	329	268	850	5645	245.0	0	1500	1578	0	1
16	355	613	1616	2623	18734	0.0	0	1500	1578	0	1
16	355	612	1616	2621	18734	0.0	0	1500	1578	0	1
16	355	613	1617	2624	18745	0.0	0	1500	1578	0	1
16	350	620	1657	2667	19428	0.0	0	1500	1578	0	1
16	348	622	1664	2675	19608	0.0	0	1500	1578	0	1
16	348	622	1664	2675	19608	0.0	0	1500	1578	0	1
16	348	623	1669	2682	19663	0.0	0	1500	1578	0	1
16	348	622	1664	2675	19608	0.0	0	1500	1578	0	1
16	348	622	1664	2674	19608	0.0	0	1500	1578	0	1
16	348	623	1669	2681	19663	0.0	0	1500	1578	0	1
16	348	621	1659	2669	19554	0.0	0	1500	1578	0	1
16	348	622	1663	2675	19597	0.0	0	1500	1578	0	1
16	348	623	1668	2680	19652	0.0	0	1500	1578	0	1
16	348	623	1666	2678	19630	0.0	0	1500	1578	0	1
16	349	621	1657	2667	19480	0.0	0	1500	1578	0	1
16	354	613	1617	2623	18794	0.0	0	1500	1578	0	1
16	355	614	1617	2625	18745	0.0	0	1500	1578	0	1
16	354	613	1621	2627	18837	0.0	0	1500	1578	0	1
16	354	613	1617	2623	18794	0.0	0	1500	1578	0	1
16	355	612	1616	2621	18734	0.0	0	1500	1578	0	1
16	355	613	1617	2624	18745	0.0	0	1500	1578	0	1
16	353	612	1615	2619	18822	0.0	0	1500	1578	0	1
16	355	614	1617	2625	18745	0.0	0	1500	1578	0	1
16	354	612	1616	2620	18783	0.0	0	1500	1578	0	1
16	354	614	1617	2624	18794	0.0	0	1500	1578	0	1
16	355	612	1615	2620	18723	0.0	0	1500	1578	0	0
16	346	603	1569	2556	18668	0.0	0	1500	1578	0	0
16	94	319	252	692	11605	288.0	0	1500	1578	0	0
16	95	322	253	697	11537	292.0	0	1500	1578	0	0
16	94	320	252	692	11605	290.0	0	1500	1578	0	0
16	95	322	253	697	11537	292.0	0	1500	1578	0	0
16	94	319	252	692	11605	288.0	0	1500	1578	0	0
17	95	322	253	697	11537	292.0	0	1500	1710	0	1
17	255	332	271	869	5440	242.0	0	1500	1710	0	1
17	358	638	1740	2779	19908	0.0	0	1500	1710	0	1
17	358	640	1742	2782	19930	0.0	0	1500	1710	0	1
17	356	642	1760	2800	20226	0.0	0	1500	1710	0	1
17	352	651	1796	2843	20830	0.0	0	1500	1710	0	1
17	352	650	1798	2843	20852	0.0	0	1500	1710	0	1
17	352	650	1794	2841	20809	0.0	0	1500	1710	0	1
17	352	649	1794	2838	20809	0.0	0	1500	1710	0	1
17	353	650	1793	2841	20743	0.0	0	1500	1710	0	1
17	352	649	1793	2837	20798	0.0	0	1500	1710	0	1
17	352	650	1794	2841	20809	0.0	0	1500	1710	0	1
17	352	650	1798	2844	20852	0.0	0	1500	1710	0	1
17	352	650	1795	2842	20819	0.0	0	1500	1710	0	1
17	352	649	1793	2837	20798	0.0	0	1500	1710	0	1
17	352	651	1799	2847	20863	0.0	0	1500	1710	0	1
17	357	639	1743	2781	19992	0.0	0	1500	1710	0	1
17	358	641	1748	2789	19994	0.0	0	1500	1710	0	1
17	358	638	1741	2779	19919	0.0	0	1500	1710	0	1
17	359	639	1741	2780	19867	0.0	0	1500	1710	0	1
17	358	639	1741	2781	19919	0.0	0	1500	1710	0	1
17	358	639	1741	2780	19919	0.0	0	1500	1710	0	1
17	359	639	1741	2781	19867	0.0	0	1500	1710	0	1
17	358	639	1741	2780	19919	0.0	0	1500	1710	0	1
17	358	639	1741	2780	19919	0.0	0	1500	1710	0	1
17	358	640	1748	2788	19994	0.0	0	1500	1710	0	1
17	358	638	1741	2780	19919	0.0	0	1500	1710	0	1
17	352	650	1798	2845	20852	0.0	0	1500	1710	0	0
17	349	630	1701	2722	19960	0.0	0	1500	1710	0	0
17	95	321	253	695	11537	290.0	0	1500	1710	0	0
17	94	320	252	693	11605	290.0	0	1500	1710	0	0
17	95	321	253	696	11537	290.0	0	1500	1710	0	0
17	94	320	252	693	11605	290.0	0	1500	1710	0	0
17	95	321	253	696	11537	290.0	0	1500	1710	0	0
18	94	320	252	693	11605	290.0	0	1500	1842	0	1
18	95	321	253	696	11537	290.0	0	1500	1842	0	1
18	252	330	269	862	5458	242.0	0	1500	1842	0	1
18	362	665	1873	2940	21104	0.0	0	1500	1842	0	1
18	362	666	1867	2940	21040	0.0	0	1500	1842	0	1
18	356	676	1924	3003	21982	0.0	0	1500	1842	0	1
18	356	678	1925	3006	21992	0.0	0	1500	1842	0	1
18	356	675	1922	3000	21960	0.0	0	1500	1842	0	1
18	356	678	1925	3007	21992	0.0	0	1500	1842	0	1
18	356	676	1924	3002	21982	0.0	0	1500	1842	0	1
18	356	679	1930	3013	22046	0.0	0	1500	1842	0	1
18	356	674	1916	2993	21896	0.0	0	1500	1842	0	1
18	356	678	1926	3007	22003	0.0	0	1500	1842	0	1
18	356	677	1928	3008	22024	0.0	0	1500	1842	0	1
18	356	678	1924	3006	21982	0.0	0	1500	1842	0	1
18	356	676	1925	3004	21992	0.0	0	1500	1842	0	1
18	359	671	1894	2971	21491	0.0	0	1500	1842	0	1
18	362	664	1866	2937	21030	0.0	0	1500	1842	0	1
18	363	666	1868	2941	20997	0.0	0	1500	1842	0	1
18	361	664	1866	2935	21084	0.0	0	1500	1842	0	1
18	363	666	1867	2941	20986	0.0	0	1500	1842	0	1
18	362	664	1867	2937	21040	0.0	0	1500	1842	0	1
18	362	664	1866	2938	21030	0.0	0	1500	1842	0	1
18	363	666	1867	2941	20986	0.0	0	1500	1842	0	1
18	362	664	1866	2937	21030	0.0	0	1500	1842	0	1
18	363	666	1867	2941	20986	0.0	0	1500	1842	0	1
18	362	665	1866	2938	21030	0.0	0	1500	1842	0	1
18	356	678	1928	3010	22024	0.0	0	1500	1842	0	0
18	350	633	1717	2742	20081	0.0	0	1500	1842	0	0
18	95	321	253	696	11537	290.0	0	1500	1842	0	0
18	95	321	252	694	11497	291.0	0	1500	1842	0	0
18	95	321	253	695	11537	290.0	0	1500	1842	0	0
18	95	321	253	695	11537	290.0	0	1500	1842	0	0
18	95	321	253	695	11537	290.0	0	1500	1842	0	0
19	95	321	253	695	11537	290.0	0	1500	1973	0	1
19	95	321	252	694	11497	291.0	0	1500	1973	0	1
19	223	329	267	833	5952	251.0	0	1500	1973	0	1
19	366	690	1991	3096	22116	0.0	0	1500	1973	0	1
19	366	691	1992	3097	22127	0.0	0	1500	1973	0	1
19	365	690	1991	3095	22173	0.0	0	1500	1973	0	1
19	360	703	2053	3166	23118	0.0	0	1500	1973	0	1
19	360	705	2059	3175	23182	0.0	0	1500	1973	0	1
19	360	703	2053	3166	23118	0.0	0	1500	1973	0	1
19	361	704	2054	3170	23068	0.0	0	1500	1973	0	1
19	360	704	2058	3172	23171	0.0	0	1500	1973	0	1
19	360	704	2054	3170	23129	0.0	0	1500	1973	0	1
19	360	702	2052	3165	23108	0.0	0	1500	1973	0	1
19	360	705	2059	3176	23182	0.0	0	1500	1973	0	1
19	360	703	2054	3167	23129	0.0	0	1500	1973	0	1
19	360	705	2054	3169	23129	0.0	0	1500	1973	0	1
19	360	704	2057	3172	23160	0.0	0	1500	1973	0	1
19	360	705	2056	3171	23150	0.0	0	1500	1973	0	1
19	366	690	1991	3095	22116	0.0	0	1500	1973	0	1
19	366	692	1992	3099	22127	0.0	0	1500	1973	0	1
19	365	690	1991	3094	22173	0.0	0	1500	1973	0	1
19	367	692	1992	3100	22070	0.0	0	1500	1973	0	1
19	365	692	1998	3104	22246	0.0	0	1500	1973	0	1
19	366	692	1992	3099	22127	0.0	0	1500	1973	0	1
19	366	692	1992	3099	22127	0.0	0	1500	1973	0	1
19	365	692	1998	3104	22246	0.0	0	1500	1973	0	1
19	367	692	1992	3099	22070	0.0	0	1500	1973	0	1
19	365	690	1991	3094	22173	0.0	0	1500	1973	0	0
19	366	692	1992	3099	22127	0.0	0	1500	1973	0	0
19	94	320	252	694	11605	290.0	0	1500	1973	0	0
19	95	322	253	697	11537	292.0	0	1500	1973	0	0
19	95	320	252	694	11497	289.0	0	1500	1973	0	0
19	95	322	253	697	11537	292.0	0	1500	1973	0	0
19	95	320	252	694	11497	289.0	0	1500	1973	0	0
20	95	322	253	697	11537	292.0	0	1500	2105	0	1
20	95	321	252	694	11497	291.0	0	1500	2105	0	1
20	239	331	269	851	5679	247.0	0	1500	2105	0	1
20	370	717	2117	3256	23190	0.0	0	1500	2105	0	1
20	370	718	2118	3258	23200	0.0	0	1500	2105	0	1
20	369	717	2118	3256	23259	0.0	0	1500	2105	0	1
20	367	726	2158	3304	23794	0.0	0	1500	2105	0	1
20	364	731	2187	3336	24282	0.0	0	1500	2105	0	1
20	364	731	2183	3331	24240	0.0	0	1500	2105	0	1
20	364	731	2186	3336	24271	0.0	0	1500	2105	0	1
20	364	732	2188	3339	24292	0.0	0	1500	2105	0	1
20	364	729	2174	3321	24146	0.0	0	1500	2105	0	1
20	364	732	2187	3336	24282	0.0	0	1500	2105	0	1
20	364	731	2188	3337	24292	0.0	0	1500	2105	0	1
20	364	731	2183	3332	24240	0.0	0	1500	2105	0	1
20	365	731	2186	3335	24209	0.0	0	1500	2105	0	1
20	364	732	2189	3340	24303	0.0	0	1500	2105	0	1
20	370	717	2117	3255	23190	0.0	0	1500	2105	0	1
20	370	718	2118	3258	23200	0.0	0	1500	2105	0	1
20	368	718	2125	3264	23391	0.0	0	1500	2105	0	1
20	370	718	2118	3258	23200	0.0	0	1500	2105	0	1
20	370	716	2117	3255	23190	0.0	0	1500	2105	0	1
20	370	718	2118	3258	23200	0.0	0	1500	2105	0	1
20	370	716	2117	3254	23190	0.0	0	1500	2105	0	1
20	370	718	2118	3258	23200	0.0	0	1500	2105	0	1
20	369	716	2117	3253	23249	0.0	0	1500	2105	0	1
20	369	716	2117	3254	23249	0.0	0	1500	2105	0	1
20	370	720	2127	3268	23293	0.0	0	1500	2105	0	0
20	363	730	2182	3329	24292	0.0	0	1500	2105	0	0
20	95	322	254	698	11577	291.0	0	1500	2105	0	0
20	94	320	252	693	11605	290.0	0	1500	2105	0	0
20	95	322	254	698	11577	291.0	0	1500	2105	0	0
20	94	320	252	693	11605	290.0	0	1500	2105	0	0
20	95	322	254	698	11577	291.0	0	1500	2105	0	0
21	94	320	252	693	11605	290.0	0	1500	2236	0	1
21	95	322	254	698	11577	291.0	0	1500	2236	0	1
21	236	329	268	845	5717	246.0	0	1500	2236	0	1
21	374	745	2244	3418	24251	0.0	0	1500	2236	0	1
21	373	743	2243	3413	24302	0.0	0	1500	2236	0	1
21	374	745	2244	3417	24251	0.0	0	1500	2236	0	1
21	373	748	2269	3445	24567	0.0	0	1500	2236	0	1
21	368	760	2319	3505	25400	0.0	0	1500	2236	0	1
21	368	758	2317	3499	25379	0.0	0	1500	2236	0	1
21	368	759	2314	3498	25348	0.0	0	1500	2236	0	1
21	368	759	2317	3502	25379	0.0	0	1500	2236	0	1
21	368	758	2314	3496	25348	0.0	0	1500	2236	0	1
21	368	760	2320	3506	25410	0.0	0	1500	2236	0	1
21	368	756	2307	3489	25275	0.0	0	1500	2236	0	1
21	368	758	2315	3498	25358	0.0	0	1500	2236	0	1
21	368	759	2320	3504	25410	0.0	0	1500	2236	0	1
21	368	759	2316	3499	25369	0.0	0	1500	2236	0	1
21	373	745	2252	3425	24394	0.0	0	1500	2236	0	1
21	373	744	2243	3415	24302	0.0	0	1500	2236	0	1
21	374	744	2244	3416	24251	0.0	0	1500	2236	0	1
21	374	744	2243	3415	24240	0.0	0	1500	2236	0	1
21	372	746	2252	3425	24455	0.0	0	1500	2236	0	1
21	374	743	2243	3415	24240	0.0	0	1500	2236	0	1
21	374	744	2244	3416	24251	0.0	0	1500	2236	0	1
21	373	743	2243	3414	24302	0.0	0	1500	2236	0	1
21	374	744	2244	3416	24251	0.0	0	1500	2236	0	1
21	374	743	2243	3414	24240	0.0	0	1500	2236	0	1
21	373	744	2244	3416	24312	0.0	0	1500	2236	0	0
21	373	743	2243	3414	24302	0.0	0	1500	2236	0	0
21	95	320	252	694	11497	289.0	0	1500	2236	0	0
21	95	322	253	697	11537	292.0	0	1500	2236	0	0
21	94	320	252	694	11605	290.0	0	1500	2236	0	0
21	95	322	254	697	11577	291.0	0	1500	2236	0	0
21	94	320	252	693	11605	290.0	0	1500	2236	0	0
22	95	322	254	698	11577	291.0	0	1500	2368	0	1
22	94	320	252	693	11605	290.0	0	1500	2368	0	1
22	209	330	266	821	6240	258.0	0	1500	2368	0	1
22	377	769	2369	3573	25332	0.0	0	1500	2368	0	1
22	377	773	2381	3588	25453	0.0	0	1500	2368	0	1
22	377	769	2370	3574	25342	0.0	0	1500	2368	0	1
22	378	771	2371	3578	25289	0.0	0	1500	2368	0	1
22	377	769	2370	3573	25342	0.0	0	1500	2368	0	1
22	372	784	2437	3654	26350	0.0	0	1500	2368	0	1
22	371	785	2447	3664	26520	0.0	0	1500	2368	0	1
22	372	787	2452	3672	26504	0.0	0	1500	2368	0	1
22	371	784	2445	3661	26500	0.0	0	1500	2368	0	1
22	373	785	2440	3658	26314	0.0	0	1500	2368	0	1
22	372	786	2446	3664	26442	0.0	0	1500	2368	0	1
22	371	785	2448	3664	26530	0.0	0	1500	2368	0	1
22	372	787	2451	3670	26493	0.0	0	1500	2368	0	1
22	371	784	2444	3659	26489	0.0	0	1500	2368	0	1
22	372	787	2450	3669	26483	0.0	0	1500	2368	0	1
22	371	785	2450	3667	26551	0.0	0	1500	2368	0	1
22	377	771	2371	3576	25352	0.0	0	1500	2368	0	1
22	377	769	2370	3573	25342	0.0	0	1500	2368	0	1
22	377	770	2371	3576	25352	0.0	0	1500	2368	0	1
22	377	769	2370	3574	25342	0.0	0	1500	2368	0	1
22	377	770	2371	3576	25352	0.0	0	1500	2368	0	1
22	377	769	2370	3574	25342	0.0	0	1500	2368	0	1
22	378	770	2371	3576	25289	0.0	0	1500	2368	0	1
22	377	769	2370	3573	25342	0.0	0	1500	2368	0	1
22	377	770	2370	3575	25342	0.0	0	1500	2368	0	1
22	377	771	2379	3586	25433	0.0	0	1500	2368	0	0
22	377	770	2370	3575	25342	0.0	0	1500	2368	0	0
22	100	321	253	701	11030	289.0	0	1500	2368	0	0
22	95	321	253	695	11537	290.0	0	1500	2368	0	0
22	95	321	252	694	11497	291.0	0	1500	2368	0	0
22	95	321	253	696	11537	290.0	0	1500	2368	0	0
23	95	320	252	694	11497	289.0	0	1500	2500	0	1
23	95	321	253	696	11537	290.0	0	1500	2500	0	1
23	223	328	266	832	5935	250.0	0	1500	2500	0	1
23	381	797	2498	3737	26371	0.0	0	1500	2500	0	1
23	381	796	2497	3735	26361	0.0	0	1500	2500	0	1
23	381	797	2498	3737	26371	0.0	0	1500	2500	0	1
23	381	796	2497	3734	26361	0.0	0	1500	2500	0	1
23	377	813	2577	3831	27434	0.0	0	1500	2500	0	1
23	375	813	2582	3834	27624	0.0	0	1500	2500	0	1
23	376	814	2582	3836	27554	0.0	0	1500	2500	0	1
23	375	811	2577	3827	27573	0.0	0	1500	2500	0	1
23	376	815	2584	3839	27574	0.0	0	1500	2500	0	1
23	375	812	2580	3831	27603	0.0	0	1500	2500	0	1
23	376	814	2579	3832	27523	0.0	0	1500	2500	0	1
23	375	810	2573	3822	27532	0.0	0	1500	2500	0	1
23	375	811	2577	3827	27573	0.0	0	1500	2500	0	1
23	376	815	2584	3839	27574	0.0	0	1500	2500	0	1
23	376	810	2569	3818	27422	0.0	0	1500	2500	0	1
23	381	797	2499	3738	26381	0.0	0	1500	2500	0	1
23	380	795	2497	3733	26426	0.0	0	1500	2500	0	1
23	381	797	2499	3738	26381	0.0	0	1500	2500	0	1
23	380	797	2507	3745	26526	0.0	0	1500	2500	0	1
23	381	797	2498	3737	26371	0.0	0	1500	2500	0	1
23	381	795	2497	3734	26361	0.0	0	1500	2500	0	1
23	381	797	2498	3737	26371	0.0	0	1500	2500	0	1
23	379	795	2497	3732	26492	0.0	0	1500	2500	0	1
23	381	797	2498	3738	26371	0.0	0	1500	2500	0	1
23	381	795	2497	3734	26361	0.0	0	1500	2500	0	1
