Stim	R	G	B	C	Temp	HueLux	Yellow	Red	Blue	Blue2	Trig
1	94	320	252	692	11605	290.0	1800	0	0	0	1
1	300	474	293	1128	5112	436.0	1800	0	0	0	1
1	749	812	386	2084	3354	755.0	1800	0	0	0	1
1	747	810	385	2077	3354	754.0	1800	0	0	0	1
1	747	810	386	2079	3359	753.0	1800	0	0	0	1
1	747	810	385	2079	3354	754.0	1800	0	0	0	1
1	747	811	386	2079	3359	755.0	1800	0	0	0	1
1	746	809	385	2076	3357	752.0	1800	0	0	0	1
1	746	810	385	2077	3357	754.0	1800	0	0	0	1
1	746	810	385	2077	3357	754.0	1800	0	0	0	1
1	747	810	385	2077	3354	754.0	1800	0	0	0	1
1	747	810	386	2079	3359	753.0	1800	0	0	0	1
1	746	809	385	2076	3357	752.0	1800	0	0	0	1
1	747	810	386	2079	3359	753.0	1800	0	0	0	1
1	747	810	385	2078	3354	754.0	1800	0	0	0	1
1	746	810	386	2077	3362	753.0	1800	0	0	0	1
1	747	810	386	2078	3359	753.0	1800	0	0	0	1
1	747	810	386	2079	3359	753.0	1800	0	0	0	1
1	746	809	385	2076	3357	752.0	1800	0	0	0	1
1	746	810	385	2078	3357	754.0	1800	0	0	0	1
1	747	810	386	2079	3359	753.0	1800	0	0	0	1
1	746	809	385	2076	3357	752.0	1800	0	0	0	1
1	746	809	385	2077	3357	752.0	1800	0	0	0	1
1	747	810	385	2079	3354	754.0	1800	0	0	0	1
1	746	810	385	2077	3357	754.0	1800	0	0	0	1
1	746	809	385	2076	3357	752.0	1800	0	0	0	1
1	746	810	385	2077	3357	754.0	1800	0	0	0	1
1	746	810	386	2077	3362	753.0	1800	0	0	0	0
1	393	543	312	1325	4415	501.0	1800	0	0	0	0
1	94	319	251	691	11564	289.0	1800	0	0	0	0
1	94	318	251	689	11564	287.0	1800	0	0	0	0
1	94	319	251	691	11564	289.0	1800	0	0	0	0
1	94	318	251	689	11564	287.0	1800	0	0	0	0
1	94	320	252	692	11605	290.0	1800	0	0	0	0
2	94	319	251	690	11564	289.0	1800	0	0	0	1
2	320	490	298	1172	4939	451.0	1800	0	0	0	1
2	746	809	385	2076	3357	752.0	1800	0	0	0	1
2	746	810	386	2079	3362	753.0	1800	0	0	0	1
2	747	810	385	2078	3354	754.0	1800	0	0	0	1
2	746	811	386	2079	3362	755.0	1800	0	0	0	1
2	746	809	385	2075	3357	752.0	1800	0	0	0	1
2	747	811	386	2081	3359	755.0	1800	0	0	0	1
2	746	809	385	2076	3357	752.0	1800	0	0	0	1
2	746	810	386	2078	3362	753.0	1800	0	0	0	1
2	747	811	386	2080	3359	755.0	1800	0	0	0	1
2	746	809	385	2075	3357	752.0	1800	0	0	0	1
2	747	811	386	2079	3359	755.0	1800	0	0	0	1
2	747	809	385	2077	3354	752.0	1800	0	0	0	1
2	746	811	386	2079	3362	755.0	1800	0	0	0	1
2	746	809	385	2075	3357	752.0	1800	0	0	0	1
2	747	811	386	2081	3359	755.0	1800	0	0	0	1
2	746	809	385	2075	3357	752.0	1800	0	0	0	1
2	746	811	386	2079	3362	755.0	1800	0	0	0	1
2	747	809	385	2077	3354	752.0	1800	0	0	0	1
2	746	811	386	2080	3362	755.0	1800	0	0	0	1
2	745	809	385	2074	3359	753.0	1800	0	0	0	1
2	747	811	386	2081	3359	755.0	1800	0	0	0	1
2	746	809	385	2076	3357	752.0	1800	0	0	0	1
2	746	811	386	2079	3362	755.0	1800	0	0	0	1
2	746	809	385	2076	3357	752.0	1800	0	0	0	1
2	747	811	386	2080	3359	755.0	1800	0	0	0	1
2	745	808	385	2074	3359	751.0	1800	0	0	0	0
2	396	546	313	1332	4402	504.0	1800	0	0	0	0
2	94	320	252	693	11605	290.0	1800	0	0	0	0
2	94	318	251	689	11564	287.0	1800	0	0	0	0
2	94	320	252	693	11605	290.0	1800	0	0	0	0
2	94	318	250	688	11523	288.0	1800	0	0	0	0
2	94	320	252	693	11605	290.0	1800	0	0	0	0
3	94	318	251	689	11564	287.0	1800	0	0	0	1
3	316	487	298	1164	4983	447.0	1800	0	0	0	1
3	746	809	385	2075	3357	752.0	1800	0	0	0	1
3	747	812	387	2082	3364	755.0	1800	0	0	0	1
3	746	809	385	2076	3357	752.0	1800	0	0	0	1
3	746	811	386	2079	3362	755.0	1800	0	0	0	1
3	746	809	385	2077	3357	752.0	1800	0	0	0	1
3	747	811	386	2081	3359	755.0	1800	0	0	0	1
3	745	809	385	2074	3359	753.0	1800	0	0	0	1
3	747	811	386	2080	3359	755.0	1800	0	0	0	1
3	746	809	385	2077	3357	752.0	1800	0	0	0	1
3	746	811	386	2079	3362	755.0	1800	0	0	0	1
3	747	812	387	2076	3364	755.0	1800	0	0	0	1
3	746	809	385	2075	3357	752.0	1800	0	0	0	1
3	746	811	386	2079	3362	755.0	1800	0	0	0	1
3	747	810	385	2077	3354	754.0	1800	0	0	0	1
3	746	811	386	2079	3362	755.0	1800	0	0	0	1
3	745	809	385	2075	3359	753.0	1800	0	0	0	1
3	747	811	386	2081	3359	755.0	1800	0	0	0	1
3	746	809	385	2077	3357	752.0	1800	0	0	0	1
3	746	810	386	2078	3362	753.0	1800	0	0	0	1
3	746	810	385	2077	3357	754.0	1800	0	0	0	1
3	747	811	386	2080	3359	755.0	1800	0	0	0	1
3	745	809	385	2075	3359	753.0	1800	0	0	0	1
3	746	811	386	2079	3362	755.0	1800	0	0	0	1
3	746	810	385	2078	3357	754.0	1800	0	0	0	1
3	746	810	386	2078	3362	753.0	1800	0	0	0	1
3	746	809	385	2077	3357	752.0	1800	0	0	0	0
3	747	811	386	2080	3359	755.0	1800	0	0	0	0
3	376	531	309	1290	4522	489.0	1800	0	0	0	0
3	94	320	251	692	11564	290.0	1800	0	0	0	0
3	94	320	252	692	11605	290.0	1800	0	0	0	0
3	94	319	251	691	11564	289.0	1800	0	0	0	0
3	94	320	252	692	11605	290.0	1800	0	0	0	0
4	94	319	251	691	11564	289.0	1800	0	0	0	1
4	94	319	251	691	11564	289.0	1800	0	0	0	1
4	415	561	317	1374	4301	518.0	1800	0	0	0	1
4	415	561	317	1374	4301	518.0	1800	0	0	0	1
4	415	561	317	1373	4301	518.0	1800	0	0	0	1
4	416	562	318	1377	4303	519.0	1800	0	0	0	1
4	415	561	317	1373	4301	518.0	1800	0	0	0	1
4	427	570	320	1399	4246	526.0	1800	0	0	0	1
4	426	570	320	1399	4252	527.0	1800	0	0	0	1
4	426	569	320	1397	4252	525.0	1800	0	0	0	1
4	427	571	320	1400	4246	528.0	1800	0	0	0	1
4	426	569	320	1398	4252	525.0	1800	0	0	0	1
4	427	571	320	1400	4246	528.0	1800	0	0	0	1
4	427	570	320	1400	4246	526.0	1800	0	0	0	1
4	426	570	320	1399	4252	527.0	1800	0	0	0	1
4	428	571	320	1402	4239	528.0	1800	0	0	0	1
4	426	569	320	1398	4252	525.0	1800	0	0	0	1
4	427	570	320	1399	4246	526.0	1800	0	0	0	1
4	415	560	317	1373	4301	517.0	1800	0	0	0	1
4	415	562	318	1375	4310	519.0	1800	0	0	0	1
4	415	560	317	1372	4301	517.0	1800	0	0	0	1
4	415	561	318	1375	4310	517.0	1800	0	0	0	1
4	415	560	317	1372	4301	517.0	1800	0	0	0	1
4	415	562	318	1375	4310	519.0	1800	0	0	0	1
4	415	560	317	1372	4301	517.0	1800	0	0	0	1
4	417	563	318	1378	4296	520.0	1800	0	0	0	1
4	414	560	317	1371	4308	517.0	1800	0	0	0	1
4	415	562	318	1376	4310	519.0	1800	0	0	0	0
4	415	560	317	1372	4301	517.0	1800	0	0	0	0
4	415	562	318	1376	4310	519.0	1800	0	0	0	0
4	94	318	251	689	11564	287.0	1800	0	0	0	0
4	94	320	252	693	11605	290.0	1800	0	0	0	0
4	94	318	251	689	11564	287.0	1800	0	0	0	0
4	94	318	251	689	11564	287.0	1800	0	0	0	0
5	94	320	252	693	11605	290.0	1800	0	131	0	1
5	94	318	251	689	11564	287.0	1800	0	131	0	1
5	416	565	331	1392	4422	514.0	1800	0	131	0	1
5	415	564	335	1395	4466	510.0	1800	0	131	0	1
5	416	566	337	1399	4477	511.0	1800	0	131	0	1
5	415	564	335	1394	4466	510.0	1800	0	131	0	1
5	427	574	338	1422	4406	519.0	1800	0	131	0	1
5	427	573	337	1420	4397	519.0	1800	0	131	0	1
5	427	574	339	1423	4415	519.0	1800	0	131	0	1
5	427	573	337	1420	4397	519.0	1800	0	131	0	1
5	428	575	339	1425	4408	520.0	1800	0	131	0	1
5	427	573	337	1419	4397	519.0	1800	0	131	0	1
5	428	575	339	1425	4408	520.0	1800	0	131	0	1
5	427	573	337	1421	4397	519.0	1800	0	131	0	1
5	427	575	339	1423	4415	520.0	1800	0	131	0	1
5	426	572	337	1418	4405	517.0	1800	0	131	0	1
5	428	575	339	1425	4408	520.0	1800	0	131	0	1
5	416	566	337	1399	4477	511.0	1800	0	131	0	1
5	416	565	336	1398	4468	510.0	1800	0	131	0	1
5	416	566	337	1399	4477	511.0	1800	0	131	0	1
5	415	564	335	1395	4466	510.0	1800	0	131	0	1
5	416	566	337	1399	4477	511.0	1800	0	131	0	1
5	417	565	336	1398	4460	510.0	1800	0	131	0	1
5	416	566	337	1399	4477	511.0	1800	0	131	0	1
5	415	564	335	1395	4466	510.0	1800	0	131	0	1
5	416	566	337	1399	4477	511.0	1800	0	131	0	1
5	415	564	335	1395	4466	510.0	1800	0	131	0	1
5	416	566	337	1399	4477	511.0	1800	0	131	0	0
5	415	564	335	1395	4466	510.0	1800	0	131	0	0
5	399	550	316	1343	4408	507.0	1800	0	131	0	0
5	94	319	251	690	11564	289.0	1800	0	131	0	0
5	94	320	252	693	11605	290.0	1800	0	131	0	0
5	94	319	251	690	11564	289.0	1800	0	131	0	0
5	94	320	252	692	11605	290.0	1800	0	131	0	0
6	94	319	251	690	11564	289.0	1800	0	263	0	1
6	94	319	251	691	11564	289.0	1800	0	263	0	1
6	418	579	400	1479	5036	485.0	1800	0	263	0	1
6	418	587	441	1529	5410	468.0	1800	0	263	0	1
6	418	587	442	1530	5419	467.0	1800	0	263	0	1
6	418	587	441	1530	5410	468.0	1800	0	263	0	1
6	427	593	439	1544	5308	476.0	1800	0	263	0	1
6	431	595	439	1551	5271	477.0	1800	0	263	0	1
6	430	595	439	1548	5280	478.0	1800	0	263	0	1
6	430	595	439	1549	5280	478.0	1800	0	263	0	1
6	431	595	439	1550	5271	477.0	1800	0	263	0	1
6	430	595	439	1548	5280	478.0	1800	0	263	0	1
6	430	594	439	1548	5280	476.0	1800	0	263	0	1
6	431	596	440	1552	5280	478.0	1800	0	263	0	1
6	430	594	439	1548	5280	476.0	1800	0	263	0	1
6	430	595	439	1549	5280	478.0	1800	0	263	0	1
6	431	595	439	1550	5271	477.0	1800	0	263	0	1
6	429	594	439	1548	5289	476.0	1800	0	263	0	1
6	418	586	440	1528	5401	467.0	1800	0	263	0	1
6	418	586	441	1529	5410	466.0	1800	0	263	0	1
6	420	588	441	1533	5391	468.0	1800	0	263	0	1
6	418	586	440	1528	5401	467.0	1800	0	263	0	1
6	419	588	442	1531	5410	468.0	1800	0	263	0	1
6	418	586	440	1528	5401	467.0	1800	0	263	0	1
6	419	588	441	1531	5401	469.0	1800	0	263	0	1
6	418	586	441	1528	5410	466.0	1800	0	263	0	1
6	419	588	441	1531	5401	469.0	1800	0	263	0	1
6	418	586	440	1528	5401	467.0	1800	0	263	0	0
6	419	588	442	1532	5410	468.0	1800	0	263	0	0
6	403	551	314	1347	4359	509.0	1800	0	263	0	0
6	94	320	252	693	11605	290.0	1800	0	263	0	0
6	94	319	251	689	11564	289.0	1800	0	263	0	0
6	94	320	252	693	11605	290.0	1800	0	263	0	0
6	94	318	251	689	11564	287.0	1800	0	263	0	0
7	94	320	252	694	11605	290.0	1800	0	394	0	1
7	94	318	251	689	11564	287.0	1800	0	394	0	1
7	94	320	252	693	11605	290.0	1800	0	394	0	1
7	419	612	558	1535	6551	421.0	1800	0	394	0	1
7	422	610	556	1673	6410	418.0	1800	0	394	0	1
7	422	612	557	1678	6419	421.0	1800	0	394	0	1
7	422	610	557	1674	6419	418.0	1800	0	394	0	1
7	424	613	557	1679	6396	422.0	1800	0	394	0	1
7	434	617	550	1689	6219	430.0	1800	0	394	0	1
7	434	620	552	1694	6236	433.0	1800	0	394	0	1
7	433	617	550	1687	6230	430.0	1800	0	394	0	1
7	433	618	552	1691	6248	430.0	1800	0	394	0	1
7	434	618	550	1690	6219	431.0	1800	0	394	0	1
7	434	619	551	1692	6228	432.0	1800	0	394	0	1
7	433	617	550	1688	6230	430.0	1800	0	394	0	1
7	433	619	552	1691	6248	432.0	1800	0	394	0	1
7	433	617	550	1689	6230	430.0	1800	0	394	0	1
7	433	619	551	1692	6239	433.0	1800	0	394	0	1
7	434	618	550	1689	6219	431.0	1800	0	394	0	1
7	434	620	552	1695	6236	433.0	1800	0	394	0	1
7	422	610	557	1675	6419	418.0	1800	0	394	0	1
7	422	612	557	1677	6419	421.0	1800	0	394	0	1
7	422	612	558	1679	6428	420.0	1800	0	394	0	1
7	422	610	556	1674	6410	418.0	1800	0	394	0	1
7	422	612	557	1677	6419	421.0	1800	0	394	0	1
7	422	610	557	1675	6419	418.0	1800	0	394	0	1
7	422	612	557	1677	6419	421.0	1800	0	394	0	1
7	423	611	555	1676	6389	420.0	1800	0	394	0	1
7	422	612	558	1678	6428	420.0	1800	0	394	0	0
7	415	565	339	1400	4503	508.0	1800	0	394	0	0
7	94	320	252	693	11605	290.0	1800	0	394	0	0
7	94	319	251	690	11564	289.0	1800	0	394	0	0
7	94	320	252	693	11605	290.0	1800	0	394	0	0
7	94	319	251	691	11564	289.0	1800	0	394	0	0
8	94	320	252	693	11605	290.0	1800	0	526	0	1
8	94	319	251	691	11564	289.0	1800	0	526	0	1
8	94	320	252	692	11605	290.0	1800	0	526	0	1
8	422	607	536	1651	6230	428.0	1800	0	526	0	1
8	426	637	683	1836	7499	367.0	1800	0	526	0	1
8	426	637	682	1833	7490	367.0	1800	0	526	0	1
8	426	637	683	1836	7499	367.0	1800	0	526	0	1
8	437	643	672	1843	7249	381.0	1800	0	526	0	1
8	437	643	673	1844	7258	380.0	1800	0	526	0	1
8	437	643	671	1843	7241	381.0	1800	0	526	0	1
8	437	643	672	1843	7249	381.0	1800	0	526	0	1
8	438	643	672	1844	7236	380.0	1800	0	526	0	1
8	437	644	672	1844	7249	382.0	1800	0	526	0	1
8	436	642	671	1841	7254	380.0	1800	0	526	0	1
8	438	644	672	1844	7236	382.0	1800	0	526	0	1
8	437	643	671	1843	7241	381.0	1800	0	526	0	1
8	437	643	672	1843	7249	381.0	1800	0	526	0	1
8	436	642	672	1841	7263	379.0	1800	0	526	0	1
8	438	644	672	1846	7236	382.0	1800	0	526	0	1
8	425	637	683	1834	7513	367.0	1800	0	526	0	1
8	426	638	682	1835	7490	369.0	1800	0	526	0	1
8	425	636	680	1830	7487	368.0	1800	0	526	0	1
8	426	638	684	1837	7508	368.0	1800	0	526	0	1
8	425	636	681	1832	7495	367.0	1800	0	526	0	1
8	427	637	681	1835	7467	368.0	1800	0	526	0	1
8	426	638	682	1836	7490	369.0	1800	0	526	0	1
8	425	636	681	1832	7495	367.0	1800	0	526	0	1
8	426	638	684	1838	7508	368.0	1800	0	526	0	1
8	425	636	681	1831	7495	367.0	1800	0	526	0	0
8	416	570	357	1426	4660	503.0	1800	0	526	0	0
8	94	319	251	689	11564	289.0	1800	0	526	0	0
8	94	321	252	694	11605	291.0	1800	0	526	0	0
8	94	318	251	689	11564	287.0	1800	0	526	0	0
8	94	321	252	694	11605	291.0	1800	0	526	0	0
8	94	318	251	689	11564	287.0	1800	0	526	0	0
9	94	321	252	694	11605	291.0	1800	0	657	0	1
9	94	318	251	689	11564	287.0	1800	0	657	0	1
9	426	624	607	1744	6819	402.0	1800	0	657	0	1
9	429	662	809	1993	8575	313.0	1800	0	657	0	1
9	430	665	812	2000	8585	315.0	1800	0	657	0	1
9	429	662	809	1993	8575	313.0	1800	0	657	0	1
9	430	665	810	1998	8567	317.0	1800	0	657	0	1
9	441	670	796	2000	8268	331.0	1800	0	657	0	1
9	441	668	794	1998	8250	330.0	1800	0	657	0	1
9	440	669	795	1998	8274	331.0	1800	0	657	0	1
9	440	668	794	1996	8266	330.0	1800	0	657	0	1
9	442	670	796	2002	8252	331.0	1800	0	657	0	1
9	441	668	794	1997	8250	330.0	1800	0	657	0	1
9	441	669	796	2000	8268	330.0	1800	0	657	0	1
9	441	669	795	1999	8259	330.0	1800	0	657	0	1
9	441	670	796	2001	8268	331.0	1800	0	657	0	1
9	440	668	794	1997	8266	330.0	1800	0	657	0	1
9	442	670	796	2002	8252	331.0	1800	0	657	0	1
9	429	663	811	1997	8593	313.0	1800	0	657	0	1
9	430	664	811	1998	8576	314.0	1800	0	657	0	1
9	429	663	809	1994	8575	315.0	1800	0	657	0	1
9	430	664	812	1999	8585	314.0	1800	0	657	0	1
9	431	664	809	1996	8542	315.0	1800	0	657	0	1
9	430	664	810	1996	8567	315.0	1800	0	657	0	1
9	429	664	811	1997	8593	315.0	1800	0	657	0	1
9	431	664	808	1995	8533	316.0	1800	0	657	0	1
9	429	664	812	1998	8602	314.0	1800	0	657	0	1
9	429	664	811	1997	8593	315.0	1800	0	657	0	0
9	415	565	337	1398	4484	510.0	1800	0	657	0	0
9	94	320	252	692	11605	290.0	1800	0	657	0	0
9	94	320	252	692	11605	290.0	1800	0	657	0	0
9	94	320	252	692	11605	290.0	1800	0	657	0	0
9	94	319	251	691	11564	289.0	1800	0	657	0	0
9	94	320	252	693	11605	290.0	1800	0	657	0	0
10	94	319	251	691	11564	289.0	1800	0	789	0	1
10	94	320	252	693	11605	290.0	1800	0	789	0	1
10	424	620	603	1734	6809	399.0	1800	0	789	0	1
10	433	690	938	2158	9644	261.0	1800	0	789	0	1
10	433	690	938	2157	9644	261.0	1800	0	789	0	1
10	434	691	940	2161	9643	261.0	1800	0	789	0	1
10	433	689	937	2155	9635	261.0	1800	0	789	0	1
10	433	691	939	2159	9653	262.0	1800	0	789	0	1
10	433	690	939	2158	9653	261.0	1800	0	789	0	1
10	445	694	918	2157	9250	279.0	1800	0	789	0	1
10	444	695	919	2156	9277	280.0	1800	0	789	0	1
10	444	693	918	2153	9268	277.0	1800	0	789	0	1
10	446	697	922	2162	9267	280.0	1800	0	789	0	1
10	444	693	918	2152	9268	277.0	1800	0	789	0	1
10	445	695	919	2157	9259	279.0	1800	0	789	0	1
10	445	694	918	2155	9250	279.0	1800	0	789	0	1
10	443	695	922	2157	9320	278.0	1800	0	789	0	1
10	444	693	918	2152	9268	277.0	1800	0	789	0	1
10	446	696	919	2159	9241	281.0	1800	0	789	0	1
10	442	693	925	2157	9364	273.0	1800	0	789	0	1
10	435	692	937	2160	9597	265.0	1800	0	789	0	1
10	433	689	937	2154	9635	261.0	1800	0	789	0	1
10	434	691	941	2162	9651	261.0	1800	0	789	0	1
10	433	689	938	2156	9644	260.0	1800	0	789	0	1
10	433	691	938	2158	9644	263.0	1800	0	789	0	1
10	433	689	939	2157	9653	259.0	1800	0	789	0	1
10	433	691	940	2160	9662	262.0	1800	0	789	0	1
10	433	689	937	2154	9635	261.0	1800	0	789	0	0
10	418	581	420	1502	5219	473.0	1800	0	789	0	0
10	94	320	252	694	11605	290.0	1800	0	789	0	0
10	94	319	251	690	11564	289.0	1800	0	789	0	0
10	94	320	252	694	11605	290.0	1800	0	789	0	0
10	94	319	251	690	11564	289.0	1800	0	789	0	0
10	94	320	252	693	11605	290.0	1800	0	789	0	0
11	94	319	251	690	11564	289.0	1800	0	921	0	1
11	94	320	252	693	11605	290.0	1800	0	921	0	1
11	428	643	708	1870	7693	357.0	1800	0	921	0	1
11	437	718	1069	2324	10711	208.0	1800	0	921	0	1
11	437	716	1065	2317	10676	208.0	1800	0	921	0	1
11	437	717	1067	2321	10693	208.0	1800	0	921	0	1
11	438	717	1065	2320	10655	210.0	1800	0	921	0	1
11	437	717	1066	2320	10684	209.0	1800	0	921	0	1
11	449	720	1042	2312	10232	228.0	1800	0	921	0	1
11	448	720	1042	2311	10252	228.0	1800	0	921	0	1
11	447	719	1045	2311	10298	224.0	1800	0	921	0	1
11	449	721	1042	2313	10232	229.0	1800	0	921	0	1
11	448	720	1042	2311	10252	228.0	1800	0	921	0	1
11	449	721	1042	2313	10232	229.0	1800	0	921	0	1
11	448	720	1042	2311	10252	228.0	1800	0	921	0	1
11	448	720	1042	2310	10252	228.0	1800	0	921	0	1
11	449	721	1042	2313	10232	229.0	1800	0	921	0	1
11	448	720	1042	2311	10252	228.0	1800	0	921	0	1
11	448	720	1045	2314	10278	226.0	1800	0	921	0	1
11	437	717	1066	2319	10684	209.0	1800	0	921	0	1
11	437	717	1068	2321	10702	208.0	1800	0	921	0	1
11	437	717	1067	2320	10693	208.0	1800	0	921	0	1
11	437	716	1065	2317	10676	208.0	1800	0	921	0	1
11	437	718	1069	2323	10711	208.0	1800	0	921	0	1
11	437	716	1066	2318	10684	208.0	1800	0	921	0	1
11	437	717	1066	2319	10684	209.0	1800	0	921	0	1
11	438	717	1065	2319	10655	210.0	1800	0	921	0	1
11	437	717	1066	2319	10684	209.0	1800	0	921	0	0
11	437	715	1064	2316	10667	207.0	1800	0	921	0	0
11	419	589	453	1545	5510	462.0	1800	0	921	0	0
11	94	320	252	692	11605	290.0	1800	0	921	0	0
11	94	318	250	689	11523	288.0	1800	0	921	0	0
11	94	320	252	692	11605	290.0	1800	0	921	0	0
11	94	318	250	688	11523	288.0	1800	0	921	0	0
12	94	320	252	692	11605	290.0	1800	0	1052	0	1
12	94	318	250	688	11523	288.0	1800	0	1052	0	1
12	429	655	766	1942	8193	333.0	1800	0	1052	0	1
12	441	742	1195	2480	11715	153.0	1800	0	1052	0	1
12	442	744	1190	2478	11648	159.0	1800	0	1052	0	1
12	440	741	1191	2475	11703	155.0	1800	0	1052	0	1
12	441	744	1197	2484	11732	155.0	1800	0	1052	0	1
12	440	741	1192	2476	11712	154.0	1800	0	1052	0	1
12	453	747	1169	2474	11222	176.0	1800	0	1052	0	1
12	451	744	1164	2462	11224	175.0	1800	0	1052	0	1
12	452	746	1165	2466	11211	178.0	1800	0	1052	0	1
12	452	744	1164	2464	11202	175.0	1800	0	1052	0	1
12	451	746	1169	2469	11266	175.0	1800	0	1052	0	1
12	451	744	1164	2462	11224	175.0	1800	0	1052	0	1
12	452	744	1164	2463	11202	175.0	1800	0	1052	0	1
12	451	745	1165	2466	11232	176.0	1800	0	1052	0	1
12	452	744	1164	2464	11202	175.0	1800	0	1052	0	1
12	452	746	1165	2467	11211	178.0	1800	0	1052	0	1
12	451	743	1164	2462	11224	174.0	1800	0	1052	0	1
12	441	743	1193	2479	11697	156.0	1800	0	1052	0	1
12	441	742	1194	2479	11706	154.0	1800	0	1052	0	1
12	441	743	1195	2482	11715	154.0	1800	0	1052	0	1
12	440	741	1191	2476	11703	155.0	1800	0	1052	0	1
12	441	743	1195	2482	11715	154.0	1800	0	1052	0	1
12	440	741	1190	2474	11695	155.0	1800	0	1052	0	1
12	441	743	1193	2479	11697	156.0	1800	0	1052	0	1
12	441	742	1194	2479	11706	154.0	1800	0	1052	0	1
12	441	743	1195	2482	11715	154.0	1800	0	1052	0	0
12	442	742	1188	2475	11631	158.0	1800	0	1052	0	0
12	418	582	420	1503	5219	475.0	1800	0	1052	0	0
12	94	319	251	690	11564	289.0	1800	0	1052	0	0
12	94	319	252	692	11605	288.0	1800	0	1052	0	0
12	94	319	251	691	11564	289.0	1800	0	1052	0	0
12	94	319	251	690	11564	289.0	1800	0	1052	0	0
13	94	319	251	691	11564	289.0	1800	0	1184	0	1
13	94	319	251	691	11564	289.0	1800	0	1184	0	1
13	428	642	702	1862	7640	360.0	1800	0	1184	0	1
13	445	769	1321	2641	12701	102.0	1800	0	1184	0	1
13	445	770	1325	2645	12735	101.0	1800	0	1184	0	1
13	445	769	1321	2640	12701	102.0	1800	0	1184	0	1
13	445	769	1321	2640	12701	102.0	1800	0	1184	0	1
13	445	770	1325	2646	12735	101.0	1800	0	1184	0	1
13	445	769	1321	2640	12701	102.0	1800	0	1184	0	1
13	445	770	1321	2641	12701	104.0	1800	0	1184	0	1
13	454	769	1288	2617	12199	123.0	1800	0	1184	0	1
13	455	771	1289	2622	12184	125.0	1800	0	1184	0	1
13	456	771	1288	2622	12152	126.0	1800	0	1184	0	1
13	456	771	1289	2623	12160	125.0	1800	0	1184	0	1
13	455	770	1288	2619	12176	124.0	1800	0	1184	0	1
13	456	772	1289	2624	12160	127.0	1800	0	1184	0	1
13	455	771	1289	2620	12184	125.0	1800	0	1184	0	1
13	456	770	1288	2621	12152	124.0	1800	0	1184	0	1
13	455	771	1293	2626	12218	122.0	1800	0	1184	0	1
13	455	769	1288	2618	12176	123.0	1800	0	1184	0	1
13	451	771	1305	2634	12415	115.0	1800	0	1184	0	1
13	444	768	1322	2641	12735	100.0	1800	0	1184	0	1
13	446	771	1320	2643	12667	106.0	1800	0	1184	0	1
13	444	768	1320	2637	12718	101.0	1800	0	1184	0	1
13	445	770	1324	2646	12726	101.0	1800	0	1184	0	1
13	444	768	1322	2640	12735	100.0	1800	0	1184	0	1
13	446	771	1322	2645	12684	104.0	1800	0	1184	0	1
13	444	768	1322	2641	12735	100.0	1800	0	1184	0	0
13	445	771	1324	2646	12726	103.0	1800	0	1184	0	0
13	422	610	559	1677	6437	416.0	1800	0	1184	0	0
13	94	320	252	693	11605	290.0	1800	0	1184	0	0
13	94	318	251	689	11564	287.0	1800	0	1184	0	0
13	94	320	252	693	11605	290.0	1800	0	1184	0	0
13	94	318	250	688	11523	288.0	1800	0	1184	0	0
14	94	320	252	693	11605	290.0	1800	0	1315	0	1
14	94	320	252	693	11605	290.0	1800	0	1315	0	1
14	430	666	828	2018	8727	305.0	1800	0	1315	0	1
14	449	796	1449	2803	13686	50.0	1800	0	1315	0	1
14	448	794	1445	2796	13679	50.0	1800	0	1315	0	1
14	449	797	1453	2808	13720	48.0	1800	0	1315	0	1
14	448	794	1447	2799	13696	48.0	1800	0	1315	0	1
14	449	797	1451	2805	13703	50.0	1800	0	1315	0	1
14	450	796	1447	2801	13642	51.0	1800	0	1315	0	1
14	460	797	1412	2779	13086	75.0	1800	0	1315	0	1
14	460	796	1411	2777	13077	74.0	1800	0	1315	0	1
14	459	797	1412	2777	13111	75.0	1800	0	1315	0	1
14	458	796	1416	2779	13170	71.0	1800	0	1315	0	1
14	460	797	1412	2779	13086	75.0	1800	0	1315	0	1
14	459	796	1411	2775	13103	74.0	1800	0	1315	0	1
14	460	797	1412	2779	13086	75.0	1800	0	1315	0	1
14	458	795	1411	2774	13128	73.0	1800	0	1315	0	1
14	459	796	1412	2776	13111	73.0	1800	0	1315	0	1
14	460	796	1411	2777	13077	74.0	1800	0	1315	0	1
14	459	796	1411	2776	13103	74.0	1800	0	1315	0	1
14	448	795	1448	2800	13705	49.0	1800	0	1315	0	1
14	449	796	1451	2804	13703	48.0	1800	0	1315	0	1
14	448	796	1451	2805	13730	48.0	1800	0	1315	0	1
14	449	796	1448	2801	13678	50.0	1800	0	1315	0	1
14	448	796	1451	2804	13730	48.0	1800	0	1315	0	1
14	449	796	1452	2806	13711	47.0	1800	0	1315	0	1
14	448	795	1447	2799	13696	50.0	1800	0	1315	0	1
14	449	797	1452	2806	13711	49.0	1800	0	1315	0	1
14	450	795	1446	2800	13633	50.0	1800	0	1315	0	0
14	423	621	605	1737	6840	400.0	1800	0	1315	0	0
14	94	318	251	689	11564	287.0	1800	0	1315	0	0
14	94	320	252	692	11605	290.0	1800	0	1315	0	0
14	94	318	251	689	11564	287.0	1800	0	1315	0	0
14	94	320	252	692	11605	290.0	1800	0	1315	0	0
15	94	318	251	689	11564	287.0	1800	0	1447	0	1
15	94	320	252	693	11605	290.0	1800	0	1447	0	1
15	94	318	250	688	11523	288.0	1800	0	1447	0	1
15	452	821	1576	2961	14675	0.0	1800	0	1447	0	1
15	453	824	1583	2973	14704	0.0	1800	0	1447	0	1
15	452	821	1578	2963	14692	0.0	1800	0	1447	0	1
15	453	822	1573	2959	14620	0.0	1800	0	1447	0	1
15	452	822	1582	2968	14726	0.0	1800	0	1447	0	1
15	453	823	1579	2967	14671	0.0	1800	0	1447	0	1
15	464	822	1535	2933	13995	23.0	1800	0	1447	0	1
15	463	823	1537	2935	14038	23.0	1800	0	1447	0	1
15	463	821	1535	2932	14022	22.0	1800	0	1447	0	1
15	464	824	1537	2938	14011	24.0	1800	0	1447	0	1
15	462	821	1535	2931	14049	22.0	1800	0	1447	0	1
15	462	823	1542	2940	14107	20.0	1800	0	1447	0	1
15	463	822	1535	2933	14022	23.0	1800	0	1447	0	1
15	463	823	1537	2935	14038	23.0	1800	0	1447	0	1
15	463	822	1535	2933	14022	23.0	1800	0	1447	0	1
15	464	824	1537	2938	14011	24.0	1800	0	1447	0	1
15	462	821	1535	2931	14049	22.0	1800	0	1447	0	1
15	463	823	1537	2936	14038	23.0	1800	0	1447	0	1
15	454	825	1583	2975	14675	0.0	1800	0	1447	0	1
15	452	822	1578	2964	14692	0.0	1800	0	1447	0	1
15	452	823	1577	2964	14683	0.0	1800	0	1447	0	1
15	452	823	1582	2969	14726	0.0	1800	0	1447	0	1
15	452	823	1579	2967	14700	0.0	1800	0	1447	0	1
15	452	822	1577	2963	14683	0.0	1800	0	1447	0	1
15	452	823	1581	2969	14717	0.0	1800	0	1447	0	1
15	452	823	1580	2968	14709	0.0	1800	0	1447	0	0
15	422	609	551	1668	6365	420.0	1800	0	1447	0	0
15	94	319	251	691	11564	289.0	1800	0	1447	0	0
15	94	319	251	691	11564	289.0	1800	0	1447	0	0
15	94	320	252	692	11605	290.0	1800	0	1447	0	0
15	94	319	251	691	11564	289.0	1800	0	1447	0	0
15	94	320	252	692	11605	290.0	1800	0	1447	0	0
16	94	319	251	690	11564	289.0	1800	0	1578	0	1
16	94	320	252	692	11605	290.0	1800	0	1578	0	1
16	428	651	751	1921	8076	338.0	1800	0	1578	0	1
16	457	850	1710	3132	15647	0.0	1800	0	1578	0	1
16	456	850	1708	3130	15661	0.0	1800	0	1578	0	1
16	456	849	1710	3131	15678	0.0	1800	0	1578	0	1
16	456	850	1706	3128	15645	0.0	1800	0	1578	0	1
16	456	848	1705	3124	15636	0.0	1800	0	1578	0	1
16	457	851	1711	3135	15655	0.0	1800	0	1578	0	1
16	456	847	1701	3119	15603	0.0	1800	0	1578	0	1
16	468	850	1661	3095	14913	0.0	1800	0	1578	0	1
16	465	847	1665	3093	15033	0.0	1800	0	1578	0	1
16	467	849	1661	3092	14942	0.0	1800	0	1578	0	1
16	467	847	1659	3090	14925	0.0	1800	0	1578	0	1
16	467	849	1661	3093	14942	0.0	1800	0	1578	0	1
16	466	847	1659	3087	14954	0.0	1800	0	1578	0	1
16	467	849	1661	3094	14942	0.0	1800	0	1578	0	1
16	467	847	1659	3089	14925	0.0	1800	0	1578	0	1
16	466	849	1660	3092	14963	0.0	1800	0	1578	0	1
16	466	847	1659	3088	14954	0.0	1800	0	1578	0	1
16	466	850	1666	3099	15012	0.0	1800	0	1578	0	1
16	460	848	1691	3115	15396	0.0	1800	0	1578	0	1
16	456	848	1704	3132	15628	0.0	1800	0	1578	0	1
16	456	849	1703	3124	15620	0.0	1800	0	1578	0	1
16	456	849	1709	3129	15670	0.0	1800	0	1578	0	1
16	456	850	1706	3127	15645	0.0	1800	0	1578	0	1
16	456	848	1706	3126	15645	0.0	1800	0	1578	0	1
16	458	851	1706	3130	15582	0.0	1800	0	1578	0	0
16	428	652	760	1932	8156	333.0	1800	0	1578	0	0
16	94	320	252	693	11605	290.0	1800	0	1578	0	0
16	94	319	251	690	11564	289.0	1800	0	1578	0	0
16	94	320	252	693	11605	290.0	1800	0	1578	0	0
16	94	319	251	690	11564	289.0	1800	0	1578	0	0
16	94	320	252	693	11605	290.0	1800	0	1578	0	0
17	94	319	251	691	11564	289.0	1800	0	1710	0	1
17	94	320	252	692	11605	290.0	1800	0	1710	0	1
17	432	678	881	2086	9160	285.0	1800	0	1710	0	1
17	460	877	1841	3297	16639	0.0	1800	0	1710	0	1
17	460	876	1835	3290	16589	0.0	1800	0	1710	0	1
17	460	876	1835	3291	16589	0.0	1800	0	1710	0	1
17	460	877	1837	3297	16606	0.0	1800	0	1710	0	1
17	460	876	1835	3289	16589	0.0	1800	0	1710	0	1
17	460	876	1839	3294	16622	0.0	1800	0	1710	0	1
17	470	874	1785	3248	15860	0.0	1800	0	1710	0	1
17	471	874	1784	3249	15822	0.0	1800	0	1710	0	1
17	471	874	1785	3250	15830	0.0	1800	0	1710	0	1
17	470	873	1784	3246	15852	0.0	1800	0	1710	0	1
17	471	876	1792	3259	15886	0.0	1800	0	1710	0	1
17	471	874	1784	3248	15822	0.0	1800	0	1710	0	1
17	470	874	1785	3249	15860	0.0	1800	0	1710	0	1
17	470	873	1784	3247	15852	0.0	1800	0	1710	0	1
17	470	876	1792	3257	15917	0.0	1800	0	1710	0	1
17	470	873	1784	3246	15852	0.0	1800	0	1710	0	1
17	470	875	1785	3250	15860	0.0	1800	0	1710	0	1
17	470	874	1790	3253	15901	0.0	1800	0	1710	0	1
17	462	877	1832	3290	16499	0.0	1800	0	1710	0	1
17	460	876	1838	3293	16614	0.0	1800	0	1710	0	1
17	460	877	1835	3291	16589	0.0	1800	0	1710	0	1
17	460	875	1837	3291	16606	0.0	1800	0	1710	0	1
17	460	875	1834	3287	16581	0.0	1800	0	1710	0	1
17	460	877	1838	3295	16614	0.0	1800	0	1710	0	1
17	460	876	1839	3294	16622	0.0	1800	0	1710	0	0
17	430	667	822	2011	8674	311.0	1800	0	1710	0	0
17	94	319	251	690	11564	289.0	1800	0	1710	0	0
17	94	321	252	694	11605	291.0	1800	0	1710	0	0
17	94	318	251	689	11564	287.0	1800	0	1710	0	0
17	94	320	252	694	11605	290.0	1800	0	1710	0	0
17	94	319	251	690	11564	289.0	1800	0	1710	0	0
18	94	320	252	693	11605	290.0	1800	0	1842	0	1
18	94	319	251	690	11564	289.0	1800	0	1842	0	1
18	433	686	914	2129	9433	273.0	1800	0	1842	0	1
18	465	903	1964	3455	17483	0.0	1800	0	1842	0	1
18	464	904	1968	3458	17550	0.0	1800	0	1842	0	1
18	464	903	1970	3459	17567	0.0	1800	0	1842	0	1
18	464	903	1965	3455	17526	0.0	1800	0	1842	0	1
18	464	903	1967	3455	17542	0.0	1800	0	1842	0	1
18	464	905	1971	3462	17575	0.0	1800	0	1842	0	1
18	474	901	1910	3408	16743	0.0	1800	0	1842	0	1
18	474	900	1910	3405	16743	0.0	1800	0	1842	0	1
18	475	901	1910	3408	16711	0.0	1800	0	1842	0	1
18	474	900	1910	3408	16743	0.0	1800	0	1842	0	1
18	473	899	1910	3405	16775	0.0	1800	0	1842	0	1
18	475	901	1910	3408	16711	0.0	1800	0	1842	0	1
18	473	900	1917	3413	16832	0.0	1800	0	1842	0	1
18	474	900	1910	3406	16743	0.0	1800	0	1842	0	1
18	474	900	1910	3407	16743	0.0	1800	0	1842	0	1
18	475	901	1910	3409	16711	0.0	1800	0	1842	0	1
18	472	898	1909	3401	16800	0.0	1800	0	1842	0	1
18	475	901	1910	3409	16711	0.0	1800	0	1842	0	1
18	464	902	1965	3453	17526	0.0	1800	0	1842	0	1
18	464	905	1971	3463	17575	0.0	1800	0	1842	0	1
18	465	902	1959	3448	17442	0.0	1800	0	1842	0	1
18	464	904	1966	3455	17534	0.0	1800	0	1842	0	1
18	464	903	1970	3458	17567	0.0	1800	0	1842	0	1
18	464	904	1968	3458	17550	0.0	1800	0	1842	0	1
18	464	905	1970	3462	17567	0.0	1800	0	1842	0	0
18	428	652	760	1931	8156	333.0	1800	0	1842	0	0
18	94	320	252	694	11605	290.0	1800	0	1842	0	0
18	94	318	251	689	11564	287.0	1800	0	1842	0	0
18	94	320	252	693	11605	290.0	1800	0	1842	0	0
18	94	318	251	689	11564	287.0	1800	0	1842	0	0
18	94	320	252	694	11605	290.0	1800	0	1842	0	0
19	94	318	251	689	11564	287.0	1800	0	1973	0	1
19	94	320	252	694	11605	290.0	1800	0	1973	0	1
19	427	644	723	1885	7842	348.0	1800	0	1973	0	1
19	468	932	2101	3627	18495	0.0	1800	0	1973	0	1
19	468	929	2096	3618	18454	0.0	1800	0	1973	0	1
19	468	931	2094	3619	18438	0.0	1800	0	1973	0	1
19	469	929	2090	3614	18369	0.0	1800	0	1973	0	1
19	468	932	2099	3624	18479	0.0	1800	0	1973	0	1
19	467	929	2093	3614	18466	0.0	1800	0	1973	0	1
19	468	931	2098	3622	18470	0.0	1800	0	1973	0	1
19	469	930	2092	3615	18385	0.0	1800	0	1973	0	1
19	478	925	2034	3563	17603	0.0	1800	0	1973	0	1
19	477	926	2035	3565	17645	0.0	1800	0	1973	0	1
19	477	926	2042	3570	17701	0.0	1800	0	1973	0	1
19	478	927	2035	3566	17611	0.0	1800	0	1973	0	1
19	477	925	2034	3562	17637	0.0	1800	0	1973	0	1
19	478	926	2035	3564	17611	0.0	1800	0	1973	0	1
19	478	926	2035	3565	17611	0.0	1800	0	1973	0	1
19	478	926	2035	3564	17611	0.0	1800	0	1973	0	1
19	477	925	2034	3562	17637	0.0	1800	0	1973	0	1
19	478	927	2035	3566	17611	0.0	1800	0	1973	0	1
19	478	926	2035	3565	17611	0.0	1800	0	1973	0	1
19	472	931	2086	3615	18229	0.0	1800	0	1973	0	1
19	468	930	2095	3618	18446	0.0	1800	0	1973	0	1
19	468	930	2095	3617	18446	0.0	1800	0	1973	0	1
19	468	931	2100	3625	18487	0.0	1800	0	1973	0	1
19	468	930	2096	3618	18454	0.0	1800	0	1973	0	1
19	468	930	2094	3617	18438	0.0	1800	0	1973	0	0
19	468	930	2098	3621	18470	0.0	1800	0	1973	0	0
19	94	319	251	2269	11564	289.0	1800	0	1973	0	0
19	94	320	252	692	11605	290.0	1800	0	1973	0	0
19	94	319	251	690	11564	289.0	1800	0	1973	0	0
19	94	320	252	693	11605	290.0	1800	0	1973	0	0
19	94	318	251	689	11564	287.0	1800	0	1973	0	0
20	94	320	252	693	11605	290.0	1800	0	2105	0	1
20	94	318	251	689	11564	287.0	1800	0	2105	0	1
20	432	678	877	2082	9125	287.0	1800	0	2105	0	1
20	473	956	2221	3779	19281	0.0	1800	0	2105	0	1
20	472	958	2229	3788	19383	0.0	1800	0	2105	0	1
20	471	956	2223	3779	19373	0.0	1800	0	2105	0	1
20	472	959	2229	3788	19383	0.0	1800	0	2105	0	1
20	471	957	2229	3785	19421	0.0	1800	0	2105	0	1
20	472	958	2225	3783	19351	0.0	1800	0	2105	0	1
20	471	956	2226	3782	19397	0.0	1800	0	2105	0	1
20	472	959	2232	3792	19407	0.0	1800	0	2105	0	1
20	482	951	2160	3722	18464	0.0	1800	0	2105	0	1
20	482	953	2162	3726	18480	0.0	1800	0	2105	0	1
20	481	950	2161	3720	18508	0.0	1800	0	2105	0	1
20	482	951	2160	3722	18464	0.0	1800	0	2105	0	1
20	481	953	2161	3724	18508	0.0	1800	0	2105	0	1
20	481	951	2160	3721	18500	0.0	1800	0	2105	0	1
20	483	954	2162	3727	18445	0.0	1800	0	2105	0	1
20	481	951	2160	3720	18500	0.0	1800	0	2105	0	1
20	480	953	2169	3732	18607	0.0	1800	0	2105	0	1
20	482	952	2160	3723	18464	0.0	1800	0	2105	0	1
20	480	954	2173	3736	18639	0.0	1800	0	2105	0	1
20	471	957	2229	3785	19421	0.0	1800	0	2105	0	1
20	473	957	2217	3775	19248	0.0	1800	0	2105	0	1
20	471	957	2227	3784	19405	0.0	1800	0	2105	0	1
20	472	959	2231	3790	19399	0.0	1800	0	2105	0	1
20	471	956	2224	3780	19381	0.0	1800	0	2105	0	1
20	473	959	2228	3789	19337	0.0	1800	0	2105	0	0
20	472	957	2230	3788	19391	0.0	1800	0	2105	0	0
20	438	725	1108	2371	11029	191.0	1800	0	2105	0	0
20	94	319	251	690	11564	289.0	1800	0	2105	0	0
20	94	320	252	692	11605	290.0	1800	0	2105	0	0
20	94	319	252	692	11605	288.0	1800	0	2105	0	0
20	94	319	251	691	11564	289.0	1800	0	2105	0	0
21	94	319	251	691	11564	289.0	1800	0	2236	0	1
21	94	319	251	691	11564	289.0	1800	0	2236	0	1
21	432	679	885	2090	9196	283.0	1800	0	2236	0	1
21	476	985	2359	3951	20272	0.0	1800	0	2236	0	1
21	475	984	2354	3945	20272	0.0	1800	0	2236	0	1
21	477	984	2352	3945	20177	0.0	1800	0	2236	0	1
21	476	985	2359	3951	20272	0.0	1800	0	2236	0	1
21	476	985	2355	3947	20240	0.0	1800	0	2236	0	1
21	476	985	2360	3953	20280	0.0	1800	0	2236	0	1
21	476	986	2360	3953	20280	0.0	1800	0	2236	0	1
21	475	984	2354	3945	20272	0.0	1800	0	2236	0	1
21	485	979	2287	3884	19356	0.0	1800	0	2236	0	1
21	485	978	2286	3881	19349	0.0	1800	0	2236	0	1
21	487	980	2287	3886	19283	0.0	1800	0	2236	0	1
21	485	978	2286	3881	19349	0.0	1800	0	2236	0	1
21	485	979	2288	3884	19364	0.0	1800	0	2236	0	1
21	485	979	2287	3884	19356	0.0	1800	0	2236	0	1
21	485	979	2295	3892	19419	0.0	1800	0	2236	0	1
21	486	980	2288	3887	19327	0.0	1800	0	2236	0	1
21	485	977	2286	3880	19349	0.0	1800	0	2236	0	1
21	486	980	2288	3885	19327	0.0	1800	0	2236	0	1
21	485	979	2294	3890	19411	0.0	1800	0	2236	0	1
21	476	987	2362	3957	20296	0.0	1800	0	2236	0	1
21	475	984	2357	3948	20296	0.0	1800	0	2236	0	1
21	476	986	2356	3950	20248	0.0	1800	0	2236	0	1
21	477	984	2352	3945	20177	0.0	1800	0	2236	0	1
21	476	986	2359	3953	20272	0.0	1800	0	2236	0	1
21	475	983	2355	3945	20280	0.0	1800	0	2236	0	0
21	476	987	2362	3957	20296	0.0	1800	0	2236	0	0
21	436	707	1023	2263	10330	225.0	1800	0	2236	0	0
21	95	321	252	694	11497	291.0	1800	0	2236	0	0
21	94	319	251	690	11564	289.0	1800	0	2236	0	0
21	95	321	253	695	11537	290.0	1800	0	2236	0	0
21	94	319	251	690	11564	289.0	1800	0	2236	0	0
22	94	319	251	690	11564	289.0	1800	0	2368	0	1
22	95	321	252	694	11497	291.0	1800	0	2368	0	1
22	425	630	649	1793	7209	381.0	1800	0	2368	0	1
22	480	1014	2493	4122	21179	0.0	1800	0	2368	0	1
22	479	1011	2486	4112	21164	0.0	1800	0	2368	0	1
22	480	1013	2492	4121	21171	0.0	1800	0	2368	0	1
22	480	1013	2493	4120	21179	0.0	1800	0	2368	0	1
22	480	1013	2488	4115	21139	0.0	1800	0	2368	0	1
22	479	1010	2481	4105	21125	0.0	1800	0	2368	0	1
22	480	1014	2494	4123	21187	0.0	1800	0	2368	0	1
22	480	1012	2488	4114	21139	0.0	1800	0	2368	0	1
22	480	1013	2490	4118	21155	0.0	1800	0	2368	0	1
22	482	1010	2467	4093	20891	0.0	1800	0	2368	0	1
22	490	1006	2415	4046	20168	0.0	1800	0	2368	0	1
22	489	1005	2414	4044	20199	0.0	1800	0	2368	0	1
22	489	1005	2414	4043	20199	0.0	1800	0	2368	0	1
22	488	1006	2423	4054	20308	0.0	1800	0	2368	0	1
22	489	1005	2414	4044	20199	0.0	1800	0	2368	0	1
22	489	1005	2414	4044	20199	0.0	1800	0	2368	0	1
22	488	1005	2414	4042	20238	0.0	1800	0	2368	0	1
22	489	1005	2414	4042	20199	0.0	1800	0	2368	0	1
22	489	1006	2414	4045	20199	0.0	1800	0	2368	0	1
22	490	1005	2414	4044	20161	0.0	1800	0	2368	0	1
22	482	1012	2474	4103	20946	0.0	1800	0	2368	0	1
22	480	1012	2491	4118	21163	0.0	1800	0	2368	0	1
22	480	1012	2487	4114	21131	0.0	1800	0	2368	0	1
22	479	1012	2491	4118	21204	0.0	1800	0	2368	0	1
22	480	1014	2492	4121	21171	0.0	1800	0	2368	0	1
22	479	1011	2486	4111	21164	0.0	1800	0	2368	0	0
22	446	778	1356	2686	12974	90.0	1800	0	2368	0	0
22	94	319	251	690	11564	289.0	1800	0	2368	0	0
22	95	321	252	694	11497	291.0	1800	0	2368	0	0
22	94	319	251	690	11564	289.0	1800	0	2368	0	0
22	94	321	252	694	11605	291.0	1800	0	2368	0	0
23	94	319	251	690	11564	289.0	1800	0	2500	0	1
23	94	321	253	694	11645	290.0	1800	0	2500	0	1
23	430	665	814	2003	8603	314.0	1800	0	2500	0	1
23	483	1039	2621	4282	22065	0.0	1800	0	2500	0	1
23	484	1042	2626	4291	22062	0.0	1800	0	2500	0	1
23	484	1038	2612	4272	21952	0.0	1800	0	2500	0	1
23	484	1041	2621	4285	22023	0.0	1800	0	2500	0	1
23	483	1040	2625	4287	22097	0.0	1800	0	2500	0	1
23	484	1041	2623	4288	22038	0.0	1800	0	2500	0	1
23	483	1039	2619	4279	22050	0.0	1800	0	2500	0	1
23	484	1042	2626	4291	22062	0.0	1800	0	2500	0	1
23	483	1039	2623	4284	22081	0.0	1800	0	2500	0	1
23	494	1033	2543	4209	21004	0.0	1800	0	2500	0	1
23	491	1032	2550	4211	21178	0.0	1800	0	2500	0	1
23	493	1033	2543	4207	21043	0.0	1800	0	2500	0	1
23	494	1032	2541	4205	20988	0.0	1800	0	2500	0	1
23	493	1033	2542	4207	21036	0.0	1800	0	2500	0	1
23	492	1031	2541	4203	21068	0.0	1800	0	2500	0	1
23	494	1033	2543	4209	21004	0.0	1800	0	2500	0	1
23	493	1031	2541	4203	21028	0.0	1800	0	2500	0	1
23	493	1031	2541	4206	21028	0.0	1800	0	2500	0	1
23	492	1034	2552	4217	21153	0.0	1800	0	2500	0	1
23	490	1034	2568	4232	21358	0.0	1800	0	2500	0	1
23	484	1041	2622	4285	22031	0.0	1800	0	2500	0	1
23	483	1039	2621	4282	22065	0.0	1800	0	2500	0	1
23	484	1039	2616	4277	21983	0.0	1800	0	2500	0	1
23	483	1040	2622	4284	22073	0.0	1800	0	2500	0	1
23	484	1040	2621	4283	22023	0.0	1800	0	2500	0	1
