Stim	R	G	B	C	Temp	HueLux	Yellow	Red	Blue	Blue2	Trig
1	348	466	403	1258	5803	327.0	0	0	0	1200	1
1	349	467	404	1261	5801	328.0	0	0	0	1200	1
1	479	1149	3986	5776	33095	0.0	0	0	0	1200	1
1	479	1148	3979	5767	33040	0.0	0	0	0	1200	1
1	479	1149	3983	5772	33072	0.0	0	0	0	1200	1
1	479	1149	3987	5777	33103	0.0	0	0	0	1200	1
1	479	1148	3980	5768	33048	0.0	0	0	0	1200	1
1	479	1149	3982	5771	33064	0.0	0	0	0	1200	1
1	479	1149	3987	5777	33103	0.0	0	0	0	1200	1
1	479	1148	3980	5768	33048	0.0	0	0	0	1200	1
1	479	1148	3982	5770	33064	0.0	0	0	0	1200	1
1	479	1150	3987	5778	33103	0.0	0	0	0	1200	1
1	478	1148	3979	5766	33106	0.0	0	0	0	1200	1
1	479	1149	3984	5774	33080	0.0	0	0	0	1200	1
1	478	1148	3985	5773	33154	0.0	0	0	0	1200	1
1	479	1148	3980	5769	33048	0.0	0	0	0	1200	1
1	478	1147	3981	5768	33122	0.0	0	0	0	1200	1
1	479	1150	3987	5778	33103	0.0	0	0	0	1200	1
1	478	1147	3978	5764	33098	0.0	0	0	0	1200	1
1	479	1149	3981	5770	33056	0.0	0	0	0	1200	1
1	479	1148	3979	5767	33040	0.0	0	0	0	1200	1
1	477	1146	3978	5762	33164	0.0	0	0	0	1200	1
1	479	1150	3987	5778	33103	0.0	0	0	0	1200	1
1	477	1146	3979	5763	33172	0.0	0	0	0	1200	1
1	479	1148	3979	5767	33040	0.0	0	0	0	1200	1
1	477	1147	3985	5769	33220	0.0	0	0	0	1200	1
1	479	1148	3982	5771	33064	0.0	0	0	0	1200	1
1	477	1145	3977	5759	33156	0.0	0	0	0	1200	0
1	453	1012	3265	4867	28851	0.0	0	0	0	1200	0
1	347	464	401	1252	5793	326.0	0	0	0	1200	0
1	349	467	404	1260	5801	328.0	0	0	0	1200	0
1	346	464	401	1252	5806	326.0	0	0	0	1200	0
1	349	467	404	1260	5801	328.0	0	0	0	1200	0
1	346	464	401	1252	5806	326.0	0	0	0	1200	0
2	349	467	404	1261	5801	328.0	0	0	0	1200	1
2	347	465	409	1261	5881	321.0	0	0	0	1200	1
2	479	1148	3979	5766	33040	0.0	0	0	0	1200	1
2	476	1145	3977	5760	33223	0.0	0	0	0	1200	1
2	476	1145	3977	5759	33223	0.0	0	0	0	1200	1
2	479	1148	3978	5766	33032	0.0	0	0	0	1200	1
2	476	1146	3982	5766	33263	0.0	0	0	0	1200	1
2	479	1148	3983	5772	33072	0.0	0	0	0	1200	1
2	476	1144	3976	5757	33215	0.0	0	0	0	1200	1
2	478	1148	3981	5769	33122	0.0	0	0	0	1200	1
2	477	1146	3983	5767	33204	0.0	0	0	0	1200	1
2	479	1147	3978	5766	33032	0.0	0	0	0	1200	1
2	476	1144	3976	5758	33215	0.0	0	0	0	1200	1
2	479	1149	3986	5775	33095	0.0	0	0	0	1200	1
2	477	1145	3979	5762	33172	0.0	0	0	0	1200	1
2	479	1148	3978	5766	33032	0.0	0	0	0	1200	1
2	477	1146	3982	5765	33196	0.0	0	0	0	1200	1
2	479	1148	3983	5771	33072	0.0	0	0	0	1200	1
2	477	1145	3976	5759	33148	0.0	0	0	0	1200	1
2	479	1149	3984	5773	33080	0.0	0	0	0	1200	1
2	477	1146	3981	5765	33188	0.0	0	0	0	1200	1
2	478	1147	3978	5765	33098	0.0	0	0	0	1200	1
2	478	1148	3984	5773	33146	0.0	0	0	0	1200	1
2	477	1145	3976	5759	33148	0.0	0	0	0	1200	1
2	478	1147	3979	5767	33106	0.0	0	0	0	1200	1
2	477	1147	3984	5769	33212	0.0	0	0	0	1200	1
2	478	1147	3977	5764	33090	0.0	0	0	0	1200	1
2	477	1146	3978	5762	33164	0.0	0	0	0	1200	0
2	453	1017	3295	4904	29103	0.0	0	0	0	1200	0
2	347	465	402	1256	5804	327.0	0	0	0	1200	0
2	348	466	403	1258	5803	327.0	0	0	0	1200	0
2	347	465	402	1256	5804	327.0	0	0	0	1200	0
2	348	466	403	1258	5803	327.0	0	0	0	1200	0
2	348	466	403	1257	5803	327.0	0	0	0	1200	0
3	349	467	404	1260	5801	328.0	0	0	0	1200	1
3	348	467	404	1259	5814	328.0	0	0	0	1200	1
3	478	1148	3982	5770	33130	0.0	0	0	0	1200	1
3	479	1148	3984	5772	33080	0.0	0	0	0	1200	1
3	478	1146	3977	5762	33090	0.0	0	0	0	1200	1
3	478	1147	3983	5770	33138	0.0	0	0	0	1200	1
3	478	1147	3977	5764	33090	0.0	0	0	0	1200	1
3	478	1147	3984	5770	33146	0.0	0	0	0	1200	1
3	478	1147	3981	5768	33122	0.0	0	0	0	1200	1
3	477	1145	3976	5760	33148	0.0	0	0	0	1200	1
3	478	1148	3985	5773	33154	0.0	0	0	0	1200	1
3	477	1145	3978	5762	33164	0.0	0	0	0	1200	1
3	478	1146	3977	5762	33090	0.0	0	0	0	1200	1
3	476	1146	3983	5766	33271	0.0	0	0	0	1200	1
3	477	1146	3979	5765	33172	0.0	0	0	0	1200	1
3	476	1144	3975	5756	33207	0.0	0	0	0	1200	1
3	478	1147	3984	5771	33146	0.0	0	0	0	1200	1
3	476	1144	3978	5760	33231	0.0	0	0	0	1200	1
3	478	1146	3977	5762	33090	0.0	0	0	0	1200	1
3	476	1145	3983	5766	33271	0.0	0	0	0	1200	1
3	477	1146	3979	5764	33172	0.0	0	0	0	1200	1
3	475	1143	3974	5754	33266	0.0	0	0	0	1200	1
3	478	1147	3984	5771	33146	0.0	0	0	0	1200	1
3	475	1144	3976	5756	33282	0.0	0	0	0	1200	1
3	478	1145	3982	5763	33130	0.0	0	0	0	1200	1
3	478	1147	3979	5764	33106	0.0	0	0	0	1200	1
3	475	1143	3974	5754	33266	0.0	0	0	0	1200	1
3	478	1147	3985	5771	33154	0.0	0	0	0	1200	0
3	446	988	3161	4727	28394	0.0	0	0	0	1200	0
3	348	466	403	1258	5803	327.0	0	0	0	1200	0
3	346	463	401	1250	5806	324.0	0	0	0	1200	0
3	348	467	404	1259	5814	328.0	0	0	0	1200	0
3	346	463	401	1251	5806	324.0	0	0	0	1200	0
3	348	467	404	1260	5814	328.0	0	0	0	1200	0
4	346	464	401	1251	5806	326.0	0	0	0	1200	1
4	349	467	404	1261	5801	328.0	0	0	0	1200	1
4	347	465	402	1255	5804	327.0	0	0	0	1200	1
4	416	814	2215	3546	21677	0.0	0	0	0	1200	1
4	414	812	2222	3550	21839	0.0	0	0	0	1200	1
4	417	816	2231	3566	21774	0.0	0	0	0	1200	1
4	414	811	2220	3547	21821	0.0	0	0	0	1200	1
4	416	814	2224	3556	21759	0.0	0	0	0	1200	1
4	414	813	2228	3557	21895	0.0	0	0	0	1200	1
4	413	811	2221	3547	21880	0.0	0	0	0	1200	1
4	415	815	2230	3562	21864	0.0	0	0	0	1200	1
4	413	810	2212	3536	21797	0.0	0	0	0	1200	1
4	415	814	2223	3554	21799	0.0	0	0	0	1200	1
4	414	813	2228	3556	21895	0.0	0	0	0	1200	1
4	413	801	2159	3474	21308	0.0	0	0	0	1200	1
4	412	801	2166	3478	21421	0.0	0	0	0	1200	1
4	413	802	2159	3474	21308	0.0	0	0	0	1200	1
4	411	799	2158	3468	21395	0.0	0	0	0	1200	1
4	413	801	2159	3473	21308	0.0	0	0	0	1200	1
4	412	801	2166	3479	21421	0.0	0	0	0	1200	1
4	413	801	2159	3473	21308	0.0	0	0	0	1200	1
4	412	800	2158	3471	21347	0.0	0	0	0	1200	1
4	413	801	2159	3474	21308	0.0	0	0	0	1200	1
4	412	801	2158	3471	21347	0.0	0	0	0	1200	1
4	413	801	2159	3473	21308	0.0	0	0	0	1200	1
4	412	801	2159	3472	21356	0.0	0	0	0	1200	1
4	415	813	2222	3552	21790	0.0	0	0	0	1200	1
4	415	814	2227	3557	21836	0.0	0	0	0	1200	0
4	394	703	1642	2821	17269	0.0	0	0	0	1200	0
4	348	466	404	1259	5814	326.0	0	0	0	1200	0
4	349	467	404	1260	5801	328.0	0	0	0	1200	0
4	348	466	403	1258	5803	327.0	0	0	0	1200	0
4	349	467	404	1260	5801	328.0	0	0	0	1200	0
4	348	466	403	1258	5803	327.0	0	0	0	1200	0
5	349	468	405	1262	5812	328.0	0	0	131	1200	1
5	348	466	403	1259	5803	327.0	0	0	131	1200	1
5	413	802	2159	3474	21308	0.0	0	0	131	1200	1
5	413	807	2191	3512	21603	0.0	0	0	131	1200	1
5	414	808	2193	3516	21572	0.0	0	0	131	1200	1
5	413	808	2199	3521	21677	0.0	0	0	131	1200	1
5	414	808	2193	3515	21572	0.0	0	0	131	1200	1
5	412	806	2191	3509	21652	0.0	0	0	131	1200	1
5	414	808	2193	3516	21572	0.0	0	0	131	1200	1
5	413	806	2191	3510	21603	0.0	0	0	131	1200	1
5	414	808	2193	3516	21572	0.0	0	0	131	1200	1
5	414	808	2193	3517	21572	0.0	0	0	131	1200	1
5	412	806	2191	3509	21652	0.0	0	0	131	1200	1
5	416	820	2254	3594	22034	0.0	0	0	131	1200	1
5	414	817	2252	3587	22115	0.0	0	0	131	1200	1
5	417	822	2262	3604	22058	0.0	0	0	131	1200	1
5	415	818	2256	3591	22102	0.0	0	0	131	1200	1
5	417	820	2255	3595	21994	0.0	0	0	131	1200	1
5	415	819	2260	3596	22139	0.0	0	0	131	1200	1
5	417	821	2257	3598	22012	0.0	0	0	131	1200	1
5	414	817	2252	3586	22115	0.0	0	0	131	1200	1
5	417	820	2255	3595	21994	0.0	0	0	131	1200	1
5	415	818	2253	3588	22075	0.0	0	0	131	1200	1
5	417	821	2255	3595	21994	0.0	0	0	131	1200	1
5	415	819	2260	3597	22139	0.0	0	0	131	1200	1
5	415	810	2201	3528	21597	0.0	0	0	131	1200	1
5	412	806	2191	3509	21652	0.0	0	0	131	1200	1
5	415	809	2193	3518	21524	0.0	0	0	131	1200	0
5	412	806	2191	3509	21652	0.0	0	0	131	1200	0
5	348	465	403	1256	5803	326.0	0	0	131	1200	0
5	350	468	405	1264	5799	328.0	0	0	131	1200	0
5	348	465	403	1256	5803	326.0	0	0	131	1200	0
5	350	468	405	1264	5799	328.0	0	0	131	1200	0
5	348	465	403	1256	5803	326.0	0	0	131	1200	0
6	350	468	405	1264	5799	328.0	0	0	263	1200	1
6	348	465	403	1256	5803	326.0	0	0	263	1200	1
6	413	802	2161	3476	21326	0.0	0	0	263	1200	1
6	419	842	2380	3747	23032	0.0	0	0	263	1200	1
6	421	845	2383	3756	22956	0.0	0	0	263	1200	1
6	419	842	2381	3749	23041	0.0	0	0	263	1200	1
6	421	845	2382	3755	22947	0.0	0	0	263	1200	1
6	420	844	2388	3758	23053	0.0	0	0	263	1200	1
6	421	845	2383	3755	22956	0.0	0	0	263	1200	1
6	419	842	2380	3748	23032	0.0	0	0	263	1200	1
6	421	844	2382	3754	22947	0.0	0	0	263	1200	1
6	419	843	2381	3749	23041	0.0	0	0	263	1200	1
6	420	844	2381	3753	22990	0.0	0	0	263	1200	1
6	422	852	2423	3806	23266	0.0	0	0	263	1200	1
6	421	852	2429	3810	23373	0.0	0	0	263	1200	1
6	422	855	2438	3823	23402	0.0	0	0	263	1200	1
6	422	855	2443	3829	23447	0.0	0	0	263	1200	1
6	422	854	2437	3821	23393	0.0	0	0	263	1200	1
6	422	854	2437	3820	23393	0.0	0	0	263	1200	1
6	422	855	2444	3829	23456	0.0	0	0	263	1200	1
6	421	853	2435	3818	23427	0.0	0	0	263	1200	1
6	421	853	2437	3820	23445	0.0	0	0	263	1200	1
6	422	855	2443	3829	23447	0.0	0	0	263	1200	1
6	422	852	2429	3811	23321	0.0	0	0	263	1200	1
6	423	855	2438	3824	23350	0.0	0	0	263	1200	1
6	420	844	2382	3753	22999	0.0	0	0	263	1200	1
6	421	844	2382	3753	22947	0.0	0	0	263	1200	1
6	420	845	2389	3762	23062	0.0	0	0	263	1200	0
6	421	845	2383	3756	22956	0.0	0	0	263	1200	0
6	417	828	2299	3648	22396	0.0	0	0	263	1200	0
6	350	468	405	1264	5799	328.0	0	0	263	1200	0
6	349	469	405	1260	5812	330.0	0	0	263	1200	0
6	349	467	404	1260	5801	328.0	0	0	263	1200	0
6	350	469	405	1264	5799	330.0	0	0	263	1200	0
7	349	467	403	1259	5790	328.0	0	0	394	1200	1
7	350	469	405	1265	5799	330.0	0	0	394	1200	1
7	361	535	760	1707	9412	170.0	0	0	394	1200	1
7	429	885	2589	4016	24384	0.0	0	0	394	1200	1
7	429	892	2638	4075	24819	0.0	0	0	394	1200	1
7	431	894	2638	4078	24710	0.0	0	0	394	1200	1
7	428	890	2634	4068	24838	0.0	0	0	394	1200	1
7	430	893	2639	4078	24773	0.0	0	0	394	1200	1
7	428	891	2641	4076	24900	0.0	0	0	394	1200	1
7	430	893	2636	4074	24747	0.0	0	0	394	1200	1
7	428	890	2636	4069	24856	0.0	0	0	394	1200	1
7	430	894	2644	4084	24818	0.0	0	0	394	1200	1
7	428	890	2633	4066	24829	0.0	0	0	394	1200	1
7	430	893	2638	4077	24764	0.0	0	0	394	1200	1
7	428	890	2635	4069	24847	0.0	0	0	394	1200	1
7	430	893	2636	4075	24747	0.0	0	0	394	1200	1
7	429	884	2590	4017	24393	0.0	0	0	394	1200	1
7	426	881	2586	4006	24519	0.0	0	0	394	1200	1
7	429	884	2590	4017	24393	0.0	0	0	394	1200	1
7	426	881	2587	4007	24528	0.0	0	0	394	1200	1
7	428	884	2589	4015	24437	0.0	0	0	394	1200	1
7	426	883	2594	4016	24590	0.0	0	0	394	1200	1
7	429	884	2588	4015	24375	0.0	0	0	394	1200	1
7	426	881	2586	4007	24519	0.0	0	0	394	1200	1
7	429	884	2590	4017	24393	0.0	0	0	394	1200	1
7	426	881	2586	4006	24519	0.0	0	0	394	1200	1
7	428	884	2589	4016	24437	0.0	0	0	394	1200	1
7	428	892	2642	4077	24909	0.0	0	0	394	1200	1
7	430	893	2636	4075	24747	0.0	0	0	394	1200	0
7	412	804	2179	3494	21541	0.0	0	0	394	1200	0
7	350	468	405	1263	5799	328.0	0	0	394	1200	0
7	347	465	403	1255	5815	326.0	0	0	394	1200	0
7	349	468	405	1263	5812	328.0	0	0	394	1200	0
7	347	465	403	1256	5815	326.0	0	0	394	1200	0
8	348	466	403	1256	5803	327.0	0	0	526	1200	1
8	349	468	405	1263	5812	328.0	0	0	526	1200	1
8	408	780	2056	3340	20590	0.0	0	0	526	1200	1
8	437	928	2820	4305	25977	0.0	0	0	526	1200	1
8	435	924	2810	4291	26002	0.0	0	0	526	1200	1
8	436	926	2809	4292	25937	0.0	0	0	526	1200	1
8	435	924	2808	4287	25985	0.0	0	0	526	1200	1
8	436	927	2817	4302	26007	0.0	0	0	526	1200	1
8	435	924	2808	4287	25985	0.0	0	0	526	1200	1
8	436	925	2809	4291	25937	0.0	0	0	526	1200	1
8	435	924	2811	4292	26011	0.0	0	0	526	1200	1
8	436	926	2814	4298	25981	0.0	0	0	526	1200	1
8	435	924	2808	4288	25985	0.0	0	0	526	1200	1
8	436	925	2811	4294	25955	0.0	0	0	526	1200	1
8	435	924	2808	4288	25985	0.0	0	0	526	1200	1
8	437	931	2844	4335	26186	0.0	0	0	526	1200	1
8	437	933	2855	4349	26282	0.0	0	0	526	1200	1
8	437	933	2852	4346	26256	0.0	0	0	526	1200	1
8	439	935	2856	4353	26177	0.0	0	0	526	1200	1
8	438	935	2854	4350	26216	0.0	0	0	526	1200	1
8	439	934	2850	4346	26125	0.0	0	0	526	1200	1
8	439	936	2855	4353	26169	0.0	0	0	526	1200	1
8	439	936	2856	4354	26177	0.0	0	0	526	1200	1
8	439	934	2846	4342	26090	0.0	0	0	526	1200	1
8	439	936	2854	4352	26160	0.0	0	0	526	1200	1
8	440	937	2858	4358	26138	0.0	0	0	526	1200	1
8	437	927	2810	4296	25890	0.0	0	0	526	1200	1
8	438	929	2813	4302	25860	0.0	0	0	526	1200	1
8	437	928	2812	4299	25907	0.0	0	0	526	1200	0
8	432	899	2657	4105	24824	0.0	0	0	526	1200	0
8	350	469	405	1265	5799	330.0	0	0	526	1200	0
8	351	470	407	1269	5808	329.0	0	0	526	1200	0
8	350	469	405	1265	5799	330.0	0	0	526	1200	0
8	351	471	407	1270	5808	331.0	0	0	526	1200	0
8	350	469	405	1265	5799	330.0	0	0	526	1200	0
9	352	471	407	1271	5796	331.0	0	0	657	1200	1
9	411	781	2036	3323	20264	0.0	0	0	657	1200	1
9	446	974	3061	4611	27539	0.0	0	0	657	1200	1
9	447	972	3040	4589	27302	0.0	0	0	657	1200	1
9	446	971	3042	4588	27377	0.0	0	0	657	1200	1
9	447	973	3040	4590	27302	0.0	0	0	657	1200	1
9	446	970	3038	4584	27343	0.0	0	0	657	1200	1
9	448	974	3044	4595	27278	0.0	0	0	657	1200	1
9	446	971	3044	4591	27394	0.0	0	0	657	1200	1
9	447	973	3040	4590	27302	0.0	0	0	657	1200	1
9	445	971	3041	4587	27427	0.0	0	0	657	1200	1
9	447	974	3043	4595	27327	0.0	0	0	657	1200	1
9	445	970	3038	4583	27401	0.0	0	0	657	1200	1
9	447	973	3043	4594	27327	0.0	0	0	657	1200	1
9	446	977	3074	4628	27650	0.0	0	0	657	1200	1
9	449	979	3073	4632	27467	0.0	0	0	657	1200	1
9	446	976	3069	4622	27608	0.0	0	0	657	1200	1
9	449	981	3080	4641	27526	0.0	0	0	657	1200	1
9	446	976	3070	4623	27616	0.0	0	0	657	1200	1
9	447	978	3078	4634	27626	0.0	0	0	657	1200	1
9	449	979	3073	4632	27467	0.0	0	0	657	1200	1
9	446	977	3072	4626	27633	0.0	0	0	657	1200	1
9	449	981	3080	4641	27526	0.0	0	0	657	1200	1
9	446	976	3070	4623	27616	0.0	0	0	657	1200	1
9	449	979	3071	4629	27450	0.0	0	0	657	1200	1
9	445	971	3041	4587	27427	0.0	0	0	657	1200	1
9	447	973	3040	4590	27302	0.0	0	0	657	1200	1
9	445	970	3038	4583	27401	0.0	0	0	657	1200	0
9	438	923	2779	4262	25564	0.0	0	0	657	1200	0
9	350	469	405	1264	5799	330.0	0	0	657	1200	0
9	352	472	408	1273	5807	332.0	0	0	657	1200	0
9	350	469	405	1264	5799	330.0	0	0	657	1200	0
9	352	472	408	1272	5807	332.0	0	0	657	1200	0
9	350	469	405	1264	5799	330.0	0	0	657	1200	0
10	352	472	407	1272	5796	332.0	0	0	789	1200	1
10	350	469	405	1264	5799	330.0	0	0	789	1200	1
10	382	633	1255	2339	13908	0.0	0	0	789	1200	1
10	454	1015	3268	4880	28816	0.0	0	0	789	1200	1
10	454	1018	3291	4901	29009	0.0	0	0	789	1200	1
10	457	1022	3301	4918	28911	0.0	0	0	789	1200	1
10	454	1018	3289	4900	28992	0.0	0	0	789	1200	1
10	456	1021	3293	4908	28904	0.0	0	0	789	1200	1
10	455	1020	3298	4911	29007	0.0	0	0	789	1200	1
10	456	1021	3295	4911	28921	0.0	0	0	789	1200	1
10	455	1018	3291	4902	28948	0.0	0	0	789	1200	1
10	456	1021	3298	4914	28946	0.0	0	0	789	1200	1
10	455	1020	3296	4909	28990	0.0	0	0	789	1200	1
10	456	1020	3292	4907	28896	0.0	0	0	789	1200	1
10	455	1019	3294	4906	28973	0.0	0	0	789	1200	1
10	456	1021	3296	4912	28929	0.0	0	0	789	1200	1
10	454	1014	3266	4872	28799	0.0	0	0	789	1200	1
10	455	1016	3269	4877	28764	0.0	0	0	789	1200	1
10	454	1015	3271	4878	28841	0.0	0	0	789	1200	1
10	455	1015	3268	4875	28756	0.0	0	0	789	1200	1
10	454	1014	3267	4872	28807	0.0	0	0	789	1200	1
10	455	1016	3273	4881	28797	0.0	0	0	789	1200	1
10	455	1016	3271	4878	28781	0.0	0	0	789	1200	1
10	455	1015	3272	4879	28789	0.0	0	0	789	1200	1
10	455	1015	3267	4874	28747	0.0	0	0	789	1200	1
10	454	1015	3267	4873	28807	0.0	0	0	789	1200	1
10	455	1016	3277	4886	28831	0.0	0	0	789	1200	1
10	456	1020	3295	4909	28921	0.0	0	0	789	1200	0
10	444	959	2978	4509	26945	0.0	0	0	789	1200	0
10	351	470	406	1269	5798	330.0	0	0	789	1200	0
10	351	470	406	1267	5798	330.0	0	0	789	1200	0
10	351	470	406	1269	5798	330.0	0	0	789	1200	0
10	350	469	406	1266	5810	329.0	0	0	789	1200	0
10	351	471	407	1269	5808	331.0	0	0	789	1200	0
11	350	469	406	1266	5810	329.0	0	0	921	1200	1
11	351	471	407	1270	5808	331.0	0	0	921	1200	1
11	405	757	1917	3171	19425	0.0	0	0	921	1200	1
11	464	1062	3513	5184	30236	0.0	0	0	921	1200	1
11	462	1058	3498	5163	30238	0.0	0	0	921	1200	1
11	464	1060	3502	5172	30146	0.0	0	0	921	1200	1
11	464	1059	3496	5164	30097	0.0	0	0	921	1200	1
11	462	1058	3500	5166	30254	0.0	0	0	921	1200	1
11	464	1059	3496	5164	30097	0.0	0	0	921	1200	1
11	462	1057	3494	5158	30205	0.0	0	0	921	1200	1
11	464	1060	3502	5172	30146	0.0	0	0	921	1200	1
11	462	1057	3495	5158	30213	0.0	0	0	921	1200	1
11	464	1060	3498	5167	30113	0.0	0	0	921	1200	1
11	462	1057	3500	5164	30254	0.0	0	0	921	1200	1
11	464	1060	3497	5166	30105	0.0	0	0	921	1200	1
11	462	1060	3511	5178	30345	0.0	0	0	921	1200	1
11	465	1064	3518	5192	30215	0.0	0	0	921	1200	1
11	462	1060	3514	5182	30370	0.0	0	0	921	1200	1
11	464	1063	3513	5186	30236	0.0	0	0	921	1200	1
11	462	1061	3516	5185	30386	0.0	0	0	921	1200	1
11	465	1064	3518	5193	30215	0.0	0	0	921	1200	1
11	462	1060	3511	5178	30345	0.0	0	0	921	1200	1
11	465	1063	3517	5191	30207	0.0	0	0	921	1200	1
11	462	1061	3517	5186	30394	0.0	0	0	921	1200	1
11	462	1060	3513	5180	30361	0.0	0	0	921	1200	1
11	465	1064	3521	5196	30240	0.0	0	0	921	1200	1
11	462	1056	3494	5157	30205	0.0	0	0	921	1200	1
11	464	1060	3497	5165	30105	0.0	0	0	921	1200	0
11	454	1017	3287	4896	28975	0.0	0	0	921	1200	0
11	352	472	408	1273	5807	332.0	0	0	921	1200	0
11	350	469	405	1264	5799	330.0	0	0	921	1200	0
11	352	472	408	1273	5807	332.0	0	0	921	1200	0
11	350	469	405	1264	5799	330.0	0	0	921	1200	0
11	352	472	408	1272	5807	332.0	0	0	921	1200	0
12	350	469	405	1264	5799	330.0	0	0	1052	1200	1
12	352	471	407	1272	5796	331.0	0	0	1052	1200	1
12	404	752	1893	3139	19243	0.0	0	0	1052	1200	1
12	472	1105	3735	5466	31540	0.0	0	0	1052	1200	1
12	470	1102	3734	5459	31660	0.0	0	0	1052	1200	1
12	472	1102	3724	5451	31451	0.0	0	0	1052	1200	1
12	470	1100	3723	5446	31571	0.0	0	0	1052	1200	1
12	472	1104	3730	5459	31499	0.0	0	0	1052	1200	1
12	472	1102	3724	5452	31451	0.0	0	0	1052	1200	1
12	471	1101	3728	5453	31547	0.0	0	0	1052	1200	1
12	472	1102	3724	5451	31451	0.0	0	0	1052	1200	1
12	470	1101	3724	5447	31579	0.0	0	0	1052	1200	1
12	472	1103	3730	5458	31499	0.0	0	0	1052	1200	1
12	470	1100	3721	5444	31554	0.0	0	0	1052	1200	1
12	472	1103	3727	5454	31475	0.0	0	0	1052	1200	1
12	471	1104	3738	5466	31628	0.0	0	0	1052	1200	1
12	472	1104	3732	5460	31515	0.0	0	0	1052	1200	1
12	471	1103	3733	5460	31587	0.0	0	0	1052	1200	1
12	472	1105	3738	5468	31564	0.0	0	0	1052	1200	1
12	471	1102	3731	5457	31571	0.0	0	0	1052	1200	1
12	472	1104	3732	5461	31515	0.0	0	0	1052	1200	1
12	471	1104	3739	5468	31636	0.0	0	0	1052	1200	1
12	472	1103	3732	5460	31515	0.0	0	0	1052	1200	1
12	471	1103	3731	5457	31571	0.0	0	0	1052	1200	1
12	472	1104	3738	5467	31564	0.0	0	0	1052	1200	1
12	471	1103	3735	5462	31604	0.0	0	0	1052	1200	1
12	471	1102	3726	5452	31531	0.0	0	0	1052	1200	1
12	471	1102	3728	5454	31547	0.0	0	0	1052	1200	0
12	459	1035	3373	5007	29389	0.0	0	0	1052	1200	0
12	351	470	406	1268	5798	330.0	0	0	1052	1200	0
12	351	470	407	1269	5808	329.0	0	0	1052	1200	0
12	351	470	406	1267	5798	330.0	0	0	1052	1200	0
12	351	470	407	1269	5808	329.0	0	0	1052	1200	0
12	351	470	406	1267	5798	330.0	0	0	1052	1200	0
13	351	471	407	1269	5808	331.0	0	0	1184	1200	1
13	350	469	406	1266	5810	329.0	0	0	1184	1200	1
13	396	705	1640	2824	17169	0.0	0	0	1184	1200	1
13	479	1145	3954	5738	32841	0.0	0	0	1184	1200	1
13	480	1145	3952	5738	32760	0.0	0	0	1184	1200	1
13	479	1145	3956	5740	32857	0.0	0	0	1184	1200	1
13	480	1147	3958	5746	32807	0.0	0	0	1184	1200	1
13	479	1144	3951	5734	32817	0.0	0	0	1184	1200	1
13	480	1146	3956	5744	32791	0.0	0	0	1184	1200	1
13	479	1145	3958	5742	32873	0.0	0	0	1184	1200	1
13	480	1144	3953	5740	32767	0.0	0	0	1184	1200	1
13	481	1148	3961	5750	32766	0.0	0	0	1184	1200	1
13	479	1144	3951	5734	32817	0.0	0	0	1184	1200	1
13	480	1146	3954	5742	32775	0.0	0	0	1184	1200	1
13	479	1145	3959	5743	32881	0.0	0	0	1184	1200	1
13	480	1146	3954	5741	32775	0.0	0	0	1184	1200	1
13	478	1144	3951	5733	32883	0.0	0	0	1184	1200	1
13	481	1148	3960	5749	32758	0.0	0	0	1184	1200	1
13	478	1144	3951	5734	32883	0.0	0	0	1184	1200	1
13	480	1146	3952	5739	32760	0.0	0	0	1184	1200	1
13	478	1144	3956	5739	32923	0.0	0	0	1184	1200	1
13	481	1147	3956	5744	32726	0.0	0	0	1184	1200	1
13	478	1143	3950	5731	32875	0.0	0	0	1184	1200	1
13	481	1147	3958	5747	32742	0.0	0	0	1184	1200	1
13	478	1144	3954	5736	32907	0.0	0	0	1184	1200	1
13	480	1146	3952	5739	32760	0.0	0	0	1184	1200	1
13	478	1144	3956	5739	32923	0.0	0	0	1184	1200	1
13	481	1147	3956	5745	32726	0.0	0	0	1184	1200	0
13	478	1143	3950	5731	32875	0.0	0	0	1184	1200	0
13	350	468	405	1264	5799	328.0	0	0	1184	1200	0
13	352	472	408	1272	5807	332.0	0	0	1184	1200	0
13	350	469	405	1264	5799	330.0	0	0	1184	1200	0
13	352	472	408	1272	5807	332.0	0	0	1184	1200	0
13	350	469	405	1264	5799	330.0	0	0	1184	1200	0
14	352	472	408	1273	5807	332.0	0	0	1315	1200	1
14	350	469	405	1264	5799	330.0	0	0	1315	1200	1
14	402	732	1778	2999	18242	0.0	0	0	1315	1200	1
14	487	1187	4178	6020	34077	0.0	0	0	1315	1200	1
14	489	1188	4174	6019	33912	0.0	0	0	1315	1200	1
14	487	1187	4178	6020	34077	0.0	0	0	1315	1200	1
14	489	1191	4188	6037	34021	0.0	0	0	1315	1200	1
14	487	1187	4179	6021	34085	0.0	0	0	1315	1200	1
14	489	1190	4181	6029	33966	0.0	0	0	1315	1200	1
14	487	1189	4187	6031	34147	0.0	0	0	1315	1200	1
14	489	1190	4180	6027	33959	0.0	0	0	1315	1200	1
14	487	1188	4181	6024	34100	0.0	0	0	1315	1200	1
14	489	1191	4188	6037	34021	0.0	0	0	1315	1200	1
14	489	1190	4183	6031	33982	0.0	0	0	1315	1200	1
14	487	1188	4184	6029	34124	0.0	0	0	1315	1200	1
14	489	1189	4179	6025	33951	0.0	0	0	1315	1200	1
14	487	1187	4174	6016	34045	0.0	0	0	1315	1200	1
14	489	1189	4179	6026	33951	0.0	0	0	1315	1200	1
14	487	1186	4172	6013	34030	0.0	0	0	1315	1200	1
14	488	1188	4175	6020	33986	0.0	0	0	1315	1200	1
14	487	1187	4178	6021	34077	0.0	0	0	1315	1200	1
14	488	1188	4172	6016	33963	0.0	0	0	1315	1200	1
14	487	1187	4175	6018	34053	0.0	0	0	1315	1200	1
14	488	1189	4179	6025	34018	0.0	0	0	1315	1200	1
14	487	1186	4171	6013	34022	0.0	0	0	1315	1200	1
14	488	1188	4175	6020	33986	0.0	0	0	1315	1200	1
14	488	1188	4178	6022	34010	0.0	0	0	1315	1200	1
14	488	1187	4171	6015	33955	0.0	0	0	1315	1200	1
14	488	1189	4182	6026	34041	0.0	0	0	1315	1200	0
14	482	1157	4012	5814	33104	0.0	0	0	1315	1200	0
14	351	470	406	1269	5798	330.0	0	0	1315	1200	0
14	351	470	406	1269	5798	330.0	0	0	1315	1200	0
14	351	470	407	1269	5808	329.0	0	0	1315	1200	0
14	351	470	406	1269	5798	330.0	0	0	1315	1200	0
15	351	470	406	1268	5798	330.0	0	0	1447	1200	1
15	351	471	407	1269	5808	331.0	0	0	1447	1200	1
15	400	727	1757	2970	18126	0.0	0	0	1447	1200	1
15	496	1230	4400	6302	35189	0.0	0	0	1447	1200	1
15	495	1229	4393	6292	35203	0.0	0	0	1447	1200	1
15	497	1232	4409	6314	35190	0.0	0	0	1447	1200	1
15	496	1232	4414	6319	35296	0.0	0	0	1447	1200	1
15	497	1232	4409	6315	35190	0.0	0	0	1447	1200	1
15	496	1232	4414	6318	35296	0.0	0	0	1447	1200	1
15	497	1234	4415	6323	35236	0.0	0	0	1447	1200	1
15	496	1231	4407	6310	35243	0.0	0	0	1447	1200	1
15	497	1234	4414	6322	35228	0.0	0	0	1447	1200	1
15	496	1232	4414	6318	35296	0.0	0	0	1447	1200	1
15	497	1233	4409	6315	35190	0.0	0	0	1447	1200	1
15	496	1232	4412	6316	35281	0.0	0	0	1447	1200	1
15	495	1230	4407	6309	35311	0.0	0	0	1447	1200	1
15	497	1231	4400	6304	35121	0.0	0	0	1447	1200	1
15	495	1229	4397	6296	35234	0.0	0	0	1447	1200	1
15	497	1231	4394	6297	35075	0.0	0	0	1447	1200	1
15	495	1229	4398	6298	35242	0.0	0	0	1447	1200	1
15	497	1232	4400	6305	35121	0.0	0	0	1447	1200	1
15	495	1227	4392	6289	35196	0.0	0	0	1447	1200	1
15	497	1232	4401	6306	35129	0.0	0	0	1447	1200	1
15	495	1228	4395	6294	35219	0.0	0	0	1447	1200	1
15	497	1231	4396	6299	35090	0.0	0	0	1447	1200	1
15	495	1229	4399	6298	35249	0.0	0	0	1447	1200	1
15	497	1231	4397	6300	35098	0.0	0	0	1447	1200	1
15	494	1227	4391	6288	35256	0.0	0	0	1447	1200	1
15	497	1235	4416	6324	35244	0.0	0	0	1447	1200	0
15	483	1166	4071	5885	33503	0.0	0	0	1447	1200	0
15	352	472	408	1273	5807	332.0	0	0	1447	1200	0
15	350	469	405	1265	5799	330.0	0	0	1447	1200	0
15	352	472	408	1274	5807	332.0	0	0	1447	1200	0
15	352	472	408	1273	5807	332.0	0	0	1447	1200	0
15	350	469	405	1265	5799	330.0	0	0	1447	1200	0
16	352	472	408	1273	5807	332.0	0	0	1578	1200	1
16	406	761	1941	3200	19605	0.0	0	0	1578	1200	1
16	506	1277	4639	6607	36321	0.0	0	0	1578	1200	1
16	504	1275	4639	6601	36459	0.0	0	0	1578	1200	1
16	506	1279	4648	6617	36388	0.0	0	0	1578	1200	1
16	504	1274	4635	6597	36429	0.0	0	0	1578	1200	1
16	505	1274	4620	6582	36246	0.0	0	0	1578	1200	1
16	503	1271	4618	6575	36370	0.0	0	0	1578	1200	1
16	505	1273	4615	6576	36209	0.0	0	0	1578	1200	1
16	503	1271	4619	6576	36377	0.0	0	0	1578	1200	1
16	505	1274	4622	6584	36261	0.0	0	0	1578	1200	1
16	503	1270	4612	6568	36324	0.0	0	0	1578	1200	1
16	505	1274	4622	6584	36261	0.0	0	0	1578	1200	1
16	503	1271	4616	6573	36355	0.0	0	0	1578	1200	1
16	505	1273	4618	6579	36231	0.0	0	0	1578	1200	1
16	503	1272	4621	6579	36393	0.0	0	0	1578	1200	1
16	505	1271	4616	6577	36216	0.0	0	0	1578	1200	1
16	505	1277	4642	6609	36412	0.0	0	0	1578	1200	1
16	504	1276	4641	6605	36474	0.0	0	0	1578	1200	1
16	505	1276	4637	6603	36375	0.0	0	0	1578	1200	1
16	505	1277	4645	6611	36435	0.0	0	0	1578	1200	1
16	505	1277	4641	6607	36405	0.0	0	0	1578	1200	1
16	504	1275	4636	6600	36436	0.0	0	0	1578	1200	1
16	505	1278	4647	6614	36450	0.0	0	0	1578	1200	1
16	504	1276	4638	6602	36452	0.0	0	0	1578	1200	1
16	505	1276	4638	6603	36382	0.0	0	0	1578	1200	1
16	505	1277	4647	6613	36450	0.0	0	0	1578	1200	1
16	505	1276	4638	6602	36382	0.0	0	0	1578	1200	0
16	502	1263	4572	6519	36090	0.0	0	0	1578	1200	0
16	351	471	407	1269	5808	331.0	0	0	1578	1200	0
16	351	471	407	1269	5808	331.0	0	0	1578	1200	0
16	351	470	406	1268	5798	330.0	0	0	1578	1200	0
16	351	471	407	1270	5808	331.0	0	0	1578	1200	0
16	351	470	406	1268	5798	330.0	0	0	1578	1200	0
17	351	471	407	1270	5808	331.0	0	0	1710	1200	1
17	397	708	1651	2839	17235	0.0	0	0	1710	1200	1
17	511	1313	4838	6853	37462	0.0	0	0	1710	1200	1
17	513	1316	4845	6864	37374	0.0	0	0	1710	1200	1
17	511	1313	4836	6850	37448	0.0	0	0	1710	1200	1
17	514	1321	4869	6895	37482	0.0	0	0	1710	1200	1
17	513	1321	4878	6903	37619	0.0	0	0	1710	1200	1
17	514	1320	4867	6892	37467	0.0	0	0	1710	1200	1
17	512	1319	4868	6891	37615	0.0	0	0	1710	1200	1
17	514	1322	4879	6908	37556	0.0	0	0	1710	1200	1
17	512	1318	4867	6889	37608	0.0	0	0	1710	1200	1
17	514	1321	4872	6899	37504	0.0	0	0	1710	1200	1
17	512	1320	4876	6900	37675	0.0	0	0	1710	1200	1
17	514	1321	4868	6894	37474	0.0	0	0	1710	1200	1
17	512	1319	4871	6893	37638	0.0	0	0	1710	1200	1
17	514	1322	4876	6905	37534	0.0	0	0	1710	1200	1
17	512	1317	4861	6880	37563	0.0	0	0	1710	1200	1
17	513	1316	4843	6862	37359	0.0	0	0	1710	1200	1
17	511	1312	4838	6851	37462	0.0	0	0	1710	1200	1
17	511	1313	4842	6855	37492	0.0	0	0	1710	1200	1
17	513	1315	4839	6857	37329	0.0	0	0	1710	1200	1
17	510	1312	4834	6846	37503	0.0	0	0	1710	1200	1
17	513	1316	4845	6864	37374	0.0	0	0	1710	1200	1
17	511	1312	4839	6853	37470	0.0	0	0	1710	1200	1
17	513	1315	4837	6855	37314	0.0	0	0	1710	1200	1
17	511	1313	4842	6856	37492	0.0	0	0	1710	1200	1
17	513	1315	4839	6858	37329	0.0	0	0	1710	1200	1
17	511	1313	4842	6856	37492	0.0	0	0	1710	1200	0
17	513	1314	4832	6849	37277	0.0	0	0	1710	1200	0
17	350	469	405	1264	5799	330.0	0	0	1710	1200	0
17	352	472	408	1273	5807	332.0	0	0	1710	1200	0
17	350	469	405	1265	5799	330.0	0	0	1710	1200	0
17	352	472	408	1273	5807	332.0	0	0	1710	1200	0
17	350	469	405	1265	5799	330.0	0	0	1710	1200	0
18	352	472	408	1273	5807	332.0	0	0	1842	1200	1
18	350	469	405	1265	5799	330.0	0	0	1842	1200	1
18	396	704	1628	2811	17054	0.0	0	0	1842	1200	1
18	521	1358	5064	7142	38423	0.0	0	0	1842	1200	1
18	519	1354	5058	7130	38521	0.0	0	0	1842	1200	1
18	522	1365	5101	7188	38622	0.0	0	0	1842	1200	1
18	521	1364	5105	7189	38723	0.0	0	0	1842	1200	1
18	522	1365	5099	7186	38607	0.0	0	0	1842	1200	1
18	521	1364	5104	7188	38715	0.0	0	0	1842	1200	1
18	522	1365	5103	7190	38637	0.0	0	0	1842	1200	1
18	521	1362	5097	7179	38664	0.0	0	0	1842	1200	1
18	522	1366	5109	7197	38680	0.0	0	0	1842	1200	1
18	521	1364	5103	7187	38708	0.0	0	0	1842	1200	1
18	522	1364	5099	7184	38607	0.0	0	0	1842	1200	1
18	521	1364	5107	7193	38737	0.0	0	0	1842	1200	1
18	522	1365	5104	7190	38644	0.0	0	0	1842	1200	1
18	521	1363	5098	7181	38671	0.0	0	0	1842	1200	1
18	520	1358	5067	7144	38516	0.0	0	0	1842	1200	1
18	520	1355	5059	7132	38457	0.0	0	0	1842	1200	1
18	520	1356	5060	7134	38465	0.0	0	0	1842	1200	1
18	520	1357	5066	7142	38509	0.0	0	0	1842	1200	1
18	520	1356	5059	7133	38457	0.0	0	0	1842	1200	1
18	520	1357	5066	7142	38509	0.0	0	0	1842	1200	1
18	520	1356	5059	7133	38457	0.0	0	0	1842	1200	1
18	520	1356	5060	7133	38465	0.0	0	0	1842	1200	1
18	520	1358	5072	7149	38553	0.0	0	0	1842	1200	1
18	519	1355	5058	7131	38521	0.0	0	0	1842	1200	1
18	520	1356	5060	7134	38465	0.0	0	0	1842	1200	0
18	512	1317	4856	6876	37526	0.0	0	0	1842	1200	0
18	352	471	407	1270	5796	331.0	0	0	1842	1200	0
18	351	470	406	1267	5798	330.0	0	0	1842	1200	0
18	352	471	407	1270	5796	331.0	0	0	1842	1200	0
18	350	469	406	1266	5810	329.0	0	0	1842	1200	0
18	352	471	407	1271	5796	331.0	0	0	1842	1200	0
19	350	469	406	1266	5810	329.0	0	0	1973	1200	1
19	352	471	407	1271	5796	331.0	0	0	1973	1200	1
19	413	799	2138	3449	21114	0.0	0	0	1973	1200	1
19	530	1409	5337	7484	39756	0.0	0	0	1973	1200	1
19	529	1407	5335	7477	39815	0.0	0	0	1973	1200	1
19	528	1406	5335	7473	39887	0.0	0	0	1973	1200	1
19	530	1409	5336	7483	39749	0.0	0	0	1973	1200	1
19	526	1396	5280	7407	39635	0.0	0	0	1973	1200	1
19	529	1400	5289	7424	39483	0.0	0	0	1973	1200	1
19	526	1396	5282	7410	39650	0.0	0	0	1973	1200	1
19	528	1398	5282	7413	39505	0.0	0	0	1973	1200	1
19	526	1396	5285	7413	39672	0.0	0	0	1973	1200	1
19	528	1399	5286	7418	39534	0.0	0	0	1973	1200	1
19	526	1395	5279	7404	39628	0.0	0	0	1973	1200	1
19	528	1399	5286	7420	39534	0.0	0	0	1973	1200	1
19	526	1396	5284	7410	39664	0.0	0	0	1973	1200	1
19	528	1398	5286	7418	39534	0.0	0	0	1973	1200	1
19	525	1395	5282	7407	39723	0.0	0	0	1973	1200	1
19	529	1403	5310	7448	39635	0.0	0	0	1973	1200	1
19	527	1403	5327	7463	39903	0.0	0	0	1973	1200	1
19	529	1405	5324	7464	39735	0.0	0	0	1973	1200	1
19	527	1405	5336	7475	39968	0.0	0	0	1973	1200	1
19	529	1406	5329	7472	39771	0.0	0	0	1973	1200	1
19	527	1403	5333	7463	39946	0.0	0	0	1973	1200	1
19	527	1403	5327	7463	39903	0.0	0	0	1973	1200	1
19	529	1406	5329	7471	39771	0.0	0	0	1973	1200	1
19	527	1405	5336	7474	39968	0.0	0	0	1973	1200	1
19	529	1406	5329	7471	39771	0.0	0	0	1973	1200	0
19	527	1403	5325	7461	39888	0.0	0	0	1973	1200	0
19	350	468	405	1264	5799	328.0	0	0	1973	1200	0
19	348	465	403	1256	5803	326.0	0	0	1973	1200	0
19	350	468	405	1263	5799	328.0	0	0	1973	1200	0
19	348	465	403	1256	5803	326.0	0	0	1973	1200	0
19	350	468	405	1263	5799	328.0	0	0	1973	1200	0
20	348	466	403	1257	5803	327.0	0	0	2105	1200	1
20	350	468	405	1263	5799	328.0	0	0	2105	1200	1
20	388	677	1514	2657	16257	0.0	0	0	2105	1200	1
20	535	1439	5506	7693	40601	0.0	0	0	2105	1200	1
20	534	1439	5511	7696	40711	0.0	0	0	2105	1200	1
20	535	1439	5505	7692	40594	0.0	0	0	2105	1200	1
20	534	1439	5511	7697	40711	0.0	0	0	2105	1200	1
20	537	1451	5570	7774	40909	0.0	0	0	2105	1200	1
20	537	1449	5559	7760	40831	0.0	0	0	2105	1200	1
20	536	1448	5561	7760	40919	0.0	0	0	2105	1200	1
20	537	1450	5566	7769	40881	0.0	0	0	2105	1200	1
20	536	1448	5558	7756	40898	0.0	0	0	2105	1200	1
20	537	1450	5568	7770	40895	0.0	0	0	2105	1200	1
20	536	1449	5565	7766	40948	0.0	0	0	2105	1200	1
20	536	1448	5558	7757	40898	0.0	0	0	2105	1200	1
20	536	1450	5565	7766	40948	0.0	0	0	2105	1200	1
20	537	1450	5568	7769	40895	0.0	0	0	2105	1200	1
20	536	1448	5558	7757	40898	0.0	0	0	2105	1200	1
20	534	1439	5508	7693	40689	0.0	0	0	2105	1200	1
20	535	1439	5509	7694	40623	0.0	0	0	2105	1200	1
20	534	1437	5502	7686	40646	0.0	0	0	2105	1200	1
20	535	1439	5507	7693	40609	0.0	0	0	2105	1200	1
20	534	1438	5509	7693	40696	0.0	0	0	2105	1200	1
20	534	1438	5503	7688	40653	0.0	0	0	2105	1200	1
20	534	1438	5506	7690	40675	0.0	0	0	2105	1200	1
20	535	1440	5509	7697	40623	0.0	0	0	2105	1200	1
20	535	1439	5506	7692	40601	0.0	0	0	2105	1200	1
20	534	1438	5509	7693	40696	0.0	0	0	2105	1200	0
20	536	1445	5537	7732	40749	0.0	0	0	2105	1200	0
20	349	472	433	1295	6118	314.0	0	0	2105	1200	0
20	350	468	405	1264	5799	328.0	0	0	2105	1200	0
20	348	466	403	1258	5803	327.0	0	0	2105	1200	0
20	350	469	405	1265	5799	330.0	0	0	2105	1200	0
20	348	466	403	1258	5803	327.0	0	0	2105	1200	0
21	350	469	405	1264	5799	330.0	0	0	2236	1200	1
21	348	466	403	1257	5803	327.0	0	0	2236	1200	1
21	389	676	1500	2643	16082	0.0	0	0	2236	1200	1
21	541	1479	5727	7967	41723	0.0	0	0	2236	1200	1
21	543	1483	5736	7983	41638	0.0	0	0	2236	1200	1
21	541	1480	5734	7975	41772	0.0	0	0	2236	1200	1
21	543	1482	5730	7975	41595	0.0	0	0	2236	1200	1
21	543	1490	5788	8044	42002	0.0	0	0	2236	1200	1
21	546	1495	5799	8062	41856	0.0	0	0	2236	1200	1
21	543	1492	5797	8054	42066	0.0	0	0	2236	1200	1
21	543	1492	5795	8053	42052	0.0	0	0	2236	1200	1
21	545	1494	5793	8054	41888	0.0	0	0	2236	1200	1
21	543	1490	5788	8043	42002	0.0	0	0	2236	1200	1
21	546	1495	5797	8060	41842	0.0	0	0	2236	1200	1
21	544	1493	5799	8057	42005	0.0	0	0	2236	1200	1
21	546	1494	5792	8054	41807	0.0	0	0	2236	1200	1
21	544	1492	5794	8052	41970	0.0	0	0	2236	1200	1
21	546	1496	5803	8067	41884	0.0	0	0	2236	1200	1
21	541	1479	5725	7965	41709	0.0	0	0	2236	1200	1
21	544	1485	5741	7991	41599	0.0	0	0	2236	1200	1
21	541	1480	5730	7971	41744	0.0	0	0	2236	1200	1
21	543	1482	5728	7973	41581	0.0	0	0	2236	1200	1
21	541	1480	5730	7971	41744	0.0	0	0	2236	1200	1
21	543	1482	5732	7978	41610	0.0	0	0	2236	1200	1
21	541	1479	5725	7964	41709	0.0	0	0	2236	1200	1
21	543	1483	5733	7979	41617	0.0	0	0	2236	1200	1
21	541	1480	5730	7971	41744	0.0	0	0	2236	1200	1
21	543	1481	5727	7971	41574	0.0	0	0	2236	1200	0
21	542	1479	5714	7955	41557	0.0	0	0	2236	1200	0
21	348	466	403	1258	5803	327.0	0	0	2236	1200	0
21	350	468	405	1263	5799	328.0	0	0	2236	1200	0
21	348	466	403	1258	5803	327.0	0	0	2236	1200	0
21	350	468	405	1264	5799	328.0	0	0	2236	1200	0
21	349	467	404	1259	5801	328.0	0	0	2236	1200	0
22	350	468	405	1263	5799	328.0	0	0	2368	1200	1
22	349	467	404	1260	5801	328.0	0	0	2368	1200	1
22	416	815	2228	3560	21796	0.0	0	0	2368	1200	1
22	553	1539	6035	8357	42970	0.0	0	0	2368	1200	1
22	553	1538	6026	8347	42908	0.0	0	0	2368	1200	1
22	553	1538	6030	8351	42935	0.0	0	0	2368	1200	1
22	553	1539	6036	8359	42977	0.0	0	0	2368	1200	1
22	553	1537	6025	8345	42901	0.0	0	0	2368	1200	1
22	553	1538	6030	8351	42935	0.0	0	0	2368	1200	1
22	551	1524	5957	8259	42581	0.0	0	0	2368	1200	1
22	551	1525	5961	8265	42609	0.0	0	0	2368	1200	1
22	551	1525	5960	8263	42602	0.0	0	0	2368	1200	1
22	551	1524	5953	8258	42554	0.0	0	0	2368	1200	1
22	550	1524	5959	8262	42670	0.0	0	0	2368	1200	1
22	551	1525	5957	8261	42581	0.0	0	0	2368	1200	1
22	550	1523	5952	8253	42622	0.0	0	0	2368	1200	1
22	551	1525	5958	8263	42588	0.0	0	0	2368	1200	1
22	550	1524	5957	8259	42656	0.0	0	0	2368	1200	1
22	552	1526	5962	8267	42541	0.0	0	0	2368	1200	1
22	552	1532	6000	8312	42804	0.0	0	0	2368	1200	1
22	554	1540	6037	8362	42908	0.0	0	0	2368	1200	1
22	553	1537	6028	8347	42922	0.0	0	0	2368	1200	1
22	554	1539	6028	8351	42847	0.0	0	0	2368	1200	1
22	553	1538	6034	8355	42963	0.0	0	0	2368	1200	1
22	554	1539	6029	8353	42853	0.0	0	0	2368	1200	1
22	552	1536	6025	8344	42976	0.0	0	0	2368	1200	1
22	554	1539	6027	8350	42840	0.0	0	0	2368	1200	1
22	552	1537	6028	8347	42997	0.0	0	0	2368	1200	1
22	554	1539	6026	8349	42833	0.0	0	0	2368	1200	0
22	552	1538	6033	8353	43031	0.0	0	0	2368	1200	0
22	361	521	403	1612	5644	410.0	0	0	2368	1200	0
22	350	469	406	1266	5810	329.0	0	0	2368	1200	0
22	348	466	403	1257	5803	327.0	0	0	2368	1200	0
22	350	469	406	1265	5810	329.0	0	0	2368	1200	0
23	348	466	403	1257	5803	327.0	0	0	2500	1200	1
23	350	469	406	1266	5810	329.0	0	0	2500	1200	1
23	383	652	1380	2488	15118	0.0	0	0	2500	1200	1
23	560	1570	6189	8556	43498	0.0	0	0	2500	1200	1
23	558	1566	6181	8541	43594	0.0	0	0	2500	1200	1
23	560	1568	6181	8545	43443	0.0	0	0	2500	1200	1
23	558	1566	6185	8545	43621	0.0	0	0	2500	1200	1
23	560	1569	6185	8551	43471	0.0	0	0	2500	1200	1
23	560	1581	6262	8641	43994	0.0	0	0	2500	1200	1
23	563	1584	6265	8650	43788	0.0	0	0	2500	1200	1
23	561	1582	6269	8651	43966	0.0	0	0	2500	1200	1
23	563	1584	6266	8651	43795	0.0	0	0	2500	1200	1
23	560	1579	6251	8629	43920	0.0	0	0	2500	1200	1
23	563	1586	6273	8660	43842	0.0	0	0	2500	1200	1
23	561	1582	6265	8646	43939	0.0	0	0	2500	1200	1
23	561	1581	6259	8639	43898	0.0	0	0	2500	1200	1
23	563	1585	6268	8654	43808	0.0	0	0	2500	1200	1
23	561	1581	6258	8639	43891	0.0	0	0	2500	1200	1
23	562	1583	6257	8641	43809	0.0	0	0	2500	1200	1
23	558	1568	6188	8550	43642	0.0	0	0	2500	1200	1
23	560	1568	6181	8544	43443	0.0	0	0	2500	1200	1
23	558	1567	6186	8547	43628	0.0	0	0	2500	1200	1
23	560	1568	6180	8543	43437	0.0	0	0	2500	1200	1
23	558	1566	6178	8538	43574	0.0	0	0	2500	1200	1
23	560	1569	6187	8552	43484	0.0	0	0	2500	1200	1
23	558	1566	6178	8538	43574	0.0	0	0	2500	1200	1
23	559	1567	6179	8540	43505	0.0	0	0	2500	1200	1
23	558	1567	6186	8546	43628	0.0	0	0	2500	1200	1
