Stim	R	G	B	C	Temp	HueLux	Yellow	Red	Blue	Blue2	Trig
1	181	98	105	374	3555	19.0	0	0	0	1200	1
1	185	110	175	462	4990	0.0	0	0	0	1200	1
1	200	142	355	694	8168	0.0	0	0	0	1200	1
1	199	141	353	691	8164	0.0	0	0	0	1200	1
1	200	142	355	694	8168	0.0	0	0	0	1200	1
1	199	141	354	691	8183	0.0	0	0	0	1200	1
1	200	142	354	694	8149	0.0	0	0	0	1200	1
1	200	142	354	693	8149	0.0	0	0	0	1200	1
1	199	141	354	692	8183	0.0	0	0	0	1200	1
1	200	142	354	693	8149	0.0	0	0	0	1200	1
1	199	141	354	691	8183	0.0	0	0	0	1200	1
1	200	142	355	694	8168	0.0	0	0	0	1200	1
1	199	141	354	692	8183	0.0	0	0	0	1200	1
1	200	141	354	693	8149	0.0	0	0	0	1200	1
1	200	141	354	692	8149	0.0	0	0	0	1200	1
1	200	141	354	692	8149	0.0	0	0	0	1200	1
1	199	141	354	692	8183	0.0	0	0	0	1200	1
1	199	141	354	692	8183	0.0	0	0	0	1200	1
1	199	141	354	692	8183	0.0	0	0	0	1200	1
1	199	141	354	692	8183	0.0	0	0	0	1200	1
1	200	141	354	693	8149	0.0	0	0	0	1200	1
1	199	141	354	692	8183	0.0	0	0	0	1200	1
1	200	142	354	694	8149	0.0	0	0	0	1200	1
1	199	141	354	691	8183	0.0	0	0	0	1200	1
1	200	142	354	693	8149	0.0	0	0	0	1200	1
1	199	142	354	692	8183	0.0	0	0	0	1200	1
1	199	141	354	692	8183	0.0	0	0	0	1200	1
1	200	142	354	693	8149	0.0	0	0	0	1200	0
1	189	119	224	526	5917	0.0	0	0	0	1200	0
1	181	98	104	374	3543	19.0	0	0	0	1200	0
1	180	98	104	371	3546	20.0	0	0	0	1200	0
1	181	98	104	374	3543	19.0	0	0	0	1200	0
1	180	98	104	372	3546	20.0	0	0	0	1200	0
1	181	98	105	374	3555	19.0	0	0	0	1200	0
2	180	98	104	372	3546	20.0	0	0	0	1200	1
2	187	112	184	476	5138	0.0	0	0	0	1200	1
2	199	141	353	691	8164	0.0	0	0	0	1200	1
2	200	142	355	694	8168	0.0	0	0	0	1200	1
2	199	141	353	691	8164	0.0	0	0	0	1200	1
2	200	142	354	694	8149	0.0	0	0	0	1200	1
2	199	141	354	692	8183	0.0	0	0	0	1200	1
2	200	142	354	693	8149	0.0	0	0	0	1200	1
2	199	141	354	692	8183	0.0	0	0	0	1200	1
2	200	142	354	693	8149	0.0	0	0	0	1200	1
2	200	142	354	693	8149	0.0	0	0	0	1200	1
2	200	141	354	692	8149	0.0	0	0	0	1200	1
2	200	141	354	693	8149	0.0	0	0	0	1200	1
2	200	141	354	693	8149	0.0	0	0	0	1200	1
2	199	141	354	692	8183	0.0	0	0	0	1200	1
2	200	141	354	693	8149	0.0	0	0	0	1200	1
2	199	141	354	692	8183	0.0	0	0	0	1200	1
2	200	141	354	693	8149	0.0	0	0	0	1200	1
2	199	141	354	692	8183	0.0	0	0	0	1200	1
2	200	142	354	693	8149	0.0	0	0	0	1200	1
2	199	141	354	691	8183	0.0	0	0	0	1200	1
2	200	142	355	694	8168	0.0	0	0	0	1200	1
2	199	141	353	691	8164	0.0	0	0	0	1200	1
2	200	142	354	693	8149	0.0	0	0	0	1200	1
2	199	141	354	691	8183	0.0	0	0	0	1200	1
2	200	142	354	693	8149	0.0	0	0	0	1200	1
2	199	141	354	691	8183	0.0	0	0	0	1200	1
2	200	142	354	694	8149	0.0	0	0	0	1200	0
2	190	119	226	529	5934	0.0	0	0	0	1200	0
2	180	98	104	372	3546	20.0	0	0	0	1200	0
2	181	98	105	374	3555	19.0	0	0	0	1200	0
2	180	98	104	372	3546	20.0	0	0	0	1200	0
2	181	98	105	374	3555	19.0	0	0	0	1200	0
2	180	98	104	372	3546	20.0	0	0	0	1200	0
3	181	98	105	374	3555	19.0	0	0	0	1200	1
3	186	112	183	474	5138	0.0	0	0	0	1200	1
3	200	142	354	693	8149	0.0	0	0	0	1200	1
3	199	141	354	692	8183	0.0	0	0	0	1200	1
3	200	141	354	693	8149	0.0	0	0	0	1200	1
3	199	141	354	692	8183	0.0	0	0	0	1200	1
3	200	141	354	693	8149	0.0	0	0	0	1200	1
3	200	141	354	692	8149	0.0	0	0	0	1200	1
3	200	141	354	693	8149	0.0	0	0	0	1200	1
3	200	141	354	692	8149	0.0	0	0	0	1200	1
3	199	141	354	692	8183	0.0	0	0	0	1200	1
3	200	142	354	693	8149	0.0	0	0	0	1200	1
3	200	142	354	693	8149	0.0	0	0	0	1200	1
3	199	141	354	692	8183	0.0	0	0	0	1200	1
3	200	142	354	693	8149	0.0	0	0	0	1200	1
3	199	141	354	692	8183	0.0	0	0	0	1200	1
3	200	142	354	693	8149	0.0	0	0	0	1200	1
3	199	141	353	691	8164	0.0	0	0	0	1200	1
3	200	142	355	694	8168	0.0	0	0	0	1200	1
3	199	141	354	691	8183	0.0	0	0	0	1200	1
3	200	142	354	694	8149	0.0	0	0	0	1200	1
3	199	141	354	692	8183	0.0	0	0	0	1200	1
3	200	142	354	694	8149	0.0	0	0	0	1200	1
3	199	141	354	691	8183	0.0	0	0	0	1200	1
3	200	142	354	694	8149	0.0	0	0	0	1200	1
3	199	141	353	691	8164	0.0	0	0	0	1200	1
3	200	142	355	694	8168	0.0	0	0	0	1200	1
3	199	141	353	691	8164	0.0	0	0	0	1200	0
3	200	142	354	693	8149	0.0	0	0	0	1200	0
3	188	117	216	515	5777	0.0	0	0	0	1200	0
3	180	98	104	372	3546	20.0	0	0	0	1200	0
3	181	98	104	374	3543	19.0	0	0	0	1200	0
3	180	98	104	372	3546	20.0	0	0	0	1200	0
3	181	98	104	374	3543	19.0	0	0	0	1200	0
4	180	98	104	373	3555	20.0	0	0	0	1200	1
4	181	98	104	374	3543	19.0	0	0	0	1200	1
4	190	119	227	530	5954	0.0	0	0	0	1200	1
4	190	119	227	530	5954	0.0	0	0	0	1200	1
4	190	119	227	530	5954	0.0	0	0	0	1200	1
4	190	119	227	530	5954	0.0	0	0	0	1200	1
4	190	119	227	530	5954	0.0	0	0	0	1200	1
4	190	120	231	534	6036	0.0	0	0	0	1200	1
4	190	120	232	536	6056	0.0	0	0	0	1200	1
4	190	120	230	534	6015	0.0	0	0	0	1200	1
4	190	120	232	536	6056	0.0	0	0	0	1200	1
4	190	120	231	534	6036	0.0	0	0	0	1200	1
4	190	120	231	536	6031	0.0	0	0	0	1200	1
4	189	120	231	535	6056	0.0	0	0	0	1200	1
4	191	120	231	536	6011	0.0	0	0	0	1200	1
4	191	120	232	537	6031	0.0	0	0	0	1200	1
4	190	120	231	534	6036	0.0	0	0	0	1200	1
4	191	120	232	537	6031	0.0	0	0	0	1200	1
4	189	119	226	529	5954	0.0	0	0	0	1200	1
4	190	120	227	531	5954	0.0	0	0	0	1200	1
4	189	119	226	529	5954	0.0	0	0	0	1200	1
4	190	120	227	531	5954	0.0	0	0	0	1200	1
4	189	119	226	529	5954	0.0	0	0	0	1200	1
4	190	120	227	531	5954	0.0	0	0	0	1200	1
4	189	119	226	529	5954	0.0	0	0	0	1200	1
4	190	120	228	531	5975	0.0	0	0	0	1200	1
4	189	119	226	529	5954	0.0	0	0	0	1200	1
4	190	120	227	530	5954	0.0	0	0	0	1200	0
4	189	119	226	529	5954	0.0	0	0	0	1200	0
4	190	119	227	530	5954	0.0	0	0	0	1200	0
4	180	98	104	372	3546	20.0	0	0	0	1200	0
4	180	98	104	373	3555	20.0	0	0	0	1200	0
4	180	98	104	373	3555	20.0	0	0	0	1200	0
4	180	98	104	373	3555	20.0	0	0	0	1200	0
5	180	98	104	373	3555	20.0	0	0	131	1200	1
5	181	98	104	373	3534	19.0	0	0	131	1200	1
5	187	113	190	482	5263	0.0	0	0	131	1200	1
5	191	121	234	539	6072	0.0	0	0	131	1200	1
5	190	120	233	538	6072	0.0	0	0	131	1200	1
5	191	121	234	540	6072	0.0	0	0	131	1200	1
5	190	120	230	534	6015	0.0	0	0	131	1200	1
5	191	120	229	534	5971	0.0	0	0	131	1200	1
5	189	119	229	532	6015	0.0	0	0	131	1200	1
5	190	120	229	533	5995	0.0	0	0	131	1200	1
5	189	119	229	531	6020	0.0	0	0	131	1200	1
5	190	120	229	534	5991	0.0	0	0	131	1200	1
5	189	119	229	531	6020	0.0	0	0	131	1200	1
5	190	120	229	534	5991	0.0	0	0	131	1200	1
5	189	119	229	531	6020	0.0	0	0	131	1200	1
5	191	120	230	534	5991	0.0	0	0	131	1200	1
5	189	119	229	531	6020	0.0	0	0	131	1200	1
5	190	120	234	538	6097	0.0	0	0	131	1200	1
5	191	121	233	539	6052	0.0	0	0	131	1200	1
5	190	120	233	537	6077	0.0	0	0	131	1200	1
5	191	121	234	540	6072	0.0	0	0	131	1200	1
5	190	120	233	537	6077	0.0	0	0	131	1200	1
5	191	121	233	539	6052	0.0	0	0	131	1200	1
5	190	120	234	538	6097	0.0	0	0	131	1200	1
5	191	121	233	539	6052	0.0	0	0	131	1200	1
5	190	120	234	538	6097	0.0	0	0	131	1200	1
5	190	121	234	539	6097	0.0	0	0	131	1200	1
5	190	120	233	538	6072	0.0	0	0	131	1200	0
5	190	120	234	539	6092	0.0	0	0	131	1200	0
5	181	100	116	388	3801	14.0	0	0	131	1200	0
5	180	98	104	373	3555	20.0	0	0	131	1200	0
5	181	98	104	373	3534	19.0	0	0	131	1200	0
5	180	98	104	372	3546	20.0	0	0	131	1200	0
5	181	98	104	374	3543	19.0	0	0	131	1200	0
6	180	98	104	372	3546	20.0	0	0	263	1200	1
6	180	98	104	372	3546	20.0	0	0	263	1200	1
6	188	115	202	498	5489	0.0	0	0	263	1200	1
6	191	122	246	553	6315	0.0	0	0	263	1200	1
6	192	123	247	556	6309	0.0	0	0	263	1200	1
6	191	122	246	553	6315	0.0	0	0	263	1200	1
6	192	123	245	554	6269	0.0	0	0	263	1200	1
6	190	122	242	548	6260	0.0	0	0	263	1200	1
6	192	122	242	551	6203	0.0	0	0	263	1200	1
6	190	122	242	548	6260	0.0	0	0	263	1200	1
6	192	122	242	550	6208	0.0	0	0	263	1200	1
6	190	122	242	548	6260	0.0	0	0	263	1200	1
6	191	122	242	550	6229	0.0	0	0	263	1200	1
6	190	122	242	548	6260	0.0	0	0	263	1200	1
6	191	122	242	550	6229	0.0	0	0	263	1200	1
6	190	122	242	548	6260	0.0	0	0	263	1200	1
6	191	122	242	550	6229	0.0	0	0	263	1200	1
6	190	122	242	549	6254	0.0	0	0	263	1200	1
6	191	123	246	555	6309	0.0	0	0	263	1200	1
6	192	123	247	555	6309	0.0	0	0	263	1200	1
6	191	123	245	553	6295	0.0	0	0	263	1200	1
6	191	123	246	555	6309	0.0	0	0	263	1200	1
6	191	123	246	555	6309	0.0	0	0	263	1200	1
6	191	123	246	554	6315	0.0	0	0	263	1200	1
6	191	123	247	555	6335	0.0	0	0	263	1200	1
6	191	123	246	554	6315	0.0	0	0	263	1200	1
6	191	123	246	555	6309	0.0	0	0	263	1200	1
6	191	123	246	554	6315	0.0	0	0	263	1200	0
6	191	123	246	555	6309	0.0	0	0	263	1200	0
6	181	100	118	390	3844	12.0	0	0	263	1200	0
6	181	98	104	374	3543	19.0	0	0	263	1200	0
6	180	98	104	372	3546	20.0	0	0	263	1200	0
6	181	98	104	374	3543	19.0	0	0	263	1200	0
6	180	98	104	371	3546	20.0	0	0	263	1200	0
7	181	98	105	374	3555	19.0	0	0	394	1200	1
7	180	98	104	372	3546	20.0	0	0	394	1200	1
7	181	98	105	374	3555	19.0	0	0	394	1200	1
7	192	125	257	548	6584	0.0	0	0	394	1200	1
7	191	124	256	566	6511	0.0	0	0	394	1200	1
7	192	125	257	569	6504	0.0	0	0	394	1200	1
7	191	124	256	566	6511	0.0	0	0	394	1200	1
7	192	125	257	569	6504	0.0	0	0	394	1200	1
7	191	125	260	571	6591	0.0	0	0	394	1200	1
7	192	125	260	572	6564	0.0	0	0	394	1200	1
7	191	125	260	571	6591	0.0	0	0	394	1200	1
7	192	125	260	572	6564	0.0	0	0	394	1200	1
7	191	125	259	570	6571	0.0	0	0	394	1200	1
7	192	125	260	572	6564	0.0	0	0	394	1200	1
7	191	125	259	570	6571	0.0	0	0	394	1200	1
7	192	125	260	571	6571	0.0	0	0	394	1200	1
7	192	125	260	571	6571	0.0	0	0	394	1200	1
7	192	125	260	571	6571	0.0	0	0	394	1200	1
7	192	125	260	572	6564	0.0	0	0	394	1200	1
7	191	125	260	571	6591	0.0	0	0	394	1200	1
7	192	125	257	567	6511	0.0	0	0	394	1200	1
7	191	124	256	566	6511	0.0	0	0	394	1200	1
7	191	124	256	566	6511	0.0	0	0	394	1200	1
7	192	125	257	568	6511	0.0	0	0	394	1200	1
7	191	124	256	566	6511	0.0	0	0	394	1200	1
7	192	125	257	568	6511	0.0	0	0	394	1200	1
7	191	124	256	566	6511	0.0	0	0	394	1200	1
7	192	125	257	569	6504	0.0	0	0	394	1200	1
7	191	124	256	565	6518	0.0	0	0	394	1200	0
7	190	120	230	534	6015	0.0	0	0	394	1200	0
7	179	98	104	371	3558	20.0	0	0	394	1200	0
7	180	98	104	374	3555	20.0	0	0	394	1200	0
7	179	98	104	371	3558	20.0	0	0	394	1200	0
7	180	98	104	374	3555	20.0	0	0	394	1200	0
8	179	98	104	371	3558	20.0	0	0	526	1200	1
8	181	98	104	374	3543	19.0	0	0	526	1200	1
8	180	98	104	372	3546	20.0	0	0	526	1200	1
8	190	119	225	528	5914	0.0	0	0	526	1200	1
8	193	128	275	591	6836	0.0	0	0	526	1200	1
8	194	128	275	592	6808	0.0	0	0	526	1200	1
8	194	128	275	592	6808	0.0	0	0	526	1200	1
8	193	127	272	587	6776	0.0	0	0	526	1200	1
8	193	127	273	589	6796	0.0	0	0	526	1200	1
8	193	127	272	587	6776	0.0	0	0	526	1200	1
8	193	127	272	588	6776	0.0	0	0	526	1200	1
8	193	127	272	587	6776	0.0	0	0	526	1200	1
8	193	127	272	587	6776	0.0	0	0	526	1200	1
8	193	127	272	588	6776	0.0	0	0	526	1200	1
8	193	127	272	587	6776	0.0	0	0	526	1200	1
8	193	127	272	588	6776	0.0	0	0	526	1200	1
8	193	127	272	586	6785	0.0	0	0	526	1200	1
8	193	127	272	589	6768	0.0	0	0	526	1200	1
8	193	127	272	587	6776	0.0	0	0	526	1200	1
8	194	128	275	592	6808	0.0	0	0	526	1200	1
8	193	127	275	590	6836	0.0	0	0	526	1200	1
8	194	128	275	592	6808	0.0	0	0	526	1200	1
8	193	127	274	590	6816	0.0	0	0	526	1200	1
8	194	128	276	593	6828	0.0	0	0	526	1200	1
8	194	128	275	592	6808	0.0	0	0	526	1200	1
8	193	127	275	590	6836	0.0	0	0	526	1200	1
8	194	128	275	592	6808	0.0	0	0	526	1200	1
8	193	127	275	590	6836	0.0	0	0	526	1200	1
8	194	128	275	592	6808	0.0	0	0	526	1200	0
8	184	107	159	443	4674	0.0	0	0	526	1200	0
8	181	98	105	374	3555	19.0	0	0	526	1200	0
8	180	98	104	372	3546	20.0	0	0	526	1200	0
8	181	98	104	374	3543	19.0	0	0	526	1200	0
8	180	98	104	372	3546	20.0	0	0	526	1200	0
8	181	98	104	374	3543	19.0	0	0	526	1200	0
9	180	98	104	372	3546	20.0	0	0	657	1200	1
9	180	98	104	373	3555	20.0	0	0	657	1200	1
9	190	121	240	546	6214	0.0	0	0	657	1200	1
9	195	130	290	611	7076	0.0	0	0	657	1200	1
9	195	130	290	611	7076	0.0	0	0	657	1200	1
9	194	130	291	611	7125	0.0	0	0	657	1200	1
9	195	130	290	611	7076	0.0	0	0	657	1200	1
9	195	130	288	608	7036	0.0	0	0	657	1200	1
9	194	130	288	607	7066	0.0	0	0	657	1200	1
9	195	130	289	609	7056	0.0	0	0	657	1200	1
9	194	130	288	607	7066	0.0	0	0	657	1200	1
9	195	130	288	609	7036	0.0	0	0	657	1200	1
9	194	130	288	606	7076	0.0	0	0	657	1200	1
9	195	130	288	609	7036	0.0	0	0	657	1200	1
9	194	130	288	607	7066	0.0	0	0	657	1200	1
9	195	130	288	609	7036	0.0	0	0	657	1200	1
9	194	130	288	606	7076	0.0	0	0	657	1200	1
9	195	130	288	609	7036	0.0	0	0	657	1200	1
9	194	130	290	609	7106	0.0	0	0	657	1200	1
9	195	131	291	612	7096	0.0	0	0	657	1200	1
9	194	130	290	609	7106	0.0	0	0	657	1200	1
9	195	131	291	613	7096	0.0	0	0	657	1200	1
9	194	130	290	609	7106	0.0	0	0	657	1200	1
9	195	131	291	612	7096	0.0	0	0	657	1200	1
9	194	130	290	610	7106	0.0	0	0	657	1200	1
9	195	130	290	612	7066	0.0	0	0	657	1200	1
9	195	131	290	611	7076	0.0	0	0	657	1200	1
9	194	130	290	611	7096	0.0	0	0	657	1200	0
9	185	109	165	451	4780	0.0	0	0	657	1200	0
9	180	98	104	372	3546	20.0	0	0	657	1200	0
9	180	98	104	372	3546	20.0	0	0	657	1200	0
9	179	98	104	372	3568	20.0	0	0	657	1200	0
9	179	98	104	372	3568	20.0	0	0	657	1200	0
9	180	98	104	372	3546	20.0	0	0	657	1200	0
10	179	98	104	372	3568	20.0	0	0	789	1200	1
10	180	98	104	373	3555	20.0	0	0	789	1200	1
10	192	126	264	576	6652	0.0	0	0	789	1200	1
10	196	133	304	629	7322	0.0	0	0	789	1200	1
10	195	132	304	627	7352	0.0	0	0	789	1200	1
10	196	133	304	629	7322	0.0	0	0	789	1200	1
10	195	132	304	627	7352	0.0	0	0	789	1200	1
10	196	133	304	629	7322	0.0	0	0	789	1200	1
10	195	133	305	629	7372	0.0	0	0	789	1200	1
10	196	133	306	632	7350	0.0	0	0	789	1200	1
10	196	133	306	632	7350	0.0	0	0	789	1200	1
10	195	133	305	629	7372	0.0	0	0	789	1200	1
10	197	133	307	633	7350	0.0	0	0	789	1200	1
10	195	133	305	629	7372	0.0	0	0	789	1200	1
10	196	133	306	632	7350	0.0	0	0	789	1200	1
10	195	133	306	630	7392	0.0	0	0	789	1200	1
10	196	133	306	631	7361	0.0	0	0	789	1200	1
10	195	133	306	631	7380	0.0	0	0	789	1200	1
10	196	133	306	632	7350	0.0	0	0	789	1200	1
10	195	133	304	628	7352	0.0	0	0	789	1200	1
10	196	133	304	630	7311	0.0	0	0	789	1200	1
10	196	133	304	628	7322	0.0	0	0	789	1200	1
10	196	133	304	629	7322	0.0	0	0	789	1200	1
10	196	133	304	629	7322	0.0	0	0	789	1200	1
10	196	133	304	629	7322	0.0	0	0	789	1200	1
10	196	133	304	629	7322	0.0	0	0	789	1200	1
10	196	133	304	628	7322	0.0	0	0	789	1200	1
10	196	133	304	629	7322	0.0	0	0	789	1200	0
10	191	121	237	544	6128	0.0	0	0	789	1200	0
10	180	98	104	372	3546	20.0	0	0	789	1200	0
10	181	98	105	374	3555	19.0	0	0	789	1200	0
10	180	98	104	372	3546	20.0	0	0	789	1200	0
10	181	98	105	374	3555	19.0	0	0	789	1200	0
10	180	98	104	372	3546	20.0	0	0	789	1200	0
11	181	98	105	374	3555	19.0	0	0	921	1200	1
11	180	98	104	372	3546	20.0	0	0	921	1200	1
11	193	126	266	581	6657	0.0	0	0	921	1200	1
11	196	135	321	649	7643	0.0	0	0	921	1200	1
11	198	136	322	652	7611	0.0	0	0	921	1200	1
11	196	135	321	650	7643	0.0	0	0	921	1200	1
11	198	136	321	652	7579	0.0	0	0	921	1200	1
11	197	135	321	649	7623	0.0	0	0	921	1200	1
11	198	136	320	650	7572	0.0	0	0	921	1200	1
11	197	135	320	648	7604	0.0	0	0	921	1200	1
11	197	136	321	650	7623	0.0	0	0	921	1200	1
11	197	135	320	648	7604	0.0	0	0	921	1200	1
11	197	135	320	648	7604	0.0	0	0	921	1200	1
11	197	136	320	650	7591	0.0	0	0	921	1200	1
11	197	136	320	649	7604	0.0	0	0	921	1200	1
11	197	135	320	649	7591	0.0	0	0	921	1200	1
11	197	136	320	649	7604	0.0	0	0	921	1200	1
11	197	135	320	649	7591	0.0	0	0	921	1200	1
11	197	136	321	651	7611	0.0	0	0	921	1200	1
11	197	136	321	650	7623	0.0	0	0	921	1200	1
11	197	136	321	651	7611	0.0	0	0	921	1200	1
11	197	136	321	650	7623	0.0	0	0	921	1200	1
11	197	136	322	652	7630	0.0	0	0	921	1200	1
11	197	135	321	649	7623	0.0	0	0	921	1200	1
11	198	136	322	652	7611	0.0	0	0	921	1200	1
11	197	135	321	649	7623	0.0	0	0	921	1200	1
11	198	136	321	652	7579	0.0	0	0	921	1200	1
11	197	136	321	650	7623	0.0	0	0	921	1200	0
11	198	136	321	652	7579	0.0	0	0	921	1200	0
11	188	116	211	509	5674	0.0	0	0	921	1200	0
11	180	98	104	375	3565	20.0	0	0	921	1200	0
11	181	98	105	374	3555	19.0	0	0	921	1200	0
11	180	98	104	372	3546	20.0	0	0	921	1200	0
11	181	98	105	374	3555	19.0	0	0	921	1200	0
12	180	98	104	372	3546	20.0	0	0	1052	1200	1
12	181	98	105	374	3555	19.0	0	0	1052	1200	1
12	194	129	281	598	6936	0.0	0	0	1052	1200	1
12	199	139	337	671	7869	0.0	0	0	1052	1200	1
12	198	138	336	670	7869	0.0	0	0	1052	1200	1
12	199	139	337	671	7869	0.0	0	0	1052	1200	1
12	198	138	336	670	7869	0.0	0	0	1052	1200	1
12	198	138	337	671	7889	0.0	0	0	1052	1200	1
12	198	138	336	670	7869	0.0	0	0	1052	1200	1
12	198	138	336	669	7869	0.0	0	0	1052	1200	1
12	198	138	336	670	7869	0.0	0	0	1052	1200	1
12	198	138	336	669	7869	0.0	0	0	1052	1200	1
12	198	138	336	670	7869	0.0	0	0	1052	1200	1
12	198	138	336	669	7869	0.0	0	0	1052	1200	1
12	198	138	336	670	7869	0.0	0	0	1052	1200	1
12	199	139	336	671	7837	0.0	0	0	1052	1200	1
12	198	138	335	668	7850	0.0	0	0	1052	1200	1
12	199	139	336	671	7837	0.0	0	0	1052	1200	1
12	198	138	337	669	7902	0.0	0	0	1052	1200	1
12	199	139	337	671	7869	0.0	0	0	1052	1200	1
12	198	138	336	669	7869	0.0	0	0	1052	1200	1
12	199	139	337	672	7856	0.0	0	0	1052	1200	1
12	198	138	336	669	7869	0.0	0	0	1052	1200	1
12	199	139	337	672	7856	0.0	0	0	1052	1200	1
12	198	138	336	669	7869	0.0	0	0	1052	1200	1
12	199	139	337	671	7869	0.0	0	0	1052	1200	1
12	198	138	336	669	7869	0.0	0	0	1052	1200	1
12	199	139	337	672	7856	0.0	0	0	1052	1200	0
12	198	138	336	669	7869	0.0	0	0	1052	1200	0
12	190	118	218	519	5771	0.0	0	0	1052	1200	0
12	180	98	104	372	3546	20.0	0	0	1052	1200	0
12	181	98	105	374	3555	19.0	0	0	1052	1200	0
12	180	98	104	372	3546	20.0	0	0	1052	1200	0
12	180	98	104	373	3555	20.0	0	0	1052	1200	0
13	181	98	104	374	3543	19.0	0	0	1184	1200	1
13	180	98	104	373	3555	20.0	0	0	1184	1200	1
13	194	129	282	600	6947	0.0	0	0	1184	1200	1
13	200	141	352	690	8111	0.0	0	0	1184	1200	1
13	199	141	352	690	8145	0.0	0	0	1184	1200	1
13	200	141	352	690	8111	0.0	0	0	1184	1200	1
13	199	141	352	690	8145	0.0	0	0	1184	1200	1
13	200	141	352	690	8111	0.0	0	0	1184	1200	1
13	199	141	352	689	8145	0.0	0	0	1184	1200	1
13	200	141	353	691	8130	0.0	0	0	1184	1200	1
13	199	141	352	689	8145	0.0	0	0	1184	1200	1
13	200	141	352	691	8111	0.0	0	0	1184	1200	1
13	199	141	352	689	8145	0.0	0	0	1184	1200	1
13	200	141	352	691	8111	0.0	0	0	1184	1200	1
13	199	141	352	689	8145	0.0	0	0	1184	1200	1
13	200	141	353	691	8130	0.0	0	0	1184	1200	1
13	199	141	352	688	8160	0.0	0	0	1184	1200	1
13	199	141	352	689	8145	0.0	0	0	1184	1200	1
13	200	141	352	691	8111	0.0	0	0	1184	1200	1
13	198	141	352	689	8179	0.0	0	0	1184	1200	1
13	199	141	352	690	8145	0.0	0	0	1184	1200	1
13	198	141	352	688	8179	0.0	0	0	1184	1200	1
13	199	141	352	690	8145	0.0	0	0	1184	1200	1
13	198	141	351	687	8160	0.0	0	0	1184	1200	1
13	199	141	352	690	8145	0.0	0	0	1184	1200	1
13	198	141	352	688	8179	0.0	0	0	1184	1200	1
13	199	141	352	689	8145	0.0	0	0	1184	1200	1
13	198	141	352	689	8179	0.0	0	0	1184	1200	0
13	199	141	352	689	8145	0.0	0	0	1184	1200	0
13	191	123	250	558	6396	0.0	0	0	1184	1200	0
13	179	98	104	372	3568	20.0	0	0	1184	1200	0
13	179	98	104	372	3568	20.0	0	0	1184	1200	0
13	179	98	104	372	3568	20.0	0	0	1184	1200	0
13	179	98	104	372	3568	20.0	0	0	1184	1200	0
14	179	98	104	371	3558	20.0	0	0	1315	1200	1
14	179	98	104	371	3558	20.0	0	0	1315	1200	1
14	195	133	305	629	7372	0.0	0	0	1315	1200	1
14	199	143	367	707	8433	0.0	0	0	1315	1200	1
14	200	144	368	709	8417	0.0	0	0	1315	1200	1
14	199	143	367	707	8433	0.0	0	0	1315	1200	1
14	200	144	368	710	8417	0.0	0	0	1315	1200	1
14	199	143	367	707	8433	0.0	0	0	1315	1200	1
14	200	144	368	710	8417	0.0	0	0	1315	1200	1
14	199	143	368	708	8452	0.0	0	0	1315	1200	1
14	201	144	368	711	8382	0.0	0	0	1315	1200	1
14	199	143	367	708	8417	0.0	0	0	1315	1200	1
14	201	144	369	711	8401	0.0	0	0	1315	1200	1
14	199	143	367	708	8417	0.0	0	0	1315	1200	1
14	201	144	368	710	8382	0.0	0	0	1315	1200	1
14	200	143	368	709	8417	0.0	0	0	1315	1200	1
14	201	144	368	710	8382	0.0	0	0	1315	1200	1
14	200	143	367	709	8382	0.0	0	0	1315	1200	1
14	201	144	369	711	8401	0.0	0	0	1315	1200	1
14	201	144	368	710	8382	0.0	0	0	1315	1200	1
14	200	144	368	709	8417	0.0	0	0	1315	1200	1
14	201	144	367	710	8363	0.0	0	0	1315	1200	1
14	200	144	367	709	8398	0.0	0	0	1315	1200	1
14	200	144	368	710	8417	0.0	0	0	1315	1200	1
14	200	144	367	709	8398	0.0	0	0	1315	1200	1
14	200	144	368	709	8417	0.0	0	0	1315	1200	1
14	200	144	368	710	8417	0.0	0	0	1315	1200	1
14	200	144	367	708	8398	0.0	0	0	1315	1200	1
14	200	144	368	709	8417	0.0	0	0	1315	1200	0
14	192	126	265	578	6664	0.0	0	0	1315	1200	0
14	180	98	104	373	3555	20.0	0	0	1315	1200	0
14	179	98	104	371	3558	20.0	0	0	1315	1200	0
14	180	98	104	373	3555	20.0	0	0	1315	1200	0
14	179	98	104	371	3558	20.0	0	0	1315	1200	0
15	180	98	104	373	3555	20.0	0	0	1447	1200	1
15	179	98	104	371	3558	20.0	0	0	1447	1200	1
15	180	98	104	373	3555	20.0	0	0	1447	1200	1
15	196	147	383	646	9768	0.0	0	0	1447	1200	1
15	201	146	382	727	8649	0.0	0	0	1447	1200	1
15	202	147	384	731	8650	0.0	0	0	1447	1200	1
15	201	146	383	728	8668	0.0	0	0	1447	1200	1
15	202	147	383	730	8631	0.0	0	0	1447	1200	1
15	201	146	384	729	8687	0.0	0	0	1447	1200	1
15	202	147	384	731	8650	0.0	0	0	1447	1200	1
15	201	146	384	729	8687	0.0	0	0	1447	1200	1
15	202	147	385	732	8669	0.0	0	0	1447	1200	1
15	201	146	383	729	8650	0.0	0	0	1447	1200	1
15	202	147	384	732	8633	0.0	0	0	1447	1200	1
15	201	146	384	730	8669	0.0	0	0	1447	1200	1
15	202	147	384	731	8650	0.0	0	0	1447	1200	1
15	201	146	384	730	8669	0.0	0	0	1447	1200	1
15	202	147	384	731	8650	0.0	0	0	1447	1200	1
15	201	146	384	730	8669	0.0	0	0	1447	1200	1
15	202	147	384	731	8650	0.0	0	0	1447	1200	1
15	202	146	383	729	8631	0.0	0	0	1447	1200	1
15	202	146	383	729	8631	0.0	0	0	1447	1200	1
15	201	146	383	729	8650	0.0	0	0	1447	1200	1
15	202	147	383	730	8631	0.0	0	0	1447	1200	1
15	201	146	383	729	8650	0.0	0	0	1447	1200	1
15	202	147	383	730	8631	0.0	0	0	1447	1200	1
15	201	146	383	729	8650	0.0	0	0	1447	1200	1
15	202	147	383	730	8631	0.0	0	0	1447	1200	1
15	201	146	383	728	8668	0.0	0	0	1447	1200	0
15	194	127	272	588	6748	0.0	0	0	1447	1200	0
15	180	98	104	372	3546	20.0	0	0	1447	1200	0
15	181	98	105	374	3555	19.0	0	0	1447	1200	0
15	180	98	104	371	3546	20.0	0	0	1447	1200	0
15	181	98	105	374	3555	19.0	0	0	1447	1200	0
15	180	98	104	372	3546	20.0	0	0	1447	1200	0
16	181	98	105	374	3555	19.0	0	0	1578	1200	1
16	180	98	104	372	3546	20.0	0	0	1578	1200	1
16	195	131	292	615	7106	0.0	0	0	1578	1200	1
16	203	149	400	751	8898	0.0	0	0	1578	1200	1
16	204	150	400	752	8879	0.0	0	0	1578	1200	1
16	204	150	400	752	8879	0.0	0	0	1578	1200	1
16	203	149	400	750	8916	0.0	0	0	1578	1200	1
16	204	150	401	753	8898	0.0	0	0	1578	1200	1
16	203	149	400	751	8898	0.0	0	0	1578	1200	1
16	203	149	399	750	8879	0.0	0	0	1578	1200	1
16	203	149	398	749	8860	0.0	0	0	1578	1200	1
16	203	149	398	749	8860	0.0	0	0	1578	1200	1
16	203	149	399	750	8879	0.0	0	0	1578	1200	1
16	203	149	398	749	8860	0.0	0	0	1578	1200	1
16	203	149	398	750	8860	0.0	0	0	1578	1200	1
16	203	149	398	749	8860	0.0	0	0	1578	1200	1
16	203	149	398	750	8860	0.0	0	0	1578	1200	1
16	203	149	399	749	8897	0.0	0	0	1578	1200	1
16	203	149	399	750	8879	0.0	0	0	1578	1200	1
16	203	149	398	748	8878	0.0	0	0	1578	1200	1
16	204	150	400	752	8879	0.0	0	0	1578	1200	1
16	203	149	399	750	8879	0.0	0	0	1578	1200	1
16	204	150	400	753	8861	0.0	0	0	1578	1200	1
16	204	150	400	752	8879	0.0	0	0	1578	1200	1
16	203	149	400	751	8898	0.0	0	0	1578	1200	1
16	204	150	400	753	8861	0.0	0	0	1578	1200	1
16	203	149	400	750	8916	0.0	0	0	1578	1200	1
16	204	150	401	753	8898	0.0	0	0	1578	1200	0
16	193	126	269	583	6717	0.0	0	0	1578	1200	0
16	181	98	105	374	3555	19.0	0	0	1578	1200	0
16	180	98	104	372	3546	20.0	0	0	1578	1200	0
16	181	98	105	374	3555	19.0	0	0	1578	1200	0
16	180	98	104	372	3546	20.0	0	0	1578	1200	0
16	181	98	104	374	3543	19.0	0	0	1578	1200	0
17	180	98	104	372	3546	20.0	0	0	1710	1200	1
17	181	98	104	374	3543	19.0	0	0	1710	1200	1
17	199	140	344	679	8005	0.0	0	0	1710	1200	1
17	204	152	414	770	9123	0.0	0	0	1710	1200	1
17	204	152	414	769	9123	0.0	0	0	1710	1200	1
17	204	152	414	769	9123	0.0	0	0	1710	1200	1
17	204	152	414	770	9123	0.0	0	0	1710	1200	1
17	204	152	414	769	9123	0.0	0	0	1710	1200	1
17	204	152	417	772	9179	0.0	0	0	1710	1200	1
17	205	152	416	773	9122	0.0	0	0	1710	1200	1
17	204	152	416	771	9160	0.0	0	0	1710	1200	1
17	205	153	417	774	9141	0.0	0	0	1710	1200	1
17	204	152	416	771	9160	0.0	0	0	1710	1200	1
17	205	152	416	773	9122	0.0	0	0	1710	1200	1
17	204	152	416	771	9160	0.0	0	0	1710	1200	1
17	205	152	416	773	9122	0.0	0	0	1710	1200	1
17	204	152	416	771	9160	0.0	0	0	1710	1200	1
17	205	152	416	773	9122	0.0	0	0	1710	1200	1
17	204	152	416	771	9160	0.0	0	0	1710	1200	1
17	205	153	417	774	9141	0.0	0	0	1710	1200	1
17	204	151	413	768	9104	0.0	0	0	1710	1200	1
17	205	152	415	771	9103	0.0	0	0	1710	1200	1
17	204	151	414	768	9123	0.0	0	0	1710	1200	1
17	205	152	414	770	9085	0.0	0	0	1710	1200	1
17	204	152	414	769	9123	0.0	0	0	1710	1200	1
17	205	152	414	770	9085	0.0	0	0	1710	1200	1
17	205	152	414	770	9085	0.0	0	0	1710	1200	1
17	204	152	414	769	9123	0.0	0	0	1710	1200	0
17	197	135	319	648	7572	0.0	0	0	1710	1200	0
17	180	98	104	373	3555	20.0	0	0	1710	1200	0
17	180	98	104	373	3555	20.0	0	0	1710	1200	0
17	180	98	104	373	3555	20.0	0	0	1710	1200	0
17	180	98	104	373	3555	20.0	0	0	1710	1200	0
17	180	98	104	373	3555	20.0	0	0	1710	1200	0
18	180	98	104	372	3546	20.0	0	0	1842	1200	1
18	181	98	104	373	3534	19.0	0	0	1842	1200	1
18	200	142	359	698	8245	0.0	0	0	1842	1200	1
18	206	155	430	790	9343	0.0	0	0	1842	1200	1
18	205	154	430	788	9382	0.0	0	0	1842	1200	1
18	206	155	430	790	9343	0.0	0	0	1842	1200	1
18	205	154	429	788	9364	0.0	0	0	1842	1200	1
18	206	155	430	791	9343	0.0	0	0	1842	1200	1
18	205	154	429	788	9364	0.0	0	0	1842	1200	1
18	206	155	433	794	9399	0.0	0	0	1842	1200	1
18	206	155	432	794	9380	0.0	0	0	1842	1200	1
18	205	155	432	792	9419	0.0	0	0	1842	1200	1
18	206	155	433	794	9399	0.0	0	0	1842	1200	1
18	205	155	432	791	9419	0.0	0	0	1842	1200	1
18	206	155	433	794	9399	0.0	0	0	1842	1200	1
18	205	155	432	791	9419	0.0	0	0	1842	1200	1
18	206	155	433	794	9399	0.0	0	0	1842	1200	1
18	205	155	432	792	9419	0.0	0	0	1842	1200	1
18	206	155	433	793	9399	0.0	0	0	1842	1200	1
18	205	155	432	792	9419	0.0	0	0	1842	1200	1
18	206	155	429	789	9325	0.0	0	0	1842	1200	1
18	205	154	430	789	9382	0.0	0	0	1842	1200	1
18	205	155	430	789	9382	0.0	0	0	1842	1200	1
18	205	155	430	789	9382	0.0	0	0	1842	1200	1
18	205	155	430	789	9382	0.0	0	0	1842	1200	1
18	206	155	429	789	9325	0.0	0	0	1842	1200	1
18	205	154	430	789	9382	0.0	0	0	1842	1200	1
18	206	155	430	790	9343	0.0	0	0	1842	1200	0
18	198	137	325	656	7669	0.0	0	0	1842	1200	0
18	180	98	104	372	3546	20.0	0	0	1842	1200	0
18	181	98	105	374	3555	19.0	0	0	1842	1200	0
18	180	98	104	372	3546	20.0	0	0	1842	1200	0
18	181	98	104	374	3543	19.0	0	0	1842	1200	0
18	180	98	104	372	3546	20.0	0	0	1842	1200	0
19	181	98	105	374	3555	19.0	0	0	1973	1200	1
19	180	98	104	372	3546	20.0	0	0	1973	1200	1
19	196	132	300	624	7243	0.0	0	0	1973	1200	1
19	206	157	448	812	9676	0.0	0	0	1973	1200	1
19	208	158	449	815	9615	0.0	0	0	1973	1200	1
19	206	157	448	812	9676	0.0	0	0	1973	1200	1
19	207	158	448	814	9636	0.0	0	0	1973	1200	1
19	206	158	449	813	9695	0.0	0	0	1973	1200	1
19	207	158	449	814	9655	0.0	0	0	1973	1200	1
19	206	158	448	812	9676	0.0	0	0	1973	1200	1
19	207	158	447	812	9618	0.0	0	0	1973	1200	1
19	206	157	445	808	9621	0.0	0	0	1973	1200	1
19	207	157	445	809	9581	0.0	0	0	1973	1200	1
19	207	157	445	809	9581	0.0	0	0	1973	1200	1
19	207	157	445	809	9581	0.0	0	0	1973	1200	1
19	207	157	445	809	9581	0.0	0	0	1973	1200	1
19	207	157	445	809	9581	0.0	0	0	1973	1200	1
19	206	157	445	808	9621	0.0	0	0	1973	1200	1
19	207	157	446	810	9599	0.0	0	0	1973	1200	1
19	206	157	445	808	9621	0.0	0	0	1973	1200	1
19	207	157	445	810	9581	0.0	0	0	1973	1200	1
19	206	158	448	813	9676	0.0	0	0	1973	1200	1
19	207	158	449	814	9655	0.0	0	0	1973	1200	1
19	206	157	448	812	9676	0.0	0	0	1973	1200	1
19	207	158	449	815	9655	0.0	0	0	1973	1200	1
19	206	157	448	812	9676	0.0	0	0	1973	1200	1
19	207	158	449	814	9655	0.0	0	0	1973	1200	1
19	206	157	449	812	9695	0.0	0	0	1973	1200	0
19	207	158	449	814	9655	0.0	0	0	1973	1200	0
19	194	130	292	613	7135	0.0	0	0	1973	1200	0
19	180	98	104	372	3546	20.0	0	0	1973	1200	0
19	181	98	105	374	3555	19.0	0	0	1973	1200	0
19	180	98	104	372	3546	20.0	0	0	1973	1200	0
19	181	98	105	374	3555	19.0	0	0	1973	1200	0
20	180	98	104	372	3546	20.0	0	0	2105	1200	1
20	181	98	105	374	3555	19.0	0	0	2105	1200	1
20	202	146	384	730	8650	0.0	0	0	2105	1200	1
20	208	160	462	831	9853	0.0	0	0	2105	1200	1
20	208	160	461	829	9835	0.0	0	0	2105	1200	1
20	208	160	461	829	9835	0.0	0	0	2105	1200	1
20	208	160	461	829	9835	0.0	0	0	2105	1200	1
20	208	160	461	829	9835	0.0	0	0	2105	1200	1
20	208	160	461	829	9835	0.0	0	0	2105	1200	1
20	208	160	462	830	9853	0.0	0	0	2105	1200	1
20	208	161	465	835	9908	0.0	0	0	2105	1200	1
20	208	160	465	834	9908	0.0	0	0	2105	1200	1
20	208	161	465	835	9908	0.0	0	0	2105	1200	1
20	208	161	465	834	9908	0.0	0	0	2105	1200	1
20	209	160	464	835	9849	0.0	0	0	2105	1200	1
20	209	161	465	836	9867	0.0	0	0	2105	1200	1
20	208	160	465	833	9908	0.0	0	0	2105	1200	1
20	209	161	465	835	9867	0.0	0	0	2105	1200	1
20	208	160	465	833	9908	0.0	0	0	2105	1200	1
20	209	161	465	835	9867	0.0	0	0	2105	1200	1
20	207	160	461	829	9876	0.0	0	0	2105	1200	1
20	209	160	462	831	9813	0.0	0	0	2105	1200	1
20	207	160	460	828	9857	0.0	0	0	2105	1200	1
20	209	160	461	831	9794	0.0	0	0	2105	1200	1
20	207	160	461	828	9876	0.0	0	0	2105	1200	1
20	209	160	461	830	9794	0.0	0	0	2105	1200	1
20	207	160	460	828	9857	0.0	0	0	2105	1200	1
20	208	160	461	830	9835	0.0	0	0	2105	1200	0
20	207	160	461	828	9876	0.0	0	0	2105	1200	0
20	201	145	373	718	8461	0.0	0	0	2105	1200	0
20	180	98	104	372	3546	20.0	0	0	2105	1200	0
20	181	98	104	374	3543	19.0	0	0	2105	1200	0
20	180	98	104	372	3546	20.0	0	0	2105	1200	0
20	180	98	104	373	3555	20.0	0	0	2105	1200	0
21	181	98	104	374	3543	19.0	0	0	2236	1200	1
21	180	98	104	373	3555	20.0	0	0	2236	1200	1
21	203	149	398	749	8860	0.0	0	0	2236	1200	1
21	209	163	477	850	10086	0.0	0	0	2236	1200	1
21	209	163	476	849	10068	0.0	0	0	2236	1200	1
21	209	163	477	850	10086	0.0	0	0	2236	1200	1
21	209	163	477	849	10086	0.0	0	0	2236	1200	1
21	209	163	477	850	10086	0.0	0	0	2236	1200	1
21	209	162	476	848	10068	0.0	0	0	2236	1200	1
21	210	163	477	850	10045	0.0	0	0	2236	1200	1
21	209	163	481	854	10159	0.0	0	0	2236	1200	1
21	210	164	481	856	10117	0.0	0	0	2236	1200	1
21	209	163	481	854	10159	0.0	0	0	2236	1200	1
21	210	164	482	857	10135	0.0	0	0	2236	1200	1
21	209	163	481	854	10159	0.0	0	0	2236	1200	1
21	210	164	481	856	10117	0.0	0	0	2236	1200	1
21	209	163	481	854	10159	0.0	0	0	2236	1200	1
21	209	163	480	853	10141	0.0	0	0	2236	1200	1
21	210	164	481	856	10117	0.0	0	0	2236	1200	1
21	209	163	481	855	10159	0.0	0	0	2236	1200	1
21	210	164	480	854	10099	0.0	0	0	2236	1200	1
21	209	162	476	848	10068	0.0	0	0	2236	1200	1
21	210	163	477	851	10045	0.0	0	0	2236	1200	1
21	209	162	476	848	10068	0.0	0	0	2236	1200	1
21	210	163	477	850	10045	0.0	0	0	2236	1200	1
21	209	163	477	850	10086	0.0	0	0	2236	1200	1
21	210	163	477	850	10045	0.0	0	0	2236	1200	1
21	209	162	476	848	10068	0.0	0	0	2236	1200	0
21	210	163	477	850	10045	0.0	0	0	2236	1200	0
21	202	146	381	727	8593	0.0	0	0	2236	1200	0
21	181	98	104	374	3543	19.0	0	0	2236	1200	0
21	180	98	104	373	3555	20.0	0	0	2236	1200	0
21	180	98	104	373	3555	20.0	0	0	2236	1200	0
21	181	98	104	373	3534	19.0	0	0	2236	1200	0
22	180	98	104	373	3555	20.0	0	0	2368	1200	1
22	180	98	104	372	3546	20.0	0	0	2368	1200	1
22	195	131	295	617	7175	0.0	0	0	2368	1200	1
22	211	166	498	876	10383	0.0	0	0	2368	1200	1
22	211	167	498	877	10383	0.0	0	0	2368	1200	1
22	210	166	497	875	10408	0.0	0	0	2368	1200	1
22	212	167	498	878	10340	0.0	0	0	2368	1200	1
22	210	166	497	875	10408	0.0	0	0	2368	1200	1
22	211	167	498	877	10383	0.0	0	0	2368	1200	1
22	210	166	498	875	10426	0.0	0	0	2368	1200	1
22	211	167	498	878	10383	0.0	0	0	2368	1200	1
22	210	165	493	870	10335	0.0	0	0	2368	1200	1
22	211	166	493	871	10293	0.0	0	0	2368	1200	1
22	210	165	492	868	10317	0.0	0	0	2368	1200	1
22	211	166	492	870	10274	0.0	0	0	2368	1200	1
22	210	165	492	868	10317	0.0	0	0	2368	1200	1
22	211	166	493	871	10293	0.0	0	0	2368	1200	1
22	210	165	492	868	10317	0.0	0	0	2368	1200	1
22	211	166	493	870	10293	0.0	0	0	2368	1200	1
22	211	166	493	871	10293	0.0	0	0	2368	1200	1
22	210	165	492	868	10317	0.0	0	0	2368	1200	1
22	211	166	493	870	10293	0.0	0	0	2368	1200	1
22	210	166	498	876	10426	0.0	0	0	2368	1200	1
22	211	166	497	875	10365	0.0	0	0	2368	1200	1
22	211	166	498	876	10383	0.0	0	0	2368	1200	1
22	211	166	498	876	10383	0.0	0	0	2368	1200	1
22	211	166	497	876	10365	0.0	0	0	2368	1200	1
22	211	166	497	876	10365	0.0	0	0	2368	1200	1
22	211	166	498	877	10383	0.0	0	0	2368	1200	0
22	197	137	329	661	7766	0.0	0	0	2368	1200	0
22	180	98	104	373	3555	20.0	0	0	2368	1200	0
22	180	98	104	372	3546	20.0	0	0	2368	1200	0
22	181	98	104	373	3534	19.0	0	0	2368	1200	0
22	180	98	104	372	3546	20.0	0	0	2368	1200	0
23	181	98	104	374	3543	19.0	0	0	2500	1200	1
23	180	98	104	372	3546	20.0	0	0	2500	1200	1
23	181	98	104	374	3543	19.0	0	0	2500	1200	1
23	212	168	509	891	10538	0.0	0	0	2500	1200	1
23	211	168	508	888	10563	0.0	0	0	2500	1200	1
23	212	169	509	892	10538	0.0	0	0	2500	1200	1
23	211	168	508	888	10563	0.0	0	0	2500	1200	1
23	212	168	508	891	10520	0.0	0	0	2500	1200	1
23	211	168	508	888	10563	0.0	0	0	2500	1200	1
23	212	169	509	891	10538	0.0	0	0	2500	1200	1
23	211	168	508	889	10563	0.0	0	0	2500	1200	1
23	212	169	514	898	10628	0.0	0	0	2500	1200	1
23	211	169	514	896	10672	0.0	0	0	2500	1200	1
23	212	169	514	897	10628	0.0	0	0	2500	1200	1
23	211	169	513	895	10654	0.0	0	0	2500	1200	1
23	212	169	514	898	10628	0.0	0	0	2500	1200	1
23	211	169	514	896	10672	0.0	0	0	2500	1200	1
23	212	169	514	897	10628	0.0	0	0	2500	1200	1
23	212	169	514	896	10628	0.0	0	0	2500	1200	1
23	212	169	514	898	10628	0.0	0	0	2500	1200	1
23	212	169	514	896	10628	0.0	0	0	2500	1200	1
23	212	168	510	897	10556	0.0	0	0	2500	1200	1
23	211	168	508	889	10563	0.0	0	0	2500	1200	1
23	212	168	508	890	10520	0.0	0	0	2500	1200	1
23	211	168	508	889	10563	0.0	0	0	2500	1200	1
23	212	168	509	891	10538	0.0	0	0	2500	1200	1
23	211	168	508	889	10563	0.0	0	0	2500	1200	1
23	212	168	509	891	10538	0.0	0	0	2500	1200	1
