Stim	R	G	B	C	Temp	HueLux	Yellow	Red	Blue	Blue2	Trig
1	56	188	273	528	19964	78.0	0	1500	0	0	1
1	200	196	289	678	6922	32.0	0	1500	0	0	1
1	344	204	306	830	4764	0.0	0	1500	0	0	1
1	344	204	306	829	4764	0.0	0	1500	0	0	1
1	344	204	306	830	4764	0.0	0	1500	0	0	1
1	343	204	306	829	4775	0.0	0	1500	0	0	1
1	344	204	306	829	4764	0.0	0	1500	0	0	1
1	344	204	306	830	4764	0.0	0	1500	0	0	1
1	343	203	305	828	4764	0.0	0	1500	0	0	1
1	344	204	306	830	4764	0.0	0	1500	0	0	1
1	344	203	305	828	4753	0.0	0	1500	0	0	1
1	344	203	305	828	4753	0.0	0	1500	0	0	1
1	344	204	306	830	4764	0.0	0	1500	0	0	1
1	343	203	305	828	4764	0.0	0	1500	0	0	1
1	344	204	306	831	4766	0.0	0	1500	0	0	1
1	343	203	305	828	4764	0.0	0	1500	0	0	1
1	344	204	307	831	4776	0.0	0	1500	0	0	1
1	344	203	305	828	4753	0.0	0	1500	0	0	1
1	344	204	306	830	4764	0.0	0	1500	0	0	1
1	344	203	305	827	4753	0.0	0	1500	0	0	1
1	344	204	306	831	4766	0.0	0	1500	0	0	1
1	343	203	305	827	4763	0.0	0	1500	0	0	1
1	344	204	306	831	4766	0.0	0	1500	0	0	1
1	344	203	305	827	4753	0.0	0	1500	0	0	1
1	344	204	306	830	4764	0.0	0	1500	0	0	1
1	344	203	305	827	4753	0.0	0	1500	0	0	1
1	344	204	306	831	4766	0.0	0	1500	0	0	1
1	343	203	305	827	4763	0.0	0	1500	0	0	0
1	344	204	307	831	4776	0.0	0	1500	0	0	0
1	56	188	273	605	19964	78.0	0	1500	0	0	0
1	56	187	272	525	19896	77.0	0	1500	0	0	0
1	56	188	273	528	19964	78.0	0	1500	0	0	0
1	56	187	272	525	19896	77.0	0	1500	0	0	0
1	56	188	273	528	19964	78.0	0	1500	0	0	0
2	56	187	272	525	19896	77.0	0	1500	0	0	1
2	211	197	291	691	6673	29.0	0	1500	0	0	1
2	344	203	305	828	4753	0.0	0	1500	0	0	1
2	344	204	306	830	4764	0.0	0	1500	0	0	1
2	344	203	305	829	4754	0.0	0	1500	0	0	1
2	344	204	306	830	4764	0.0	0	1500	0	0	1
2	344	203	305	828	4753	0.0	0	1500	0	0	1
2	344	204	306	830	4764	0.0	0	1500	0	0	1
2	343	203	305	828	4764	0.0	0	1500	0	0	1
2	344	204	306	829	4764	0.0	0	1500	0	0	1
2	344	203	306	829	4764	0.0	0	1500	0	0	1
2	343	203	306	829	4776	0.0	0	1500	0	0	1
2	344	203	306	829	4764	0.0	0	1500	0	0	1
2	344	203	306	829	4764	0.0	0	1500	0	0	1
2	344	203	305	829	4754	0.0	0	1500	0	0	1
2	344	204	306	830	4764	0.0	0	1500	0	0	1
2	343	203	305	828	4764	0.0	0	1500	0	0	1
2	344	204	306	830	4764	0.0	0	1500	0	0	1
2	343	203	305	827	4763	0.0	0	1500	0	0	1
2	344	204	306	830	4764	0.0	0	1500	0	0	1
2	343	203	305	828	4764	0.0	0	1500	0	0	1
2	343	204	306	830	4776	0.0	0	1500	0	0	1
2	343	203	305	828	4764	0.0	0	1500	0	0	1
2	344	204	306	830	4764	0.0	0	1500	0	0	1
2	343	203	305	827	4763	0.0	0	1500	0	0	1
2	344	204	306	830	4764	0.0	0	1500	0	0	1
2	343	203	305	827	4763	0.0	0	1500	0	0	1
2	343	204	306	830	4776	0.0	0	1500	0	0	0
2	344	203	305	827	4753	0.0	0	1500	0	0	0
2	133	192	282	609	9469	53.0	0	1500	0	0	0
2	56	187	271	525	19828	78.0	0	1500	0	0	0
2	56	188	273	528	19964	78.0	0	1500	0	0	0
2	56	188	273	529	19964	78.0	0	1500	0	0	0
2	56	187	272	525	19896	77.0	0	1500	0	0	0
3	56	188	273	529	19964	78.0	0	1500	0	0	1
3	209	195	289	687	6680	28.0	0	1500	0	0	1
3	344	204	307	831	4776	0.0	0	1500	0	0	1
3	343	203	305	827	4763	0.0	0	1500	0	0	1
3	344	204	307	831	4776	0.0	0	1500	0	0	1
3	343	203	305	827	4763	0.0	0	1500	0	0	1
3	344	204	307	831	4776	0.0	0	1500	0	0	1
3	344	203	305	828	4753	0.0	0	1500	0	0	1
3	343	204	306	830	4776	0.0	0	1500	0	0	1
3	343	203	305	828	4764	0.0	0	1500	0	0	1
3	344	204	306	830	4764	0.0	0	1500	0	0	1
3	343	203	305	827	4763	0.0	0	1500	0	0	1
3	344	204	306	830	4764	0.0	0	1500	0	0	1
3	343	203	305	828	4764	0.0	0	1500	0	0	1
3	343	204	306	829	4775	0.0	0	1500	0	0	1
3	344	203	305	828	4753	0.0	0	1500	0	0	1
3	343	203	305	828	4764	0.0	0	1500	0	0	1
3	344	204	306	830	4764	0.0	0	1500	0	0	1
3	343	203	305	828	4764	0.0	0	1500	0	0	1
3	344	204	306	830	4764	0.0	0	1500	0	0	1
3	344	204	306	829	4764	0.0	0	1500	0	0	1
3	343	204	306	829	4775	0.0	0	1500	0	0	1
3	344	204	306	829	4764	0.0	0	1500	0	0	1
3	343	204	306	829	4775	0.0	0	1500	0	0	1
3	343	204	306	829	4775	0.0	0	1500	0	0	1
3	344	203	306	829	4764	0.0	0	1500	0	0	1
3	343	204	306	829	4775	0.0	0	1500	0	0	1
3	343	203	305	828	4764	0.0	0	1500	0	0	0
3	344	204	306	830	4764	0.0	0	1500	0	0	0
3	123	191	280	596	10064	56.0	0	1500	0	0	0
3	56	188	273	527	19964	78.0	0	1500	0	0	0
3	56	187	272	526	19896	77.0	0	1500	0	0	0
3	56	188	273	528	19964	78.0	0	1500	0	0	0
3	56	187	272	525	19896	77.0	0	1500	0	0	0
4	56	187	272	525	19896	77.0	0	1500	0	0	1
4	56	188	273	528	19964	78.0	0	1500	0	0	1
4	202	195	289	679	6866	30.0	0	1500	0	0	1
4	202	196	290	682	6885	31.0	0	1500	0	0	1
4	203	195	289	679	6847	30.0	0	1500	0	0	1
4	202	196	290	682	6885	31.0	0	1500	0	0	1
4	202	195	288	679	6847	31.0	0	1500	0	0	1
4	203	196	290	682	6858	31.0	0	1500	0	0	1
4	202	195	288	678	6847	31.0	0	1500	0	0	1
4	203	196	290	682	6858	31.0	0	1500	0	0	1
4	202	195	288	678	6847	31.0	0	1500	0	0	1
4	202	196	290	682	6885	31.0	0	1500	0	0	1
4	202	195	288	679	6847	31.0	0	1500	0	0	1
4	203	196	290	682	6858	31.0	0	1500	0	0	1
4	197	195	288	674	6988	33.0	0	1500	0	0	1
4	197	196	290	677	7027	33.0	0	1500	0	0	1
4	197	195	288	673	6988	33.0	0	1500	0	0	1
4	197	196	290	677	7027	33.0	0	1500	0	0	1
4	197	196	290	677	7027	33.0	0	1500	0	0	1
4	197	195	288	673	6988	33.0	0	1500	0	0	1
4	197	196	290	677	7027	33.0	0	1500	0	0	1
4	197	195	288	674	6988	33.0	0	1500	0	0	1
4	197	196	290	677	7027	33.0	0	1500	0	0	1
4	197	195	288	674	6988	33.0	0	1500	0	0	1
4	199	196	290	678	6969	32.0	0	1500	0	0	1
4	203	195	289	680	6839	30.0	0	1500	0	0	1
4	202	196	290	682	6885	31.0	0	1500	0	0	1
4	202	195	289	679	6866	30.0	0	1500	0	0	0
4	203	196	290	682	6858	31.0	0	1500	0	0	0
4	140	192	282	614	9065	51.0	0	1500	0	0	0
4	56	188	273	528	19964	78.0	0	1500	0	0	0
4	56	187	272	526	19896	77.0	0	1500	0	0	0
4	56	188	273	528	19964	78.0	0	1500	0	0	0
4	56	187	272	526	19896	77.0	0	1500	0	0	0
5	56	188	273	528	19964	78.0	0	1500	131	0	1
5	56	187	272	526	19896	77.0	0	1500	131	0	1
5	61	204	333	534	40936	58.0	0	1500	131	0	1
5	203	204	333	734	7677	12.0	0	1500	131	0	1
5	204	204	333	735	7646	12.0	0	1500	131	0	1
5	204	204	333	736	7634	12.0	0	1500	131	0	1
5	203	204	333	734	7677	12.0	0	1500	131	0	1
5	204	204	333	735	7646	12.0	0	1500	131	0	1
5	203	204	333	735	7665	12.0	0	1500	131	0	1
5	203	204	333	735	7665	12.0	0	1500	131	0	1
5	204	204	333	735	7646	12.0	0	1500	131	0	1
5	203	204	333	735	7665	12.0	0	1500	131	0	1
5	203	204	333	735	7665	12.0	0	1500	131	0	1
5	198	203	331	727	7786	13.0	0	1500	131	0	1
5	198	204	331	728	7786	15.0	0	1500	131	0	1
5	198	203	331	727	7786	13.0	0	1500	131	0	1
5	198	204	331	728	7786	15.0	0	1500	131	0	1
5	198	203	330	727	7766	14.0	0	1500	131	0	1
5	198	204	331	728	7786	15.0	0	1500	131	0	1
5	198	203	330	726	7766	14.0	0	1500	131	0	1
5	199	204	332	729	7786	14.0	0	1500	131	0	1
5	198	204	331	728	7786	15.0	0	1500	131	0	1
5	198	203	330	726	7766	14.0	0	1500	131	0	1
5	199	204	331	729	7753	15.0	0	1500	131	0	1
5	203	203	332	733	7646	11.0	0	1500	131	0	1
5	203	204	333	735	7665	12.0	0	1500	131	0	1
5	203	203	332	732	7658	11.0	0	1500	131	0	1
5	203	204	333	735	7665	12.0	0	1500	131	0	0
5	203	203	331	731	7639	12.0	0	1500	131	0	0
5	132	196	303	633	10136	44.0	0	1500	131	0	0
5	56	186	271	523	19828	77.0	0	1500	131	0	0
5	56	187	272	527	19896	77.0	0	1500	131	0	0
5	56	186	271	523	19828	77.0	0	1500	131	0	0
5	56	188	272	527	19896	79.0	0	1500	131	0	0
6	56	186	271	523	19828	77.0	0	1500	263	0	1
6	56	188	272	527	19896	79.0	0	1500	263	0	1
6	59	187	276	532	19214	73.0	0	1500	263	0	1
6	208	235	496	937	10501	0.0	0	1500	263	0	1
6	208	233	494	935	10439	0.0	0	1500	263	0	1
6	207	233	493	932	10465	0.0	0	1500	263	0	1
6	208	235	496	938	10476	0.0	0	1500	263	0	1
6	208	234	495	935	10483	0.0	0	1500	263	0	1
6	208	235	496	938	10476	0.0	0	1500	263	0	1
6	208	234	494	935	10439	0.0	0	1500	263	0	1
6	208	235	497	939	10494	0.0	0	1500	263	0	1
6	208	233	494	934	10439	0.0	0	1500	263	0	1
6	208	235	497	939	10494	0.0	0	1500	263	0	1
6	203	232	486	921	10512	0.0	0	1500	263	0	1
6	203	233	488	923	10550	0.0	0	1500	263	0	1
6	202	232	486	920	10557	0.0	0	1500	263	0	1
6	203	233	488	923	10550	0.0	0	1500	263	0	1
6	202	232	486	920	10557	0.0	0	1500	263	0	1
6	203	233	488	923	10550	0.0	0	1500	263	0	1
6	202	232	486	920	10557	0.0	0	1500	263	0	1
6	203	233	488	923	10550	0.0	0	1500	263	0	1
6	202	232	487	921	10576	0.0	0	1500	263	0	1
6	203	233	489	925	10568	0.0	0	1500	263	0	1
6	203	233	488	923	10550	0.0	0	1500	263	0	1
6	208	234	494	935	10439	0.0	0	1500	263	0	1
6	208	235	495	937	10458	0.0	0	1500	263	0	1
6	208	234	495	936	10458	0.0	0	1500	263	0	1
6	208	235	495	937	10458	0.0	0	1500	263	0	0
6	208	234	495	937	10458	0.0	0	1500	263	0	0
6	135	212	388	739	12341	6.0	0	1500	263	0	0
6	56	187	271	525	19828	78.0	0	1500	263	0	0
6	56	187	272	526	19896	77.0	0	1500	263	0	0
6	56	187	271	525	19828	78.0	0	1500	263	0	0
6	56	187	272	526	19896	77.0	0	1500	263	0	0
7	56	187	272	525	19896	77.0	0	1500	394	0	1
7	56	187	272	525	19896	77.0	0	1500	394	0	1
7	56	187	272	525	19896	77.0	0	1500	394	0	1
7	207	265	662	1139	13575	0.0	0	1500	394	0	1
7	212	268	677	1163	13557	0.0	0	1500	394	0	1
7	213	268	676	1162	13482	0.0	0	1500	394	0	1
7	213	268	678	1165	13518	0.0	0	1500	394	0	1
7	213	268	677	1163	13500	0.0	0	1500	394	0	1
7	213	268	678	1164	13518	0.0	0	1500	394	0	1
7	213	268	677	1163	13500	0.0	0	1500	394	0	1
7	213	268	676	1162	13482	0.0	0	1500	394	0	1
7	213	269	678	1165	13518	0.0	0	1500	394	0	1
7	212	267	674	1158	13503	0.0	0	1500	394	0	1
7	213	268	677	1163	13500	0.0	0	1500	394	0	1
7	212	267	674	1158	13503	0.0	0	1500	394	0	1
7	207	266	663	1141	13594	0.0	0	1500	394	0	1
7	207	265	663	1141	13594	0.0	0	1500	394	0	1
7	207	266	663	1141	13594	0.0	0	1500	394	0	1
7	207	265	661	1138	13557	0.0	0	1500	394	0	1
7	207	266	663	1141	13594	0.0	0	1500	394	0	1
7	208	265	663	1141	13535	0.0	0	1500	394	0	1
7	207	266	663	1141	13594	0.0	0	1500	394	0	1
7	207	265	661	1138	13557	0.0	0	1500	394	0	1
7	207	266	663	1141	13594	0.0	0	1500	394	0	1
7	207	265	661	1138	13557	0.0	0	1500	394	0	1
7	211	267	673	1141	13745	0.0	0	1500	394	0	1
7	213	269	677	1164	13500	0.0	0	1500	394	0	1
7	213	268	675	1161	13464	0.0	0	1500	394	0	1
7	213	269	679	1166	13536	0.0	0	1500	394	0	0
7	157	239	531	934	14277	0.0	0	1500	394	0	0
7	56	188	273	528	19964	78.0	0	1500	394	0	0
7	56	187	271	525	19828	78.0	0	1500	394	0	0
7	56	188	273	528	19964	78.0	0	1500	394	0	0
7	56	187	271	525	19828	78.0	0	1500	394	0	0
8	56	188	273	529	19964	78.0	0	1500	526	0	1
8	56	187	271	525	19828	78.0	0	1500	526	0	1
8	56	188	273	528	19964	78.0	0	1500	526	0	1
8	219	305	875	1410	16613	0.0	0	1500	526	0	1
8	219	306	875	1411	16613	0.0	0	1500	526	0	1
8	219	305	873	1407	16578	0.0	0	1500	526	0	1
8	218	306	874	1410	16665	0.0	0	1500	526	0	1
8	218	305	873	1408	16648	0.0	0	1500	526	0	1
8	219	306	874	1411	16596	0.0	0	1500	526	0	1
8	219	305	873	1410	16578	0.0	0	1500	526	0	1
8	219	304	872	1406	16561	0.0	0	1500	526	0	1
8	219	306	877	1413	16648	0.0	0	1500	526	0	1
8	218	305	874	1408	16665	0.0	0	1500	526	0	1
8	219	305	874	1409	16596	0.0	0	1500	526	0	1
8	212	300	851	1375	16684	0.0	0	1500	526	0	1
8	213	301	853	1378	16648	0.0	0	1500	526	0	1
8	212	300	851	1375	16684	0.0	0	1500	526	0	1
8	213	301	853	1378	16648	0.0	0	1500	526	0	1
8	213	300	851	1375	16613	0.0	0	1500	526	0	1
8	213	301	853	1378	16648	0.0	0	1500	526	0	1
8	212	300	851	1375	16684	0.0	0	1500	526	0	1
8	213	301	853	1378	16648	0.0	0	1500	526	0	1
8	213	301	854	1379	16666	0.0	0	1500	526	0	1
8	213	301	853	1378	16648	0.0	0	1500	526	0	1
8	213	300	852	1376	16631	0.0	0	1500	526	0	1
8	214	302	860	1388	16702	0.0	0	1500	526	0	1
8	219	305	873	1407	16578	0.0	0	1500	526	0	1
8	219	306	876	1412	16631	0.0	0	1500	526	0	1
8	219	305	873	1409	16578	0.0	0	1500	526	0	0
8	150	255	619	1035	17113	0.0	0	1500	526	0	0
8	56	187	272	526	19896	77.0	0	1500	526	0	0
8	56	187	272	525	19896	77.0	0	1500	526	0	0
8	56	187	272	526	19896	77.0	0	1500	526	0	0
8	56	187	271	525	19828	78.0	0	1500	526	0	0
8	56	187	272	526	19896	77.0	0	1500	526	0	0
9	56	187	272	525	19896	77.0	0	1500	657	0	1
9	56	187	272	526	19896	77.0	0	1500	657	0	1
9	224	342	1071	1655	19607	0.0	0	1500	657	0	1
9	225	342	1073	1657	19560	0.0	0	1500	657	0	1
9	224	343	1075	1659	19675	0.0	0	1500	657	0	1
9	224	342	1072	1655	19624	0.0	0	1500	657	0	1
9	225	342	1072	1656	19543	0.0	0	1500	657	0	1
9	223	342	1071	1654	19689	0.0	0	1500	657	0	1
9	224	342	1072	1655	19624	0.0	0	1500	657	0	1
9	224	342	1071	1655	19607	0.0	0	1500	657	0	1
9	224	343	1075	1660	19675	0.0	0	1500	657	0	1
9	225	342	1072	1656	19543	0.0	0	1500	657	0	1
9	224	342	1074	1658	19658	0.0	0	1500	657	0	1
9	218	337	1044	1617	19637	0.0	0	1500	657	0	1
9	219	337	1047	1620	19605	0.0	0	1500	657	0	1
9	218	337	1044	1617	19637	0.0	0	1500	657	0	1
9	218	336	1043	1614	19619	0.0	0	1500	657	0	1
9	218	337	1044	1617	19637	0.0	0	1500	657	0	1
9	218	336	1043	1614	19619	0.0	0	1500	657	0	1
9	218	337	1044	1617	19637	0.0	0	1500	657	0	1
9	218	336	1043	1614	19619	0.0	0	1500	657	0	1
9	218	337	1044	1617	19637	0.0	0	1500	657	0	1
9	218	336	1043	1614	19619	0.0	0	1500	657	0	1
9	219	338	1048	1622	19623	0.0	0	1500	657	0	1
9	218	336	1043	1614	19619	0.0	0	1500	657	0	1
9	224	343	1074	1658	19658	0.0	0	1500	657	0	1
9	224	341	1071	1653	19607	0.0	0	1500	657	0	1
9	225	342	1071	1656	19526	0.0	0	1500	657	0	0
9	224	342	1074	1657	19658	0.0	0	1500	657	0	0
9	56	186	271	524	19828	77.0	0	1500	657	0	0
9	56	188	272	527	19896	79.0	0	1500	657	0	0
9	56	186	271	524	19828	77.0	0	1500	657	0	0
9	56	188	272	527	19896	79.0	0	1500	657	0	0
9	56	186	271	523	19828	77.0	0	1500	657	0	0
10	56	188	272	527	19896	79.0	0	1500	789	0	1
10	56	186	271	523	19828	77.0	0	1500	789	0	1
10	224	373	1237	1857	22431	0.0	0	1500	789	0	1
10	223	372	1235	1853	22491	0.0	0	1500	789	0	1
10	230	380	1272	1905	22461	0.0	0	1500	789	0	1
10	229	378	1269	1900	22504	0.0	0	1500	789	0	1
10	230	380	1275	1909	22511	0.0	0	1500	789	0	1
10	230	378	1270	1902	22428	0.0	0	1500	789	0	1
10	230	380	1273	1908	22478	0.0	0	1500	789	0	1
10	230	379	1274	1906	22495	0.0	0	1500	789	0	1
10	230	380	1271	1905	22445	0.0	0	1500	789	0	1
10	230	379	1270	1903	22428	0.0	0	1500	789	0	1
10	230	381	1276	1910	22528	0.0	0	1500	789	0	1
10	230	379	1267	1900	22379	0.0	0	1500	789	0	1
10	228	377	1261	1890	22462	0.0	0	1500	789	0	1
10	224	373	1237	1857	22431	0.0	0	1500	789	0	1
10	223	372	1235	1854	22491	0.0	0	1500	789	0	1
10	224	373	1237	1857	22431	0.0	0	1500	789	0	1
10	223	372	1235	1854	22491	0.0	0	1500	789	0	1
10	224	373	1237	1857	22431	0.0	0	1500	789	0	1
10	223	372	1236	1854	22508	0.0	0	1500	789	0	1
10	224	374	1241	1863	22499	0.0	0	1500	789	0	1
10	223	372	1236	1854	22508	0.0	0	1500	789	0	1
10	224	373	1237	1857	22431	0.0	0	1500	789	0	1
10	223	372	1236	1854	22508	0.0	0	1500	789	0	1
10	224	373	1237	1857	22431	0.0	0	1500	789	0	1
10	229	378	1269	1900	22504	0.0	0	1500	789	0	1
10	230	380	1273	1907	22478	0.0	0	1500	789	0	0
10	230	379	1270	1903	22428	0.0	0	1500	789	0	0
10	181	326	992	1519	22272	0.0	0	1500	789	0	0
10	56	187	271	525	19828	78.0	0	1500	789	0	0
10	56	187	271	527	19828	78.0	0	1500	789	0	0
10	56	188	272	527	19896	79.0	0	1500	789	0	0
10	56	187	272	525	19896	77.0	0	1500	789	0	0
11	56	188	272	527	19896	79.0	0	1500	921	0	1
11	56	187	272	526	19896	77.0	0	1500	921	0	1
11	229	409	1429	2096	25166	0.0	0	1500	921	0	1
11	236	417	1472	2155	25155	0.0	0	1500	921	0	1
11	236	418	1475	2159	25203	0.0	0	1500	921	0	1
11	236	417	1470	2152	25122	0.0	0	1500	921	0	1
11	236	417	1474	2157	25187	0.0	0	1500	921	0	1
11	235	417	1470	2152	25223	0.0	0	1500	921	0	1
11	236	417	1470	2153	25122	0.0	0	1500	921	0	1
11	236	417	1474	2158	25187	0.0	0	1500	921	0	1
11	236	417	1474	2157	25187	0.0	0	1500	921	0	1
11	235	416	1465	2146	25142	0.0	0	1500	921	0	1
11	236	417	1475	2158	25203	0.0	0	1500	921	0	1
11	235	417	1474	2157	25288	0.0	0	1500	921	0	1
11	236	417	1470	2153	25122	0.0	0	1500	921	0	1
11	230	410	1429	2104	25062	0.0	0	1500	921	0	1
11	229	409	1429	2097	25166	0.0	0	1500	921	0	1
11	229	408	1429	2095	25166	0.0	0	1500	921	0	1
11	230	409	1429	2097	25062	0.0	0	1500	921	0	1
11	229	408	1429	2095	25166	0.0	0	1500	921	0	1
11	229	409	1429	2097	25166	0.0	0	1500	921	0	1
11	229	408	1428	2095	25149	0.0	0	1500	921	0	1
11	229	409	1429	2097	25166	0.0	0	1500	921	0	1
11	229	408	1429	2095	25166	0.0	0	1500	921	0	1
11	229	409	1430	2097	25182	0.0	0	1500	921	0	1
11	232	412	1448	2122	25170	0.0	0	1500	921	0	1
11	236	418	1475	2159	25203	0.0	0	1500	921	0	1
11	235	417	1473	2156	25272	0.0	0	1500	921	0	0
11	236	417	1471	2154	25138	0.0	0	1500	921	0	0
11	174	337	1057	1592	24535	0.0	0	1500	921	0	0
11	56	188	273	528	19964	78.0	0	1500	921	0	0
11	56	187	272	525	19896	77.0	0	1500	921	0	0
11	56	188	273	528	19964	78.0	0	1500	921	0	0
11	56	187	272	525	19896	77.0	0	1500	921	0	0
12	56	187	271	525	19828	78.0	0	1500	1052	0	1
12	56	188	273	528	19964	78.0	0	1500	1052	0	1
12	234	444	1619	2333	27751	0.0	0	1500	1052	0	1
12	242	455	1673	2406	27730	0.0	0	1500	1052	0	1
12	241	454	1672	2404	27823	0.0	0	1500	1052	0	1
12	241	454	1669	2402	27776	0.0	0	1500	1052	0	1
12	241	454	1671	2403	27808	0.0	0	1500	1052	0	1
12	241	455	1674	2407	27855	0.0	0	1500	1052	0	1
12	241	453	1668	2398	27760	0.0	0	1500	1052	0	1
12	241	454	1667	2398	27744	0.0	0	1500	1052	0	1
12	241	454	1673	2404	27839	0.0	0	1500	1052	0	1
12	241	454	1670	2402	27792	0.0	0	1500	1052	0	1
12	241	454	1670	2402	27792	0.0	0	1500	1052	0	1
12	240	454	1669	2401	27886	0.0	0	1500	1052	0	1
12	241	453	1668	2398	27760	0.0	0	1500	1052	0	1
12	235	445	1621	2337	27671	0.0	0	1500	1052	0	1
12	234	444	1619	2333	27751	0.0	0	1500	1052	0	1
12	236	446	1627	2345	27657	0.0	0	1500	1052	0	1
12	235	445	1621	2336	27671	0.0	0	1500	1052	0	1
12	234	444	1619	2333	27751	0.0	0	1500	1052	0	1
12	235	445	1621	2336	27671	0.0	0	1500	1052	0	1
12	234	444	1619	2333	27751	0.0	0	1500	1052	0	1
12	235	445	1621	2337	27671	0.0	0	1500	1052	0	1
12	234	444	1619	2333	27751	0.0	0	1500	1052	0	1
12	235	445	1621	2337	27671	0.0	0	1500	1052	0	1
12	235	446	1631	2347	27834	0.0	0	1500	1052	0	1
12	242	454	1669	2402	27667	0.0	0	1500	1052	0	1
12	241	454	1674	2406	27855	0.0	0	1500	1052	0	0
12	241	455	1670	2403	27792	0.0	0	1500	1052	0	0
12	180	365	1205	1778	26896	0.0	0	1500	1052	0	0
12	56	188	273	529	19964	78.0	0	1500	1052	0	0
12	56	187	272	526	19896	77.0	0	1500	1052	0	0
12	56	188	273	528	19964	78.0	0	1500	1052	0	0
12	56	187	272	526	19896	77.0	0	1500	1052	0	0
13	56	188	273	528	19964	78.0	0	1500	1184	0	1
13	56	187	272	525	19896	77.0	0	1500	1184	0	1
13	240	480	1812	2574	30156	0.0	0	1500	1184	0	1
13	241	482	1821	2586	30179	0.0	0	1500	1184	0	1
13	240	480	1813	2574	30172	0.0	0	1500	1184	0	1
13	247	492	1872	2654	30266	0.0	0	1500	1184	0	1
13	247	492	1874	2655	30297	0.0	0	1500	1184	0	1
13	246	490	1862	2641	30229	0.0	0	1500	1184	0	1
13	247	491	1868	2649	30205	0.0	0	1500	1184	0	1
13	247	493	1876	2658	30328	0.0	0	1500	1184	0	1
13	247	491	1869	2649	30220	0.0	0	1500	1184	0	1
13	247	491	1869	2650	30220	0.0	0	1500	1184	0	1
13	247	492	1873	2654	30282	0.0	0	1500	1184	0	1
13	247	492	1873	2655	30282	0.0	0	1500	1184	0	1
13	247	491	1868	2649	30205	0.0	0	1500	1184	0	1
13	247	492	1872	2654	30266	0.0	0	1500	1184	0	1
13	244	487	1847	2620	30231	0.0	0	1500	1184	0	1
13	240	481	1814	2576	30188	0.0	0	1500	1184	0	1
13	240	481	1813	2575	30172	0.0	0	1500	1184	0	1
13	240	481	1813	2576	30172	0.0	0	1500	1184	0	1
13	240	481	1813	2576	30172	0.0	0	1500	1184	0	1
13	240	481	1813	2576	30172	0.0	0	1500	1184	0	1
13	240	481	1813	2576	30172	0.0	0	1500	1184	0	1
13	241	482	1820	2584	30163	0.0	0	1500	1184	0	1
13	240	481	1813	2576	30172	0.0	0	1500	1184	0	1
13	240	481	1813	2576	30172	0.0	0	1500	1184	0	1
13	240	480	1813	2575	30172	0.0	0	1500	1184	0	1
13	247	490	1864	2644	30143	0.0	0	1500	1184	0	0
13	247	492	1874	2656	30297	0.0	0	1500	1184	0	0
13	209	430	1546	2221	29574	0.0	0	1500	1184	0	0
13	56	187	272	526	19896	77.0	0	1500	1184	0	0
13	56	188	273	527	19964	78.0	0	1500	1184	0	0
13	56	187	272	526	19896	77.0	0	1500	1184	0	0
13	56	188	273	527	19964	78.0	0	1500	1184	0	0
14	56	187	272	526	19896	77.0	0	1500	1315	0	1
14	56	188	273	527	19964	78.0	0	1500	1315	0	1
14	56	187	272	526	19896	77.0	0	1500	1315	0	1
14	245	517	2005	2815	32570	0.0	0	1500	1315	0	1
14	252	529	2067	2897	32642	0.0	0	1500	1315	0	1
14	253	528	2068	2898	32533	0.0	0	1500	1315	0	1
14	253	530	2075	2908	32639	0.0	0	1500	1315	0	1
14	252	528	2067	2896	32642	0.0	0	1500	1315	0	1
14	253	529	2068	2898	32533	0.0	0	1500	1315	0	1
14	252	529	2073	2904	32732	0.0	0	1500	1315	0	1
14	252	529	2071	2902	32702	0.0	0	1500	1315	0	1
14	253	528	2066	2896	32503	0.0	0	1500	1315	0	1
14	253	529	2071	2903	32578	0.0	0	1500	1315	0	1
14	251	527	2064	2892	32721	0.0	0	1500	1315	0	1
14	253	529	2067	2898	32518	0.0	0	1500	1315	0	1
14	253	528	2068	2897	32533	0.0	0	1500	1315	0	1
14	246	517	2006	2816	32459	0.0	0	1500	1315	0	1
14	246	517	2012	2823	32552	0.0	0	1500	1315	0	1
14	245	517	2006	2816	32586	0.0	0	1500	1315	0	1
14	245	516	2004	2813	32555	0.0	0	1500	1315	0	1
14	246	517	2006	2816	32459	0.0	0	1500	1315	0	1
14	246	517	2012	2823	32552	0.0	0	1500	1315	0	1
14	246	516	2004	2817	32428	0.0	0	1500	1315	0	1
14	246	517	2006	2817	32459	0.0	0	1500	1315	0	1
14	245	516	2004	2813	32555	0.0	0	1500	1315	0	1
14	246	517	2006	2817	32459	0.0	0	1500	1315	0	1
14	248	522	2034	2853	32639	0.0	0	1500	1315	0	1
14	253	530	2071	2902	32578	0.0	0	1500	1315	0	1
14	252	529	2073	2904	32732	0.0	0	1500	1315	0	0
14	202	440	1597	2277	31512	0.0	0	1500	1315	0	0
14	56	187	272	525	19896	77.0	0	1500	1315	0	0
14	56	188	273	529	19964	78.0	0	1500	1315	0	0
14	56	187	272	525	19896	77.0	0	1500	1315	0	0
14	56	188	274	529	20032	78.0	0	1500	1315	0	0
15	56	187	272	525	19896	77.0	0	1500	1447	0	1
15	56	188	274	529	20032	78.0	0	1500	1447	0	1
15	56	187	272	525	19896	77.0	0	1500	1447	0	1
15	251	553	2200	3058	34785	0.0	0	1500	1447	0	1
15	251	552	2198	3055	34755	0.0	0	1500	1447	0	1
15	258	567	2268	3149	34883	0.0	0	1500	1447	0	1
15	258	566	2269	3148	34898	0.0	0	1500	1447	0	1
15	258	566	2268	3147	34883	0.0	0	1500	1447	0	1
15	259	567	2269	3149	34768	0.0	0	1500	1447	0	1
15	258	567	2275	3155	34986	0.0	0	1500	1447	0	1
15	258	567	2272	3153	34942	0.0	0	1500	1447	0	1
15	258	565	2267	3146	34868	0.0	0	1500	1447	0	1
15	259	568	2275	3157	34857	0.0	0	1500	1447	0	1
15	258	566	2271	3151	34927	0.0	0	1500	1447	0	1
15	259	566	2268	3149	34754	0.0	0	1500	1447	0	1
15	257	565	2263	3141	34939	0.0	0	1500	1447	0	1
15	251	553	2199	3057	34770	0.0	0	1500	1447	0	1
15	251	552	2198	3055	34755	0.0	0	1500	1447	0	1
15	251	553	2199	3057	34770	0.0	0	1500	1447	0	1
15	252	554	2207	3067	34758	0.0	0	1500	1447	0	1
15	251	553	2199	3058	34770	0.0	0	1500	1447	0	1
15	251	552	2198	3055	34755	0.0	0	1500	1447	0	1
15	251	553	2199	3057	34770	0.0	0	1500	1447	0	1
15	251	552	2198	3056	34755	0.0	0	1500	1447	0	1
15	251	553	2199	3058	34770	0.0	0	1500	1447	0	1
15	251	553	2199	3057	34770	0.0	0	1500	1447	0	1
15	251	553	2201	3059	34800	0.0	0	1500	1447	0	1
15	258	568	2275	3157	34986	0.0	0	1500	1447	0	1
15	258	566	2267	3146	34868	0.0	0	1500	1447	0	0
15	208	472	1770	2494	33812	0.0	0	1500	1447	0	0
15	56	187	272	526	19896	77.0	0	1500	1447	0	0
15	56	188	273	527	19964	78.0	0	1500	1447	0	0
15	56	187	272	526	19896	77.0	0	1500	1447	0	0
15	56	188	273	527	19964	78.0	0	1500	1447	0	0
15	56	187	272	527	19896	77.0	0	1500	1447	0	0
16	56	188	273	527	19964	78.0	0	1500	1578	0	1
16	56	188	273	527	19964	78.0	0	1500	1578	0	1
16	256	589	2391	3296	36975	0.0	0	1500	1578	0	1
16	256	589	2391	3297	36975	0.0	0	1500	1578	0	1
16	256	589	2391	3296	36975	0.0	0	1500	1578	0	1
16	257	591	2401	3309	36985	0.0	0	1500	1578	0	1
16	264	604	2470	3400	37037	0.0	0	1500	1578	0	1
16	264	605	2476	3406	37124	0.0	0	1500	1578	0	1
16	263	602	2462	3388	37057	0.0	0	1500	1578	0	1
16	264	605	2475	3405	37109	0.0	0	1500	1578	0	1
16	264	604	2467	3396	36994	0.0	0	1500	1578	0	1
16	264	604	2471	3400	37052	0.0	0	1500	1578	0	1
16	263	603	2466	3393	37115	0.0	0	1500	1578	0	1
16	264	603	2466	3395	36979	0.0	0	1500	1578	0	1
16	264	604	2472	3402	37066	0.0	0	1500	1578	0	1
16	264	604	2474	3403	37095	0.0	0	1500	1578	0	1
16	261	596	2430	3347	36863	0.0	0	1500	1578	0	1
16	256	588	2391	3295	36975	0.0	0	1500	1578	0	1
16	256	589	2392	3297	36990	0.0	0	1500	1578	0	1
16	256	588	2390	3295	36960	0.0	0	1500	1578	0	1
16	256	589	2391	3297	36975	0.0	0	1500	1578	0	1
16	256	588	2390	3294	36960	0.0	0	1500	1578	0	1
16	256	589	2391	3297	36975	0.0	0	1500	1578	0	1
16	256	588	2390	3294	36960	0.0	0	1500	1578	0	1
16	257	589	2392	3297	36852	0.0	0	1500	1578	0	1
16	256	590	2399	3306	37094	0.0	0	1500	1578	0	1
16	256	588	2390	3294	36960	0.0	0	1500	1578	0	1
16	264	604	2468	3398	37008	0.0	0	1500	1578	0	0
16	239	553	2202	3049	36494	0.0	0	1500	1578	0	0
16	56	188	273	529	19964	78.0	0	1500	1578	0	0
16	56	187	272	525	19896	77.0	0	1500	1578	0	0
16	56	188	273	529	19964	78.0	0	1500	1578	0	0
16	56	187	272	525	19896	77.0	0	1500	1578	0	0
16	56	188	273	529	19964	78.0	0	1500	1578	0	0
17	56	187	272	525	19896	77.0	0	1500	1710	0	1
17	56	188	273	529	19964	78.0	0	1500	1710	0	1
17	262	625	2584	3537	38967	0.0	0	1500	1710	0	1
17	262	626	2587	3540	39011	0.0	0	1500	1710	0	1
17	262	625	2585	3537	38982	0.0	0	1500	1710	0	1
17	270	642	2671	3651	39081	0.0	0	1500	1710	0	1
17	269	639	2658	3633	39037	0.0	0	1500	1710	0	1
17	270	643	2679	3660	39194	0.0	0	1500	1710	0	1
17	269	641	2670	3648	39207	0.0	0	1500	1710	0	1
17	270	641	2669	3649	39053	0.0	0	1500	1710	0	1
17	270	642	2672	3652	39095	0.0	0	1500	1710	0	1
17	270	640	2668	3646	39039	0.0	0	1500	1710	0	1
17	270	643	2678	3659	39180	0.0	0	1500	1710	0	1
17	269	641	2671	3649	39221	0.0	0	1500	1710	0	1
17	270	640	2659	3635	38912	0.0	0	1500	1710	0	1
17	269	640	2667	3645	39165	0.0	0	1500	1710	0	1
17	262	626	2586	3540	38996	0.0	0	1500	1710	0	1
17	262	625	2585	3537	38982	0.0	0	1500	1710	0	1
17	262	626	2586	3540	38996	0.0	0	1500	1710	0	1
17	262	625	2585	3537	38982	0.0	0	1500	1710	0	1
17	262	626	2586	3540	38996	0.0	0	1500	1710	0	1
17	262	625	2585	3537	38982	0.0	0	1500	1710	0	1
17	263	627	2596	3553	38998	0.0	0	1500	1710	0	1
17	262	625	2585	3537	38982	0.0	0	1500	1710	0	1
17	262	626	2586	3539	38996	0.0	0	1500	1710	0	1
17	262	625	2585	3537	38982	0.0	0	1500	1710	0	1
17	262	625	2586	3539	38996	0.0	0	1500	1710	0	1
17	266	635	2639	3607	39190	0.0	0	1500	1710	0	0
17	270	555	2215	3658	32647	0.0	0	1500	1710	0	0
17	56	188	273	527	19964	78.0	0	1500	1710	0	0
17	56	187	272	526	19896	77.0	0	1500	1710	0	0
17	56	188	273	527	19964	78.0	0	1500	1710	0	0
17	56	187	272	526	19896	77.0	0	1500	1710	0	0
17	56	188	273	527	19964	78.0	0	1500	1710	0	0
18	56	187	272	526	19896	77.0	0	1500	1842	0	1
18	56	188	272	527	19896	79.0	0	1500	1842	0	1
18	267	661	2780	3781	41060	0.0	0	1500	1842	0	1
18	267	662	2780	3781	41060	0.0	0	1500	1842	0	1
18	267	662	2781	3782	41074	0.0	0	1500	1842	0	1
18	275	680	2879	3909	41278	0.0	0	1500	1842	0	1
18	275	680	2875	3904	41222	0.0	0	1500	1842	0	1
18	276	679	2871	3899	41023	0.0	0	1500	1842	0	1
18	274	678	2868	3896	41270	0.0	0	1500	1842	0	1
18	275	679	2874	3903	41208	0.0	0	1500	1842	0	1
18	276	679	2871	3900	41023	0.0	0	1500	1842	0	1
18	275	680	2879	3909	41278	0.0	0	1500	1842	0	1
18	275	680	2875	3904	41222	0.0	0	1500	1842	0	1
18	275	681	2881	3912	41305	0.0	0	1500	1842	0	1
18	275	679	2872	3900	41181	0.0	0	1500	1842	0	1
18	276	679	2873	3902	41050	0.0	0	1500	1842	0	1
18	267	661	2780	3779	41060	0.0	0	1500	1842	0	1
18	267	662	2781	3782	41074	0.0	0	1500	1842	0	1
18	267	661	2780	3780	41060	0.0	0	1500	1842	0	1
18	267	662	2781	3782	41074	0.0	0	1500	1842	0	1
18	268	663	2790	3794	41054	0.0	0	1500	1842	0	1
18	268	662	2781	3782	40926	0.0	0	1500	1842	0	1
18	267	661	2779	3779	41046	0.0	0	1500	1842	0	1
18	267	662	2781	3782	41074	0.0	0	1500	1842	0	1
18	268	663	2790	3794	41054	0.0	0	1500	1842	0	1
18	267	662	2780	3782	41060	0.0	0	1500	1842	0	1
18	267	661	2779	3779	41046	0.0	0	1500	1842	0	1
18	270	669	2816	3829	41127	0.0	0	1500	1842	0	0
18	274	678	2868	3894	41270	0.0	0	1500	1842	0	0
18	237	593	2414	3307	40198	0.0	0	1500	1842	0	0
18	56	187	271	525	19828	78.0	0	1500	1842	0	0
18	56	187	271	525	19828	78.0	0	1500	1842	0	0
18	56	188	273	528	19964	78.0	0	1500	1842	0	0
18	56	187	272	525	19896	77.0	0	1500	1842	0	0
19	56	188	273	529	19964	78.0	0	1500	1973	0	1
19	56	187	272	525	19896	77.0	0	1500	1973	0	1
19	273	699	2975	4025	42910	0.0	0	1500	1973	0	1
19	273	697	2973	4021	42882	0.0	0	1500	1973	0	1
19	273	699	2975	4025	42910	0.0	0	1500	1973	0	1
19	273	697	2973	4021	42882	0.0	0	1500	1973	0	1
19	275	703	2998	4055	42926	0.0	0	1500	1973	0	1
19	281	716	3074	4152	43070	0.0	0	1500	1973	0	1
19	281	719	3082	4162	43178	0.0	0	1500	1973	0	1
19	281	716	3071	4148	43029	0.0	0	1500	1973	0	1
19	281	718	3077	4157	43111	0.0	0	1500	1973	0	1
19	281	717	3079	4158	43138	0.0	0	1500	1973	0	1
19	281	717	3072	4151	43043	0.0	0	1500	1973	0	1
19	281	717	3075	4153	43084	0.0	0	1500	1973	0	1
19	281	719	3081	4161	43165	0.0	0	1500	1973	0	1
19	281	718	3077	4157	43111	0.0	0	1500	1973	0	1
19	281	717	3078	4157	43124	0.0	0	1500	1973	0	1
19	275	701	2987	4041	42774	0.0	0	1500	1973	0	1
19	274	700	2985	4037	42897	0.0	0	1500	1973	0	1
19	273	698	2974	4024	42896	0.0	0	1500	1973	0	1
19	273	698	2973	4022	42882	0.0	0	1500	1973	0	1
19	273	698	2975	4024	42910	0.0	0	1500	1973	0	1
19	273	698	2974	4023	42896	0.0	0	1500	1973	0	1
19	273	698	2975	4024	42910	0.0	0	1500	1973	0	1
19	273	698	2974	4022	42896	0.0	0	1500	1973	0	1
19	273	698	2975	4024	42910	0.0	0	1500	1973	0	1
19	273	698	2974	4022	42896	0.0	0	1500	1973	0	1
19	273	698	2974	4024	42896	0.0	0	1500	1973	0	0
19	273	698	2974	4022	42896	0.0	0	1500	1973	0	0
19	270	689	2927	3963	42694	0.0	0	1500	1973	0	0
19	56	187	272	527	19896	77.0	0	1500	1973	0	0
19	56	188	273	528	19964	78.0	0	1500	1973	0	0
19	56	188	272	527	19896	79.0	0	1500	1973	0	0
19	56	188	272	527	19896	79.0	0	1500	1973	0	0
20	56	188	272	527	19896	79.0	0	1500	2105	0	1
20	56	188	272	527	19896	79.0	0	1500	2105	0	1
20	279	735	3170	4268	44680	0.0	0	1500	2105	0	1
20	278	735	3170	4268	44835	0.0	0	1500	2105	0	1
20	279	737	3183	4285	44857	0.0	0	1500	2105	0	1
20	278	735	3171	4269	44849	0.0	0	1500	2105	0	1
20	287	755	3275	4404	44867	0.0	0	1500	2105	0	1
20	287	756	3284	4415	44986	0.0	0	1500	2105	0	1
20	286	753	3266	4391	44899	0.0	0	1500	2105	0	1
20	287	755	3276	4404	44880	0.0	0	1500	2105	0	1
20	287	756	3283	4413	44973	0.0	0	1500	2105	0	1
20	287	756	3280	4409	44933	0.0	0	1500	2105	0	1
20	287	754	3275	4402	44867	0.0	0	1500	2105	0	1
20	287	756	3284	4414	44986	0.0	0	1500	2105	0	1
20	287	755	3279	4408	44920	0.0	0	1500	2105	0	1
20	287	755	3277	4406	44894	0.0	0	1500	2105	0	1
20	287	756	3284	4414	44986	0.0	0	1500	2105	0	1
20	278	734	3170	4267	44835	0.0	0	1500	2105	0	1
20	279	735	3171	4269	44693	0.0	0	1500	2105	0	1
20	278	734	3170	4267	44835	0.0	0	1500	2105	0	1
20	279	735	3171	4269	44693	0.0	0	1500	2105	0	1
20	278	734	3170	4267	44835	0.0	0	1500	2105	0	1
20	279	735	3171	4269	44693	0.0	0	1500	2105	0	1
20	278	734	3169	4266	44822	0.0	0	1500	2105	0	1
20	280	738	3184	4286	44716	0.0	0	1500	2105	0	1
20	278	734	3169	4266	44822	0.0	0	1500	2105	0	1
20	279	735	3171	4269	44693	0.0	0	1500	2105	0	1
20	278	734	3169	4266	44822	0.0	0	1500	2105	0	0
20	286	754	3268	4395	44926	0.0	0	1500	2105	0	0
20	260	688	2925	3950	44253	0.0	0	1500	2105	0	0
20	56	188	273	528	19964	78.0	0	1500	2105	0	0
20	56	187	271	525	19828	78.0	0	1500	2105	0	0
20	56	188	273	528	19964	78.0	0	1500	2105	0	0
20	56	187	271	525	19828	78.0	0	1500	2105	0	0
21	56	188	273	528	19964	78.0	0	1500	2236	0	1
21	56	188	273	525	19964	78.0	0	1500	2236	0	1
21	285	773	3379	4528	46562	0.0	0	1500	2236	0	1
21	284	772	3367	4514	46560	0.0	0	1500	2236	0	1
21	284	771	3365	4511	46534	0.0	0	1500	2236	0	1
21	284	772	3367	4514	46560	0.0	0	1500	2236	0	1
21	293	792	3477	4654	46603	0.0	0	1500	2236	0	1
21	293	795	3487	4668	46733	0.0	0	1500	2236	0	1
21	292	793	3483	4661	46836	0.0	0	1500	2236	0	1
21	293	793	3479	4658	46629	0.0	0	1500	2236	0	1
21	291	791	3472	4647	46849	0.0	0	1500	2236	0	1
21	293	794	3484	4664	46694	0.0	0	1500	2236	0	1
21	293	792	3477	4655	46603	0.0	0	1500	2236	0	1
21	293	795	3487	4668	46733	0.0	0	1500	2236	0	1
21	292	793	3482	4660	46823	0.0	0	1500	2236	0	1
21	293	793	3479	4658	46629	0.0	0	1500	2236	0	1
21	292	794	3487	4666	46889	0.0	0	1500	2236	0	1
21	292	791	3469	4645	46654	0.0	0	1500	2236	0	1
21	284	771	3365	4511	46534	0.0	0	1500	2236	0	1
21	284	772	3366	4513	46547	0.0	0	1500	2236	0	1
21	284	772	3367	4513	46560	0.0	0	1500	2236	0	1
21	284	771	3365	4511	46534	0.0	0	1500	2236	0	1
21	284	772	3367	4513	46560	0.0	0	1500	2236	0	1
21	284	771	3365	4511	46534	0.0	0	1500	2236	0	1
21	284	772	3366	4513	46547	0.0	0	1500	2236	0	1
21	284	771	3365	4511	46534	0.0	0	1500	2236	0	1
21	285	774	3380	4530	46576	0.0	0	1500	2236	0	1
21	284	771	3365	4511	46534	0.0	0	1500	2236	0	0
21	290	787	3450	4620	46716	0.0	0	1500	2236	0	0
21	267	727	3132	4210	46083	0.0	0	1500	2236	0	0
21	56	188	273	528	19964	78.0	0	1500	2236	0	0
21	56	187	272	527	19896	77.0	0	1500	2236	0	0
21	56	188	273	527	19964	78.0	0	1500	2236	0	0
21	56	187	272	527	19896	77.0	0	1500	2236	0	0
22	56	188	273	527	19964	78.0	0	1500	2368	0	1
22	56	187	272	527	19896	77.0	0	1500	2368	0	1
22	56	187	272	527	19896	77.0	0	1500	2368	0	1
22	290	808	3563	4758	48201	0.0	0	1500	2368	0	1
22	290	808	3564	4758	48214	0.0	0	1500	2368	0	1
22	290	808	3563	4758	48201	0.0	0	1500	2368	0	1
22	290	808	3564	4758	48214	0.0	0	1500	2368	0	1
22	295	822	3638	4854	48376	0.0	0	1500	2368	0	1
22	298	833	3693	4924	48606	0.0	0	1500	2368	0	1
22	299	831	3686	4915	48359	0.0	0	1500	2368	0	1
22	299	832	3686	4916	48359	0.0	0	1500	2368	0	1
22	299	832	3692	4922	48436	0.0	0	1500	2368	0	1
22	299	831	3685	4915	48347	0.0	0	1500	2368	0	1
22	299	831	3686	4916	48359	0.0	0	1500	2368	0	1
22	299	833	3693	4924	48448	0.0	0	1500	2368	0	1
22	299	830	3682	4911	48308	0.0	0	1500	2368	0	1
22	299	832	3689	4919	48397	0.0	0	1500	2368	0	1
22	298	829	3675	4901	48376	0.0	0	1500	2368	0	1
22	299	831	3682	4911	48308	0.0	0	1500	2368	0	1
22	290	808	3562	4756	48188	0.0	0	1500	2368	0	1
22	290	809	3564	4759	48214	0.0	0	1500	2368	0	1
22	290	810	3577	4774	48385	0.0	0	1500	2368	0	1
22	290	808	3562	4756	48188	0.0	0	1500	2368	0	1
22	290	809	3564	4759	48214	0.0	0	1500	2368	0	1
22	291	810	3577	4775	48223	0.0	0	1500	2368	0	1
22	290	809	3564	4759	48214	0.0	0	1500	2368	0	1
22	290	808	3562	4756	48188	0.0	0	1500	2368	0	1
22	290	809	3564	4759	48214	0.0	0	1500	2368	0	1
22	290	808	3562	4756	48188	0.0	0	1500	2368	0	0
22	290	809	3564	4759	48214	0.0	0	1500	2368	0	0
22	56	187	271	524	19828	78.0	0	1500	2368	0	0
22	56	188	273	528	19964	78.0	0	1500	2368	0	0
22	56	187	271	524	19828	78.0	0	1500	2368	0	0
22	56	188	273	528	19964	78.0	0	1500	2368	0	0
23	56	187	271	524	19828	78.0	0	1500	2500	0	1
23	56	188	273	528	19964	78.0	0	1500	2500	0	1
23	56	187	271	525	19828	78.0	0	1500	2500	0	1
23	295	846	3763	5007	49991	0.0	0	1500	2500	0	1
23	295	845	3761	5004	49965	0.0	0	1500	2500	0	1
23	295	846	3763	5007	49991	0.0	0	1500	2500	0	1
23	297	854	3803	5058	50176	0.0	0	1500	2500	0	1
23	304	870	3894	5174	50194	0.0	0	1500	2500	0	1
23	304	870	3889	5170	50131	0.0	0	1500	2500	0	1
23	304	870	3897	5177	50231	0.0	0	1500	2500	0	1
23	303	868	3879	5156	50166	0.0	0	1500	2500	0	1
23	304	869	3889	5168	50131	0.0	0	1500	2500	0	1
23	304	872	3899	5181	50256	0.0	0	1500	2500	0	1
23	304	870	3892	5171	50169	0.0	0	1500	2500	0	1
23	303	867	3875	5152	50116	0.0	0	1500	2500	0	1
23	304	871	3897	5178	50231	0.0	0	1500	2500	0	1
23	304	870	3892	5173	50169	0.0	0	1500	2500	0	1
23	304	869	3890	5170	50143	0.0	0	1500	2500	0	1
23	297	851	3791	5043	50023	0.0	0	1500	2500	0	1
23	295	845	3761	5004	49965	0.0	0	1500	2500	0	1
23	295	846	3762	5006	49978	0.0	0	1500	2500	0	1
23	295	845	3761	5003	49965	0.0	0	1500	2500	0	1
23	295	846	3762	5006	49978	0.0	0	1500	2500	0	1
23	295	845	3761	5004	49965	0.0	0	1500	2500	0	1
23	295	845	3761	5005	49965	0.0	0	1500	2500	0	1
23	295	846	3762	5005	49978	0.0	0	1500	2500	0	1
23	295	848	3776	5023	50159	0.0	0	1500	2500	0	1
23	295	846	3761	5005	49965	0.0	0	1500	2500	0	1
