Stim	R	G	B	C	Temp	HueLux	Yellow	Red	Blue	Blue2	Trig
1	56	187	272	527	19896	77.0	0	0	0	1200	1
1	91	419	1507	2066	64486	0.0	0	0	0	1200	1
1	144	770	3388	4410	25495	0.0	0	0	0	1200	1
1	144	771	3386	4409	25442	0.0	0	0	0	1200	1
1	144	771	3392	4415	25601	0.0	0	0	0	1200	1
1	144	771	3388	4411	25495	0.0	0	0	0	1200	1
1	144	770	3384	4406	25390	0.0	0	0	0	1200	1
1	144	772	3393	4417	25628	0.0	0	0	0	1200	1
1	144	770	3387	4409	25469	0.0	0	0	0	1200	1
1	144	771	3391	4414	25575	0.0	0	0	0	1200	1
1	144	771	3386	4409	25442	0.0	0	0	0	1200	1
1	144	770	3385	4407	25416	0.0	0	0	0	1200	1
1	144	772	3393	4417	25628	0.0	0	0	0	1200	1
1	144	770	3384	4406	25390	0.0	0	0	0	1200	1
1	144	771	3387	4410	25469	0.0	0	0	0	1200	1
1	144	771	3391	4414	25575	0.0	0	0	0	1200	1
1	144	771	3386	4408	25442	0.0	0	0	0	1200	1
1	144	770	3386	4408	25442	0.0	0	0	0	1200	1
1	144	772	3392	4417	25601	0.0	0	0	0	1200	1
1	144	770	3384	4405	25390	0.0	0	0	0	1200	1
1	144	772	3390	4414	25548	0.0	0	0	0	1200	1
1	144	770	3389	4412	25522	0.0	0	0	0	1200	1
1	144	771	3386	4409	25442	0.0	0	0	0	1200	1
1	144	770	3389	4411	25522	0.0	0	0	0	1200	1
1	144	772	3390	4414	25548	0.0	0	0	0	1200	1
1	144	769	3384	4405	25390	0.0	0	0	0	1200	1
1	144	772	3391	4415	25575	0.0	0	0	0	1200	1
1	144	771	3385	4410	25416	0.0	0	0	0	1200	0
1	89	404	1432	1972	62693	0.0	0	0	0	1200	0
1	56	188	273	529	19964	78.0	0	0	0	1200	0
1	56	187	271	525	19828	78.0	0	0	0	1200	0
1	56	188	273	529	19964	78.0	0	0	0	1200	0
1	56	187	272	525	19896	77.0	0	0	0	1200	0
1	56	188	273	528	19964	78.0	0	0	0	1200	0
2	56	187	272	525	19896	77.0	0	0	0	1200	1
2	94	439	1617	2203	1395	0.0	0	0	0	1200	1
2	144	770	3384	4406	25390	0.0	0	0	0	1200	1
2	144	772	3392	4417	25601	0.0	0	0	0	1200	1
2	144	770	3384	4406	25390	0.0	0	0	0	1200	1
2	144	771	3386	4409	25442	0.0	0	0	0	1200	1
2	144	771	3391	4414	25575	0.0	0	0	0	1200	1
2	144	770	3385	4408	25416	0.0	0	0	0	1200	1
2	144	770	3386	4408	25442	0.0	0	0	0	1200	1
2	144	772	3392	4416	25601	0.0	0	0	0	1200	1
2	144	770	3384	4406	25390	0.0	0	0	0	1200	1
2	144	771	3388	4412	25495	0.0	0	0	0	1200	1
2	144	770	3385	4407	25416	0.0	0	0	0	1200	1
2	144	771	3389	4413	25522	0.0	0	0	0	1200	1
2	144	771	3388	4412	25495	0.0	0	0	0	1200	1
2	144	770	3384	4407	25390	0.0	0	0	0	1200	1
2	144	771	3391	4415	25575	0.0	0	0	0	1200	1
2	144	770	3385	4407	25416	0.0	0	0	0	1200	1
2	144	770	3387	4410	25469	0.0	0	0	0	1200	1
2	144	771	3391	4415	25575	0.0	0	0	0	1200	1
2	144	770	3384	4406	25390	0.0	0	0	0	1200	1
2	144	771	3391	4415	25575	0.0	0	0	0	1200	1
2	144	770	3387	4410	25469	0.0	0	0	0	1200	1
2	144	770	3385	4407	25416	0.0	0	0	0	1200	1
2	144	771	3390	4414	25548	0.0	0	0	0	1200	1
2	144	770	3386	4409	25442	0.0	0	0	0	1200	1
2	144	770	3384	4406	25390	0.0	0	0	0	1200	1
2	144	772	3392	4416	25601	0.0	0	0	0	1200	0
2	144	770	3384	4405	25390	0.0	0	0	0	1200	0
2	89	406	1440	1983	63035	0.0	0	0	0	1200	0
2	56	188	273	528	19964	78.0	0	0	0	1200	0
2	56	187	272	525	19896	77.0	0	0	0	1200	0
2	56	188	273	528	19964	78.0	0	0	0	1200	0
2	56	187	272	525	19896	77.0	0	0	0	1200	0
3	56	188	273	528	19964	78.0	0	0	0	1200	1
3	93	436	1601	2183	1444	0.0	0	0	0	1200	1
3	144	770	3385	4408	25416	0.0	0	0	0	1200	1
3	144	770	3389	4412	25522	0.0	0	0	0	1200	1
3	144	771	3388	4412	25495	0.0	0	0	0	1200	1
3	144	769	3383	4404	25363	0.0	0	0	0	1200	1
3	144	772	3392	4416	25601	0.0	0	0	0	1200	1
3	144	769	3385	4406	25416	0.0	0	0	0	1200	1
3	144	770	3384	4407	25390	0.0	0	0	0	1200	1
3	144	770	3390	4412	25548	0.0	0	0	0	1200	1
3	144	771	3386	4409	25442	0.0	0	0	0	1200	1
3	144	769	3383	4404	25363	0.0	0	0	0	1200	1
3	144	772	3392	4416	25601	0.0	0	0	0	1200	1
3	144	769	3383	4405	25363	0.0	0	0	0	1200	1
3	144	770	3390	4413	25548	0.0	0	0	0	1200	1
3	144	770	3385	4407	25416	0.0	0	0	0	1200	1
3	144	770	3385	4407	25416	0.0	0	0	0	1200	1
3	144	772	3391	4415	25575	0.0	0	0	0	1200	1
3	144	769	3383	4404	25363	0.0	0	0	0	1200	1
3	144	771	3389	4413	25522	0.0	0	0	0	1200	1
3	144	770	3388	4410	25495	0.0	0	0	0	1200	1
3	144	770	3384	4407	25390	0.0	0	0	0	1200	1
3	144	770	3389	4411	25522	0.0	0	0	0	1200	1
3	144	771	3388	4411	25495	0.0	0	0	0	1200	1
3	144	769	3383	4404	25363	0.0	0	0	0	1200	1
3	144	772	3391	4415	25575	0.0	0	0	0	1200	1
3	144	770	3385	4407	25416	0.0	0	0	0	1200	1
3	144	770	3384	4406	25390	0.0	0	0	0	1200	0
3	144	771	3390	4413	25548	0.0	0	0	0	1200	0
3	86	386	1330	1846	60313	0.0	0	0	0	1200	0
3	56	187	272	526	19896	77.0	0	0	0	1200	0
3	56	188	273	527	19964	78.0	0	0	0	1200	0
3	56	188	273	527	19964	78.0	0	0	0	1200	0
3	56	187	272	526	19896	77.0	0	0	0	1200	0
4	56	188	272	527	19896	79.0	0	0	0	1200	1
4	56	187	272	526	19896	77.0	0	0	0	1200	1
4	92	425	1540	2107	65167	0.0	0	0	0	1200	1
4	101	484	1855	2499	5830	0.0	0	0	0	1200	1
4	101	485	1861	2507	6057	0.0	0	0	0	1200	1
4	99	473	1800	2431	5127	0.0	0	0	0	1200	1
4	99	474	1807	2439	5397	0.0	0	0	0	1200	1
4	99	473	1800	2432	5127	0.0	0	0	0	1200	1
4	99	473	1800	2431	5127	0.0	0	0	0	1200	1
4	99	474	1800	2432	5127	0.0	0	0	0	1200	1
4	99	473	1800	2430	5127	0.0	0	0	0	1200	1
4	99	474	1801	2432	5166	0.0	0	0	0	1200	1
4	99	473	1799	2430	5089	0.0	0	0	0	1200	1
4	99	474	1801	2432	5166	0.0	0	0	0	1200	1
4	99	473	1799	2430	5089	0.0	0	0	0	1200	1
4	99	475	1807	2441	5397	0.0	0	0	0	1200	1
4	101	484	1855	2471	5830	0.0	0	0	0	1200	1
4	101	484	1859	2504	5981	0.0	0	0	0	1200	1
4	101	483	1852	2497	5717	0.0	0	0	0	1200	1
4	101	483	1854	2498	5793	0.0	0	0	0	1200	1
4	101	485	1862	2508	6094	0.0	0	0	0	1200	1
4	101	484	1857	2502	5906	0.0	0	0	0	1200	1
4	101	483	1849	2492	5604	0.0	0	0	0	1200	1
4	101	484	1860	2506	6019	0.0	0	0	0	1200	1
4	101	485	1858	2504	5943	0.0	0	0	0	1200	1
4	100	483	1854	2498	6492	0.0	0	0	0	1200	1
4	101	486	1862	2510	6094	0.0	0	0	0	1200	1
4	99	473	1799	2429	5089	0.0	0	0	0	1200	0
4	99	474	1801	2433	5166	0.0	0	0	0	1200	0
4	56	187	271	525	19828	78.0	0	0	0	1200	0
4	56	188	273	528	19964	78.0	0	0	0	1200	0
4	56	187	271	525	19828	78.0	0	0	0	1200	0
4	56	188	273	528	19964	78.0	0	0	0	1200	0
4	56	187	271	525	19828	78.0	0	0	0	1200	0
5	56	188	271	528	19828	80.0	0	0	131	1200	1
5	56	188	273	528	19964	78.0	0	0	131	1200	1
5	100	478	1824	2460	5349	0.0	0	0	131	1200	1
5	100	480	1830	2469	5578	0.0	0	0	131	1200	1
5	101	488	1882	2533	6849	0.0	0	0	131	1200	1
5	102	490	1884	2537	6227	0.0	0	0	131	1200	1
5	101	490	1889	2542	7113	0.0	0	0	131	1200	1
5	102	490	1884	2536	6227	0.0	0	0	131	1200	1
5	101	487	1876	2526	6622	0.0	0	0	131	1200	1
5	102	491	1891	2544	6489	0.0	0	0	131	1200	1
5	101	489	1883	2534	6886	0.0	0	0	131	1200	1
5	102	490	1885	2537	6265	0.0	0	0	131	1200	1
5	101	490	1889	2542	7113	0.0	0	0	131	1200	1
5	102	489	1884	2536	6227	0.0	0	0	131	1200	1
5	101	489	1884	2535	6924	0.0	0	0	131	1200	1
5	101	488	1877	2527	6660	0.0	0	0	131	1200	1
5	100	480	1836	2476	5806	0.0	0	0	131	1200	1
5	100	479	1830	2469	5578	0.0	0	0	131	1200	1
5	100	479	1829	2467	5539	0.0	0	0	131	1200	1
5	100	479	1830	2468	5578	0.0	0	0	131	1200	1
5	100	479	1830	2468	5578	0.0	0	0	131	1200	1
5	100	479	1830	2468	5578	0.0	0	0	131	1200	1
5	100	479	1830	2468	5578	0.0	0	0	131	1200	1
5	100	479	1830	2468	5578	0.0	0	0	131	1200	1
5	100	480	1836	2476	5806	0.0	0	0	131	1200	1
5	100	479	1830	2469	5578	0.0	0	0	131	1200	1
5	101	488	1876	2526	6622	0.0	0	0	131	1200	1
5	101	489	1884	2536	6924	0.0	0	0	131	1200	0
5	101	490	1887	2539	7037	0.0	0	0	131	1200	0
5	89	404	1427	1967	62479	0.0	0	0	131	1200	0
5	56	187	272	526	19896	77.0	0	0	131	1200	0
5	56	188	273	528	19964	78.0	0	0	131	1200	0
5	56	187	272	526	19896	77.0	0	0	131	1200	0
5	56	188	273	528	19964	78.0	0	0	131	1200	0
6	56	187	272	526	19896	77.0	0	0	263	1200	1
6	56	188	273	529	19964	78.0	0	0	263	1200	1
6	56	187	272	526	19896	77.0	0	0	263	1200	1
6	104	510	1994	2672	8904	0.0	0	0	263	1200	1
6	106	520	2044	2735	9323	0.0	0	0	263	1200	1
6	106	520	2049	2741	9503	0.0	0	0	263	1200	1
6	106	520	2045	2737	9359	0.0	0	0	263	1200	1
6	106	519	2042	2732	9251	0.0	0	0	263	1200	1
6	106	521	2051	2744	9574	0.0	0	0	263	1200	1
6	106	519	2042	2733	9251	0.0	0	0	263	1200	1
6	106	519	2039	2729	9143	0.0	0	0	263	1200	1
6	106	520	2049	2741	9503	0.0	0	0	263	1200	1
6	106	520	2044	2736	9323	0.0	0	0	263	1200	1
6	106	519	2044	2735	9323	0.0	0	0	263	1200	1
6	106	521	2050	2744	9538	0.0	0	0	263	1200	1
6	106	519	2042	2732	9251	0.0	0	0	263	1200	1
6	105	511	1996	2677	8281	0.0	0	0	263	1200	1
6	104	510	1994	2672	8904	0.0	0	0	263	1200	1
6	105	512	2001	2683	8462	0.0	0	0	263	1200	1
6	104	510	1995	2673	8941	0.0	0	0	263	1200	1
6	105	511	1995	2675	8245	0.0	0	0	263	1200	1
6	105	511	1996	2676	8281	0.0	0	0	263	1200	1
6	104	510	1994	2673	8904	0.0	0	0	263	1200	1
6	105	511	1995	2675	8245	0.0	0	0	263	1200	1
6	104	510	1995	2673	8941	0.0	0	0	263	1200	1
6	105	511	1995	2675	8245	0.0	0	0	263	1200	1
6	105	516	2024	2710	9297	0.0	0	0	263	1200	1
6	106	521	2050	2744	9538	0.0	0	0	263	1200	0
6	106	519	2044	2735	9323	0.0	0	0	263	1200	0
6	89	405	1435	1976	62821	0.0	0	0	263	1200	0
6	56	187	272	526	19896	77.0	0	0	263	1200	0
6	56	188	273	528	19964	78.0	0	0	263	1200	0
6	56	187	272	527	19896	77.0	0	0	263	1200	0
6	56	188	273	528	19964	78.0	0	0	263	1200	0
7	56	188	272	527	19896	79.0	0	0	394	1200	1
7	56	188	273	527	19964	78.0	0	0	394	1200	1
7	56	188	272	527	19896	79.0	0	0	394	1200	1
7	99	472	1791	2420	4781	0.0	0	0	394	1200	1
7	111	552	2218	2952	11986	0.0	0	0	394	1200	1
7	110	549	2201	2931	12089	0.0	0	0	394	1200	1
7	109	544	2175	2899	11880	0.0	0	0	394	1200	1
7	110	544	2176	2900	11223	0.0	0	0	394	1200	1
7	110	545	2179	2903	11327	0.0	0	0	394	1200	1
7	110	544	2176	2900	11223	0.0	0	0	394	1200	1
7	109	544	2175	2899	11880	0.0	0	0	394	1200	1
7	110	544	2174	2898	11154	0.0	0	0	394	1200	1
7	109	544	2175	2898	11880	0.0	0	0	394	1200	1
7	110	545	2176	2900	11223	0.0	0	0	394	1200	1
7	109	543	2173	2896	11810	0.0	0	0	394	1200	1
7	110	545	2176	2900	11223	0.0	0	0	394	1200	1
7	109	544	2174	2897	11845	0.0	0	0	394	1200	1
7	111	552	2217	2951	11952	0.0	0	0	394	1200	1
7	111	552	2219	2952	12020	0.0	0	0	394	1200	1
7	111	553	2223	2958	12157	0.0	0	0	394	1200	1
7	110	551	2215	2948	12574	0.0	0	0	394	1200	1
7	111	553	2221	2956	12089	0.0	0	0	394	1200	1
7	111	552	2220	2955	12055	0.0	0	0	394	1200	1
7	111	552	2220	2951	12055	0.0	0	0	394	1200	1
7	111	552	2215	2950	11883	0.0	0	0	394	1200	1
7	110	551	2215	2948	12574	0.0	0	0	394	1200	1
7	111	553	2222	2958	12123	0.0	0	0	394	1200	1
7	111	552	2219	2953	12020	0.0	0	0	394	1200	1
7	110	545	2180	2906	11362	0.0	0	0	394	1200	0
7	65	247	591	924	36032	0.0	0	0	394	1200	0
7	56	188	273	529	19964	78.0	0	0	394	1200	0
7	56	187	272	525	19896	77.0	0	0	394	1200	0
7	56	188	273	529	19964	78.0	0	0	394	1200	0
7	56	187	272	526	19896	77.0	0	0	394	1200	0
8	56	188	273	529	19964	78.0	0	0	526	1200	1
8	56	187	272	526	19896	77.0	0	0	526	1200	1
8	56	188	273	529	19964	78.0	0	0	526	1200	1
8	112	558	2250	2992	12395	0.0	0	0	526	1200	1
8	115	581	2370	3142	14374	0.0	0	0	526	1200	1
8	115	580	2367	3138	14274	0.0	0	0	526	1200	1
8	116	587	2402	3182	14748	0.0	0	0	526	1200	1
8	116	586	2408	3183	14945	0.0	0	0	526	1200	1
8	116	586	2401	3180	14715	0.0	0	0	526	1200	1
8	116	587	2404	3185	14813	0.0	0	0	526	1200	1
8	116	586	2403	3183	14781	0.0	0	0	526	1200	1
8	116	587	2402	3182	14748	0.0	0	0	526	1200	1
8	116	587	2403	3183	14781	0.0	0	0	526	1200	1
8	116	588	2408	3190	14945	0.0	0	0	526	1200	1
8	116	585	2396	3175	14551	0.0	0	0	526	1200	1
8	116	587	2404	3184	14813	0.0	0	0	526	1200	1
8	115	583	2386	3161	14904	0.0	0	0	526	1200	1
8	115	580	2366	3137	14241	0.0	0	0	526	1200	1
8	115	581	2373	3146	14473	0.0	0	0	526	1200	1
8	115	580	2368	3139	14307	0.0	0	0	526	1200	1
8	115	580	2366	3138	14241	0.0	0	0	526	1200	1
8	115	580	2369	3140	14341	0.0	0	0	526	1200	1
8	115	580	2368	3139	14307	0.0	0	0	526	1200	1
8	115	580	2366	3136	14241	0.0	0	0	526	1200	1
8	115	580	2369	3141	14341	0.0	0	0	526	1200	1
8	115	580	2367	3138	14274	0.0	0	0	526	1200	1
8	115	580	2368	3139	14307	0.0	0	0	526	1200	1
8	116	588	2408	3190	14945	0.0	0	0	526	1200	1
8	116	586	2401	3179	14715	0.0	0	0	526	1200	0
8	93	431	1573	2148	297	0.0	0	0	526	1200	0
8	56	187	272	526	19896	77.0	0	0	526	1200	0
8	56	188	273	529	19964	78.0	0	0	526	1200	0
8	56	187	272	526	19896	77.0	0	0	526	1200	0
8	56	188	273	529	19964	78.0	0	0	526	1200	0
8	56	187	272	526	19896	77.0	0	0	526	1200	0
9	56	188	273	529	19964	78.0	0	0	657	1200	1
9	56	187	272	525	19896	77.0	0	0	657	1200	1
9	116	587	2404	3184	14813	0.0	0	0	657	1200	1
9	120	617	2567	3387	17357	0.0	0	0	657	1200	1
9	121	618	2568	3390	16715	0.0	0	0	657	1200	1
9	121	621	2592	3418	17470	0.0	0	0	657	1200	1
9	122	624	2599	3428	17020	0.0	0	0	657	1200	1
9	121	622	2597	3424	17628	0.0	0	0	657	1200	1
9	122	623	2594	3422	16864	0.0	0	0	657	1200	1
9	122	624	2598	3427	16989	0.0	0	0	657	1200	1
9	121	622	2592	3418	17470	0.0	0	0	657	1200	1
9	122	623	2595	3423	16895	0.0	0	0	657	1200	1
9	121	622	2597	3424	17628	0.0	0	0	657	1200	1
9	122	623	2594	3422	16864	0.0	0	0	657	1200	1
9	121	623	2599	3426	17691	0.0	0	0	657	1200	1
9	121	621	2587	3412	17313	0.0	0	0	657	1200	1
9	120	616	2564	3384	17262	0.0	0	0	657	1200	1
9	121	618	2569	3391	16746	0.0	0	0	657	1200	1
9	120	616	2564	3383	17262	0.0	0	0	657	1200	1
9	121	618	2570	3391	16778	0.0	0	0	657	1200	1
9	120	617	2568	3388	17389	0.0	0	0	657	1200	1
9	121	617	2566	3386	16652	0.0	0	0	657	1200	1
9	120	617	2567	3387	17357	0.0	0	0	657	1200	1
9	121	618	2569	3390	16746	0.0	0	0	657	1200	1
9	120	617	2564	3384	17262	0.0	0	0	657	1200	1
9	121	618	2568	3389	16715	0.0	0	0	657	1200	1
9	121	617	2566	3386	16652	0.0	0	0	657	1200	1
9	121	623	2598	3426	17659	0.0	0	0	657	1200	0
9	92	426	1545	2114	65374	0.0	0	0	657	1200	0
9	56	187	272	526	19896	77.0	0	0	657	1200	0
9	56	187	272	526	19896	77.0	0	0	657	1200	0
9	56	188	272	527	19896	79.0	0	0	657	1200	0
9	56	187	272	526	19896	77.0	0	0	657	1200	0
9	56	188	272	527	19896	79.0	0	0	657	1200	0
10	56	187	272	526	19896	77.0	0	0	789	1200	1
10	56	188	272	527	19896	79.0	0	0	789	1200	1
10	112	557	2251	2993	12429	0.0	0	0	789	1200	1
10	127	658	2785	3660	19405	0.0	0	0	789	1200	1
10	127	658	2786	3660	19435	0.0	0	0	789	1200	1
10	127	659	2792	3669	19615	0.0	0	0	789	1200	1
10	126	654	2765	3634	19463	0.0	0	0	789	1200	1
10	126	655	2768	3638	19554	0.0	0	0	789	1200	1
10	126	654	2766	3634	19493	0.0	0	0	789	1200	1
10	126	654	2764	3634	19433	0.0	0	0	789	1200	1
10	126	654	2769	3639	19584	0.0	0	0	789	1200	1
10	126	653	2763	3631	19402	0.0	0	0	789	1200	1
10	126	655	2769	3639	19584	0.0	0	0	789	1200	1
10	126	653	2763	3631	19402	0.0	0	0	789	1200	1
10	126	654	2765	3634	19463	0.0	0	0	789	1200	1
10	126	654	2766	3635	19493	0.0	0	0	789	1200	1
10	126	654	2764	3634	19433	0.0	0	0	789	1200	1
10	127	657	2783	3656	19345	0.0	0	0	789	1200	1
10	127	660	2792	3669	19615	0.0	0	0	789	1200	1
10	127	657	2784	3657	19375	0.0	0	0	789	1200	1
10	127	659	2789	3665	19525	0.0	0	0	789	1200	1
10	127	658	2789	3664	19525	0.0	0	0	789	1200	1
10	127	658	2785	3660	19405	0.0	0	0	789	1200	1
10	127	658	2789	3664	19525	0.0	0	0	789	1200	1
10	127	659	2789	3665	19525	0.0	0	0	789	1200	1
10	127	657	2784	3657	19375	0.0	0	0	789	1200	1
10	127	659	2789	3665	19525	0.0	0	0	789	1200	1
10	127	658	2787	3661	19465	0.0	0	0	789	1200	0
10	127	658	2785	3660	19405	0.0	0	0	789	1200	0
10	81	188	273	1638	14232	70.0	0	0	789	1200	0
10	56	187	272	526	19896	77.0	0	0	789	1200	0
10	56	188	273	527	19964	78.0	0	0	789	1200	0
10	56	187	272	526	19896	77.0	0	0	789	1200	0
10	56	188	272	527	19896	79.0	0	0	789	1200	0
11	56	187	272	526	19896	77.0	0	0	921	1200	1
11	56	187	272	527	19896	77.0	0	0	921	1200	1
11	123	634	2656	3498	18126	0.0	0	0	921	1200	1
11	132	691	2964	3882	21406	0.0	0	0	921	1200	1
11	132	691	2962	3880	21349	0.0	0	0	921	1200	1
11	132	693	2973	3893	21666	0.0	0	0	921	1200	1
11	132	694	2980	3903	21868	0.0	0	0	921	1200	1
11	132	693	2976	3897	21753	0.0	0	0	921	1200	1
11	132	695	2984	3907	21984	0.0	0	0	921	1200	1
11	132	693	2978	3899	21810	0.0	0	0	921	1200	1
11	132	694	2977	3899	21782	0.0	0	0	921	1200	1
11	132	694	2983	3905	21955	0.0	0	0	921	1200	1
11	132	694	2978	3900	21810	0.0	0	0	921	1200	1
11	132	693	2976	3896	21753	0.0	0	0	921	1200	1
11	132	693	2976	3897	21753	0.0	0	0	921	1200	1
11	132	694	2976	3898	21753	0.0	0	0	921	1200	1
11	132	691	2966	3884	21464	0.0	0	0	921	1200	1
11	132	691	2963	3881	21377	0.0	0	0	921	1200	1
11	132	690	2962	3879	21349	0.0	0	0	921	1200	1
11	132	693	2970	3890	21580	0.0	0	0	921	1200	1
11	132	690	2961	3878	21320	0.0	0	0	921	1200	1
11	132	692	2965	3884	21435	0.0	0	0	921	1200	1
11	132	691	2966	3885	21464	0.0	0	0	921	1200	1
11	132	692	2965	3884	21435	0.0	0	0	921	1200	1
11	132	691	2964	3882	21406	0.0	0	0	921	1200	1
11	132	692	2967	3887	21493	0.0	0	0	921	1200	1
11	132	690	2961	3878	21320	0.0	0	0	921	1200	1
11	132	692	2968	3887	21522	0.0	0	0	921	1200	0
11	132	694	2980	3901	21868	0.0	0	0	921	1200	0
11	97	459	1721	2333	3453	0.0	0	0	921	1200	0
11	56	187	271	525	19828	78.0	0	0	921	1200	0
11	56	188	273	528	19964	78.0	0	0	921	1200	0
11	56	188	273	527	19964	78.0	0	0	921	1200	0
11	56	187	272	525	19896	77.0	0	0	921	1200	0
12	56	188	273	527	19964	78.0	0	0	1052	1200	1
12	56	187	272	526	19896	77.0	0	0	1052	1200	1
12	127	658	2784	3659	19375	0.0	0	0	1052	1200	1
12	138	729	3166	4134	23264	0.0	0	0	1052	1200	1
12	138	728	3162	4129	23153	0.0	0	0	1052	1200	1
12	138	728	3161	4128	23126	0.0	0	0	1052	1200	1
12	138	731	3175	4145	23512	0.0	0	0	1052	1200	1
12	138	730	3168	4137	23319	0.0	0	0	1052	1200	1
12	138	730	3169	4138	23346	0.0	0	0	1052	1200	1
12	138	731	3175	4145	23512	0.0	0	0	1052	1200	1
12	138	729	3167	4135	23291	0.0	0	0	1052	1200	1
12	138	730	3171	4141	23402	0.0	0	0	1052	1200	1
12	138	730	3172	4141	23429	0.0	0	0	1052	1200	1
12	138	730	3168	4137	23319	0.0	0	0	1052	1200	1
12	138	730	3173	4142	23457	0.0	0	0	1052	1200	1
12	138	730	3171	4141	23402	0.0	0	0	1052	1200	1
12	138	730	3167	4137	23291	0.0	0	0	1052	1200	1
12	137	728	3159	4125	23707	0.0	0	0	1052	1200	1
12	138	729	3165	4133	23236	0.0	0	0	1052	1200	1
12	137	728	3163	4129	23818	0.0	0	0	1052	1200	1
12	138	728	3160	4128	23098	0.0	0	0	1052	1200	1
12	137	728	3165	4133	23874	0.0	0	0	1052	1200	1
12	138	729	3162	4130	23153	0.0	0	0	1052	1200	1
12	137	727	3158	4124	23679	0.0	0	0	1052	1200	1
12	138	730	3166	4135	23264	0.0	0	0	1052	1200	1
12	137	727	3158	4124	23679	0.0	0	0	1052	1200	1
12	138	728	3161	4129	23126	0.0	0	0	1052	1200	1
12	137	728	3164	4131	23846	0.0	0	0	1052	1200	0
12	138	730	3168	4137	23319	0.0	0	0	1052	1200	0
12	94	442	1635	2225	2124	0.0	0	0	1052	1200	0
12	56	188	273	528	19964	78.0	0	0	1052	1200	0
12	56	187	271	525	19828	78.0	0	0	1052	1200	0
12	56	188	273	528	19964	78.0	0	0	1052	1200	0
12	56	187	271	525	19828	78.0	0	0	1052	1200	0
13	56	187	272	526	19896	77.0	0	0	1184	1200	1
13	56	188	273	528	19964	78.0	0	0	1184	1200	1
13	125	647	2731	3592	19095	0.0	0	0	1184	1200	1
13	143	767	3367	4385	25563	0.0	0	0	1184	1200	1
13	143	765	3360	4375	25376	0.0	0	0	1184	1200	1
13	143	766	3363	4380	25456	0.0	0	0	1184	1200	1
13	143	766	3366	4383	25536	0.0	0	0	1184	1200	1
13	143	765	3359	4375	25350	0.0	0	0	1184	1200	1
13	143	766	3363	4380	25456	0.0	0	0	1184	1200	1
13	143	766	3363	4380	25456	0.0	0	0	1184	1200	1
13	143	765	3359	4375	25350	0.0	0	0	1184	1200	1
13	143	766	3365	4382	25509	0.0	0	0	1184	1200	1
13	143	766	3362	4378	25429	0.0	0	0	1184	1200	1
13	143	765	3358	4373	25323	0.0	0	0	1184	1200	1
13	143	767	3366	4383	25536	0.0	0	0	1184	1200	1
13	143	765	3359	4375	25350	0.0	0	0	1184	1200	1
13	143	766	3361	4377	25403	0.0	0	0	1184	1200	1
13	143	766	3365	4382	25509	0.0	0	0	1184	1200	1
13	143	765	3362	4375	25429	0.0	0	0	1184	1200	1
13	143	767	3366	4384	25536	0.0	0	0	1184	1200	1
13	143	765	3359	4374	25350	0.0	0	0	1184	1200	1
13	143	767	3365	4383	25509	0.0	0	0	1184	1200	1
13	143	766	3363	4379	25456	0.0	0	0	1184	1200	1
13	143	766	3360	4378	25376	0.0	0	0	1184	1200	1
13	143	766	3365	4381	25509	0.0	0	0	1184	1200	1
13	143	767	3364	4381	25483	0.0	0	0	1184	1200	1
13	143	765	3359	4374	25350	0.0	0	0	1184	1200	1
13	143	767	3367	4386	25563	0.0	0	0	1184	1200	0
13	143	765	3360	4376	25376	0.0	0	0	1184	1200	0
13	100	476	1812	2447	4892	0.0	0	0	1184	1200	0
13	56	187	272	525	19896	77.0	0	0	1184	1200	0
13	56	188	273	529	19964	78.0	0	0	1184	1200	0
13	56	187	272	525	19896	77.0	0	0	1184	1200	0
13	56	188	273	528	19964	78.0	0	0	1184	1200	0
14	56	187	272	526	19896	77.0	0	0	1315	1200	1
14	56	188	273	528	19964	78.0	0	0	1315	1200	1
14	56	187	272	526	19896	77.0	0	0	1315	1200	1
14	149	803	3564	4630	26988	0.0	0	0	1315	1200	1
14	149	803	3561	4627	26911	0.0	0	0	1315	1200	1
14	149	802	3557	4622	26809	0.0	0	0	1315	1200	1
14	149	803	3558	4624	26834	0.0	0	0	1315	1200	1
14	148	801	3551	4614	27269	0.0	0	0	1315	1200	1
14	149	802	3554	4618	26732	0.0	0	0	1315	1200	1
14	149	803	3558	4623	26834	0.0	0	0	1315	1200	1
14	149	801	3551	4614	26655	0.0	0	0	1315	1200	1
14	149	802	3557	4622	26809	0.0	0	0	1315	1200	1
14	149	802	3554	4618	26732	0.0	0	0	1315	1200	1
14	149	801	3551	4615	26655	0.0	0	0	1315	1200	1
14	149	802	3557	4622	26809	0.0	0	0	1315	1200	1
14	149	802	3553	4617	26706	0.0	0	0	1315	1200	1
14	148	801	3551	4614	27269	0.0	0	0	1315	1200	1
14	149	803	3558	4624	26834	0.0	0	0	1315	1200	1
14	149	802	3557	4621	26809	0.0	0	0	1315	1200	1
14	149	803	3559	4626	26860	0.0	0	0	1315	1200	1
14	149	803	3564	4630	26988	0.0	0	0	1315	1200	1
14	149	802	3559	4624	26860	0.0	0	0	1315	1200	1
14	149	804	3564	4632	26988	0.0	0	0	1315	1200	1
14	149	802	3556	4620	26783	0.0	0	0	1315	1200	1
14	149	804	3564	4631	26988	0.0	0	0	1315	1200	1
14	149	802	3559	4624	26860	0.0	0	0	1315	1200	1
14	149	803	3558	4623	26834	0.0	0	0	1315	1200	1
14	149	803	3563	4629	26962	0.0	0	0	1315	1200	1
14	149	803	3558	4624	26834	0.0	0	0	1315	1200	0
14	101	483	1854	2498	5793	0.0	0	0	1315	1200	0
14	56	188	273	529	19964	78.0	0	0	1315	1200	0
14	56	187	272	526	19896	77.0	0	0	1315	1200	0
14	56	188	273	529	19964	78.0	0	0	1315	1200	0
14	56	187	272	526	19896	77.0	0	0	1315	1200	0
15	56	188	273	529	19964	78.0	0	0	1447	1200	1
15	56	187	272	526	19896	77.0	0	0	1447	1200	1
15	56	188	273	528	19964	78.0	0	0	1447	1200	1
15	136	718	3108	4062	22924	0.0	0	0	1447	1200	1
15	155	841	3764	4881	28376	0.0	0	0	1447	1200	1
15	155	841	3763	4878	28351	0.0	0	0	1447	1200	1
15	154	838	3750	4862	28630	0.0	0	0	1447	1200	1
15	154	838	3746	4857	28532	0.0	0	0	1447	1200	1
15	154	839	3751	4864	28655	0.0	0	0	1447	1200	1
15	154	838	3747	4858	28556	0.0	0	0	1447	1200	1
15	154	837	3745	4856	28507	0.0	0	0	1447	1200	1
15	154	839	3752	4865	28680	0.0	0	0	1447	1200	1
15	154	838	3746	4857	28532	0.0	0	0	1447	1200	1
15	154	837	3744	4854	28482	0.0	0	0	1447	1200	1
15	154	839	3752	4865	28680	0.0	0	0	1447	1200	1
15	154	837	3744	4854	28482	0.0	0	0	1447	1200	1
15	154	838	3746	4857	28532	0.0	0	0	1447	1200	1
15	154	838	3750	4862	28630	0.0	0	0	1447	1200	1
15	155	840	3758	4873	28229	0.0	0	0	1447	1200	1
15	154	840	3759	4873	28853	0.0	0	0	1447	1200	1
15	155	842	3766	4883	28425	0.0	0	0	1447	1200	1
15	154	839	3756	4869	28779	0.0	0	0	1447	1200	1
15	155	841	3762	4878	28327	0.0	0	0	1447	1200	1
15	155	840	3756	4871	28179	0.0	0	0	1447	1200	1
15	154	840	3763	4878	28952	0.0	0	0	1447	1200	1
15	155	841	3761	4877	28302	0.0	0	0	1447	1200	1
15	154	839	3756	4869	28779	0.0	0	0	1447	1200	1
15	155	842	3764	4881	28376	0.0	0	0	1447	1200	1
15	154	839	3757	4871	28804	0.0	0	0	1447	1200	0
15	97	461	1733	2348	3924	0.0	0	0	1447	1200	0
15	56	187	272	525	19896	77.0	0	0	1447	1200	0
15	56	188	273	528	19964	78.0	0	0	1447	1200	0
15	56	187	272	526	19896	77.0	0	0	1447	1200	0
15	56	188	273	528	19964	78.0	0	0	1447	1200	0
15	56	187	272	526	19896	77.0	0	0	1447	1200	0
16	56	188	273	528	19964	78.0	0	0	1578	1200	1
16	56	187	272	526	19896	77.0	0	0	1578	1200	1
16	139	738	3212	4192	23896	0.0	0	0	1578	1200	1
16	160	874	3943	5102	29747	0.0	0	0	1578	1200	1
16	159	873	3938	5097	30218	0.0	0	0	1578	1200	1
16	159	873	3936	5094	30170	0.0	0	0	1578	1200	1
16	159	873	3937	5102	30194	0.0	0	0	1578	1200	1
16	160	877	3956	5119	30057	0.0	0	0	1578	1200	1
16	160	879	3965	5131	30271	0.0	0	0	1578	1200	1
16	160	877	3957	5120	30081	0.0	0	0	1578	1200	1
16	160	877	3958	5121	30104	0.0	0	0	1578	1200	1
16	160	878	3964	5129	30247	0.0	0	0	1578	1200	1
16	160	877	3957	5122	30081	0.0	0	0	1578	1200	1
16	160	877	3957	5120	30081	0.0	0	0	1578	1200	1
16	160	879	3965	5131	30271	0.0	0	0	1578	1200	1
16	160	876	3955	5117	30033	0.0	0	0	1578	1200	1
16	160	878	3961	5126	30176	0.0	0	0	1578	1200	1
16	160	877	3959	5123	30128	0.0	0	0	1578	1200	1
16	160	876	3949	5111	29890	0.0	0	0	1578	1200	1
16	159	874	3941	5100	30290	0.0	0	0	1578	1200	1
16	160	874	3940	5100	29676	0.0	0	0	1578	1200	1
16	159	873	3937	5095	30194	0.0	0	0	1578	1200	1
16	160	875	3943	5104	29747	0.0	0	0	1578	1200	1
16	159	873	3937	5094	30194	0.0	0	0	1578	1200	1
16	160	874	3942	5096	29723	0.0	0	0	1578	1200	1
16	160	874	3936	5095	29581	0.0	0	0	1578	1200	1
16	159	873	3937	5095	30194	0.0	0	0	1578	1200	1
16	160	875	3943	5103	29747	0.0	0	0	1578	1200	0
16	118	600	2475	3273	15768	0.0	0	0	1578	1200	0
16	56	188	273	528	19964	78.0	0	0	1578	1200	0
16	56	187	272	526	19896	77.0	0	0	1578	1200	0
16	56	188	273	528	19964	78.0	0	0	1578	1200	0
16	56	187	272	527	19896	77.0	0	0	1578	1200	0
16	56	188	273	527	19964	78.0	0	0	1578	1200	0
17	56	187	272	527	19896	77.0	0	0	1710	1200	1
17	56	188	272	527	19896	79.0	0	0	1710	1200	1
17	140	745	3251	4241	24328	0.0	0	0	1710	1200	1
17	165	914	4153	5364	31751	0.0	0	0	1710	1200	1
17	166	915	4161	5376	31357	0.0	0	0	1710	1200	1
17	166	916	4164	5378	31426	0.0	0	0	1710	1200	1
17	166	915	4157	5370	31265	0.0	0	0	1710	1200	1
17	165	909	4132	5338	31266	0.0	0	0	1710	1200	1
17	165	911	4136	5343	31359	0.0	0	0	1710	1200	1
17	165	910	4132	5339	31266	0.0	0	0	1710	1200	1
17	165	910	4138	5346	31405	0.0	0	0	1710	1200	1
17	165	910	4130	5337	31220	0.0	0	0	1710	1200	1
17	165	909	4129	5335	31197	0.0	0	0	1710	1200	1
17	165	911	4137	5345	31382	0.0	0	0	1710	1200	1
17	165	909	4128	5333	31174	0.0	0	0	1710	1200	1
17	165	910	4130	5337	31220	0.0	0	0	1710	1200	1
17	165	910	4135	5342	31335	0.0	0	0	1710	1200	1
17	165	910	4132	5339	31266	0.0	0	0	1710	1200	1
17	165	913	4152	5363	31728	0.0	0	0	1710	1200	1
17	166	916	4163	5378	31403	0.0	0	0	1710	1200	1
17	166	915	4161	5374	31357	0.0	0	0	1710	1200	1
17	166	915	4157	5370	31265	0.0	0	0	1710	1200	1
17	166	915	4161	5374	31357	0.0	0	0	1710	1200	1
17	166	916	4163	5378	31403	0.0	0	0	1710	1200	1
17	165	914	4155	5367	31797	0.0	0	0	1710	1200	1
17	166	916	4161	5375	31357	0.0	0	0	1710	1200	1
17	166	915	4163	5377	31403	0.0	0	0	1710	1200	1
17	166	914	4158	5371	31288	0.0	0	0	1710	1200	0
17	106	515	2023	2710	8568	0.0	0	0	1710	1200	0
17	56	187	272	526	19896	77.0	0	0	1710	1200	0
17	56	188	273	527	19964	78.0	0	0	1710	1200	0
17	56	187	272	526	19896	77.0	0	0	1710	1200	0
17	56	188	272	527	19896	79.0	0	0	1710	1200	0
17	56	188	272	527	19896	79.0	0	0	1710	1200	0
18	56	187	272	527	19896	77.0	0	0	1842	1200	1
18	56	188	272	527	19896	79.0	0	0	1842	1200	1
18	142	760	3331	4340	25229	0.0	0	0	1842	1200	1
18	172	953	4364	5628	32522	0.0	0	0	1842	1200	1
18	171	953	4365	5629	33110	0.0	0	0	1842	1200	1
18	171	951	4354	5615	32865	0.0	0	0	1842	1200	1
18	171	952	4361	5624	33021	0.0	0	0	1842	1200	1
18	171	947	4330	5586	32330	0.0	0	0	1842	1200	1
18	170	945	4323	5576	32741	0.0	0	0	1842	1200	1
18	171	947	4327	5582	32263	0.0	0	0	1842	1200	1
18	170	946	4329	5584	32875	0.0	0	0	1842	1200	1
18	170	945	4324	5578	32763	0.0	0	0	1842	1200	1
18	171	948	4335	5593	32441	0.0	0	0	1842	1200	1
18	170	945	4323	5577	32741	0.0	0	0	1842	1200	1
18	171	946	4324	5579	32196	0.0	0	0	1842	1200	1
18	170	946	4329	5584	32875	0.0	0	0	1842	1200	1
18	171	947	4327	5582	32263	0.0	0	0	1842	1200	1
18	170	945	4322	5576	32718	0.0	0	0	1842	1200	1
18	172	953	4362	5626	32478	0.0	0	0	1842	1200	1
18	171	953	4366	5630	33132	0.0	0	0	1842	1200	1
18	172	953	4360	5624	32434	0.0	0	0	1842	1200	1
18	171	952	4358	5620	32954	0.0	0	0	1842	1200	1
18	172	954	4367	5633	32589	0.0	0	0	1842	1200	1
18	171	952	4360	5623	32998	0.0	0	0	1842	1200	1
18	171	952	4358	5620	32954	0.0	0	0	1842	1200	1
18	171	953	4364	5628	33087	0.0	0	0	1842	1200	1
18	172	954	4364	5628	32522	0.0	0	0	1842	1200	1
18	171	952	4356	5619	32909	0.0	0	0	1842	1200	0
18	172	953	4363	5627	32500	0.0	0	0	1842	1200	0
18	56	188	273	528	19964	78.0	0	0	1842	1200	0
18	56	188	272	527	19896	79.0	0	0	1842	1200	0
18	56	188	273	527	19964	78.0	0	0	1842	1200	0
18	56	188	273	527	19964	78.0	0	0	1842	1200	0
18	56	188	272	527	19896	79.0	0	0	1842	1200	0
19	56	188	273	528	19964	78.0	0	0	1973	1200	1
19	56	187	272	526	19896	77.0	0	0	1973	1200	1
19	152	826	3682	4777	28147	0.0	0	0	1973	1200	1
19	176	984	4528	5832	33875	0.0	0	0	1973	1200	1
19	176	983	4518	5821	33659	0.0	0	0	1973	1200	1
19	176	982	4518	5820	33659	0.0	0	0	1973	1200	1
19	176	984	4525	5829	33810	0.0	0	0	1973	1200	1
19	176	982	4517	5818	33637	0.0	0	0	1973	1200	1
19	176	983	4520	5823	33702	0.0	0	0	1973	1200	1
19	177	991	4568	5881	34183	0.0	0	0	1973	1200	1
19	177	991	4563	5876	34075	0.0	0	0	1973	1200	1
19	177	988	4553	5863	33860	0.0	0	0	1973	1200	1
19	177	992	4568	5883	34183	0.0	0	0	1973	1200	1
19	177	990	4559	5875	33989	0.0	0	0	1973	1200	1
19	177	991	4565	5878	34118	0.0	0	0	1973	1200	1
19	177	991	4565	5879	34118	0.0	0	0	1973	1200	1
19	177	989	4557	5868	33946	0.0	0	0	1973	1200	1
19	177	992	4566	5881	34140	0.0	0	0	1973	1200	1
19	177	990	4563	5876	34075	0.0	0	0	1973	1200	1
19	176	986	4533	5840	33984	0.0	0	0	1973	1200	1
19	176	983	4522	5825	33746	0.0	0	0	1973	1200	1
19	176	983	4520	5823	33702	0.0	0	0	1973	1200	1
19	176	982	4516	5817	33616	0.0	0	0	1973	1200	1
19	176	984	4527	5831	33854	0.0	0	0	1973	1200	1
19	176	983	4521	5824	33724	0.0	0	0	1973	1200	1
19	176	982	4517	5819	33637	0.0	0	0	1973	1200	1
19	176	982	4517	5819	33637	0.0	0	0	1973	1200	1
19	176	984	4528	5834	33875	0.0	0	0	1973	1200	0
19	176	982	4517	5818	33637	0.0	0	0	1973	1200	0
19	138	733	3187	4161	23843	0.0	0	0	1973	1200	0
19	56	188	272	527	19896	79.0	0	0	1973	1200	0
19	56	188	273	527	19964	78.0	0	0	1973	1200	0
19	56	188	272	527	19896	79.0	0	0	1973	1200	0
19	56	188	273	528	19964	78.0	0	0	1973	1200	0
20	56	187	272	526	19896	77.0	0	0	2105	1200	1
20	56	188	273	528	19964	78.0	0	0	2105	1200	1
20	143	768	3375	4394	25776	0.0	0	0	2105	1200	1
20	183	1029	4769	6133	35144	0.0	0	0	2105	1200	1
20	183	1027	4760	6121	34956	0.0	0	0	2105	1200	1
20	183	1029	4766	6129	35081	0.0	0	0	2105	1200	1
20	183	1029	4770	6134	35164	0.0	0	0	2105	1200	1
20	183	1029	4764	6127	35039	0.0	0	0	2105	1200	1
20	181	1018	4714	6063	35083	0.0	0	0	2105	1200	1
20	182	1020	4720	6073	34663	0.0	0	0	2105	1200	1
20	181	1018	4712	6060	35041	0.0	0	0	2105	1200	1
20	182	1019	4713	6064	34517	0.0	0	0	2105	1200	1
20	181	1019	4718	6069	35167	0.0	0	0	2105	1200	1
20	182	1021	4722	6075	34705	0.0	0	0	2105	1200	1
20	181	1018	4711	6060	35020	0.0	0	0	2105	1200	1
20	182	1020	4718	6069	34621	0.0	0	0	2105	1200	1
20	182	1019	4713	6064	34517	0.0	0	0	2105	1200	1
20	181	1018	4713	6063	35062	0.0	0	0	2105	1200	1
20	182	1020	4720	6072	34663	0.0	0	0	2105	1200	1
20	183	1028	4765	6127	35060	0.0	0	0	2105	1200	1
20	183	1027	4755	6115	34852	0.0	0	0	2105	1200	1
20	183	1028	4765	6128	35060	0.0	0	0	2105	1200	1
20	183	1030	4769	6133	35144	0.0	0	0	2105	1200	1
20	183	1027	4760	6122	34956	0.0	0	0	2105	1200	1
20	183	1029	4763	6126	35019	0.0	0	0	2105	1200	1
20	183	1029	4769	6133	35144	0.0	0	0	2105	1200	1
20	183	1029	4765	6128	35060	0.0	0	0	2105	1200	1
20	183	1027	4759	6121	34935	0.0	0	0	2105	1200	0
20	183	1029	4767	6131	35102	0.0	0	0	2105	1200	0
20	114	571	2324	3084	13525	0.0	0	0	2105	1200	0
20	56	188	272	527	19896	79.0	0	0	2105	1200	0
20	56	187	272	526	19896	77.0	0	0	2105	1200	0
20	56	187	272	527	19896	77.0	0	0	2105	1200	0
20	56	188	272	527	19896	79.0	0	0	2105	1200	0
21	56	188	273	527	19964	78.0	0	0	2236	1200	1
21	56	187	272	526	19896	77.0	0	0	2236	1200	1
21	145	779	3434	4469	26086	0.0	0	0	2236	1200	1
21	188	1066	4965	6377	36475	0.0	0	0	2236	1200	1
21	189	1068	4973	6388	36104	0.0	0	0	2236	1200	1
21	188	1066	4966	6378	36495	0.0	0	0	2236	1200	1
21	188	1066	4964	6376	36455	0.0	0	0	2236	1200	1
21	188	1067	4970	6384	36576	0.0	0	0	2236	1200	1
21	187	1056	4909	6307	35872	0.0	0	0	2236	1200	1
21	187	1055	4907	6304	35831	0.0	0	0	2236	1200	1
21	187	1057	4914	6315	35974	0.0	0	0	2236	1200	1
21	187	1055	4909	6307	35872	0.0	0	0	2236	1200	1
21	187	1056	4908	6307	35852	0.0	0	0	2236	1200	1
21	187	1055	4909	6307	35872	0.0	0	0	2236	1200	1
21	187	1057	4914	6314	35974	0.0	0	0	2236	1200	1
21	187	1056	4913	6312	35954	0.0	0	0	2236	1200	1
21	187	1056	4908	6307	35852	0.0	0	0	2236	1200	1
21	187	1056	4913	6312	35954	0.0	0	0	2236	1200	1
21	187	1055	4906	6303	35811	0.0	0	0	2236	1200	1
21	189	1067	4969	6383	36023	0.0	0	0	2236	1200	1
21	188	1067	4970	6383	36576	0.0	0	0	2236	1200	1
21	189	1066	4964	6376	35922	0.0	0	0	2236	1200	1
21	188	1064	4958	6369	36333	0.0	0	0	2236	1200	1
21	189	1068	4972	6387	36084	0.0	0	0	2236	1200	1
21	188	1066	4965	6376	36475	0.0	0	0	2236	1200	1
21	189	1066	4963	6375	35902	0.0	0	0	2236	1200	1
21	188	1067	4970	6383	36576	0.0	0	0	2236	1200	1
21	189	1067	4969	6382	36023	0.0	0	0	2236	1200	0
21	188	1065	4961	6371	36394	0.0	0	0	2236	1200	0
21	110	543	2167	2889	10912	0.0	0	0	2236	1200	0
21	56	187	272	527	19896	77.0	0	0	2236	1200	0
21	56	188	273	528	19964	78.0	0	0	2236	1200	0
21	56	188	272	527	19896	79.0	0	0	2236	1200	0
21	56	188	273	527	19964	78.0	0	0	2236	1200	0
22	56	188	273	527	19964	78.0	0	0	2368	1200	1
22	56	188	272	527	19896	79.0	0	0	2368	1200	1
22	165	909	4129	5335	31197	0.0	0	0	2368	1200	1
22	192	1092	5105	6552	37157	0.0	0	0	2368	1200	1
22	192	1093	5108	6555	37216	0.0	0	0	2368	1200	1
22	193	1095	5119	6569	36908	0.0	0	0	2368	1200	1
22	192	1092	5104	6550	37137	0.0	0	0	2368	1200	1
22	193	1093	5105	6552	36632	0.0	0	0	2368	1200	1
22	192	1093	5111	6559	37276	0.0	0	0	2368	1200	1
22	193	1094	5115	6564	36829	0.0	0	0	2368	1200	1
22	194	1104	5167	6629	37330	0.0	0	0	2368	1200	1
22	194	1105	5171	6635	37409	0.0	0	0	2368	1200	1
22	194	1105	5175	6639	37487	0.0	0	0	2368	1200	1
22	194	1104	5163	6625	37252	0.0	0	0	2368	1200	1
22	194	1103	5167	6629	37330	0.0	0	0	2368	1200	1
22	195	1106	5177	6642	37005	0.0	0	0	2368	1200	1
22	194	1104	5172	6635	37428	0.0	0	0	2368	1200	1
22	194	1104	5167	6629	37330	0.0	0	0	2368	1200	1
22	194	1104	5172	6635	37428	0.0	0	0	2368	1200	1
22	195	1106	5176	6642	36986	0.0	0	0	2368	1200	1
22	194	1100	5147	6605	36937	0.0	0	0	2368	1200	1
22	192	1092	5108	6556	37216	0.0	0	0	2368	1200	1
22	193	1093	5105	6552	36632	0.0	0	0	2368	1200	1
22	192	1091	5103	6549	37117	0.0	0	0	2368	1200	1
22	193	1094	5111	6560	36750	0.0	0	0	2368	1200	1
22	192	1092	5105	6551	37157	0.0	0	0	2368	1200	1
22	193	1093	5104	6552	36612	0.0	0	0	2368	1200	1
22	192	1092	5107	6554	37197	0.0	0	0	2368	1200	1
22	193	1093	5109	6558	36711	0.0	0	0	2368	1200	0
22	159	871	3925	5081	29906	0.0	0	0	2368	1200	0
22	56	188	273	529	19964	78.0	0	0	2368	1200	0
22	56	187	272	526	19896	77.0	0	0	2368	1200	0
22	56	188	273	528	19964	78.0	0	0	2368	1200	0
22	56	187	272	526	19896	77.0	0	0	2368	1200	0
23	56	188	273	528	19964	78.0	0	0	2500	1200	1
23	56	188	272	527	19896	79.0	0	0	2500	1200	1
23	56	188	273	528	19964	78.0	0	0	2500	1200	1
23	144	768	3375	4395	25151	0.0	0	0	2500	1200	1
23	200	1144	5381	6893	38363	0.0	0	0	2500	1200	1
23	200	1143	5373	6887	38210	0.0	0	0	2500	1200	1
23	200	1143	5374	6889	38229	0.0	0	0	2500	1200	1
23	200	1144	5380	6896	38344	0.0	0	0	2500	1200	1
23	200	1144	5378	6893	38305	0.0	0	0	2500	1200	1
23	198	1129	5302	6797	37878	0.0	0	0	2500	1200	1
23	198	1131	5309	6806	38013	0.0	0	0	2500	1200	1
23	198	1129	5303	6798	37897	0.0	0	0	2500	1200	1
23	198	1129	5302	6798	37878	0.0	0	0	2500	1200	1
23	198	1129	5305	6801	37936	0.0	0	0	2500	1200	1
23	198	1130	5306	6804	37955	0.0	0	0	2500	1200	1
23	198	1130	5309	6806	38013	0.0	0	0	2500	1200	1
23	198	1130	5303	6800	37897	0.0	0	0	2500	1200	1
23	198	1130	5307	6803	37974	0.0	0	0	2500	1200	1
23	198	1129	5302	6798	37878	0.0	0	0	2500	1200	1
23	198	1130	5308	6805	37993	0.0	0	0	2500	1200	1
23	198	1131	5308	6806	37993	0.0	0	0	2500	1200	1
23	200	1143	5378	6892	38305	0.0	0	0	2500	1200	1
23	200	1143	5363	6886	38020	0.0	0	0	2500	1200	1
23	200	1144	5379	6895	38324	0.0	0	0	2500	1200	1
23	200	1142	5374	6887	38229	0.0	0	0	2500	1200	1
23	200	1142	5370	6883	38153	0.0	0	0	2500	1200	1
23	200	1142	5375	6888	38248	0.0	0	0	2500	1200	1
23	200	1144	5379	6894	38324	0.0	0	0	2500	1200	1
