Stim	R	G	B	C	Temp	HueLux	Yellow	Red	Blue	Blue2	Trig
1	383	364	277	1056	4146	247.0	0	0	0	1200	1
1	494	587	1109	2254	9944	0.0	0	0	0	1200	1
1	720	1039	2768	4652	16038	0.0	0	0	0	1200	1
1	719	1037	2770	4651	16069	0.0	0	0	0	1200	1
1	721	1039	2767	4651	16012	0.0	0	0	0	1200	1
1	718	1036	2765	4645	16063	0.0	0	0	0	1200	1
1	722	1040	2772	4660	16018	0.0	0	0	0	1200	1
1	718	1037	2767	4646	16073	0.0	0	0	0	1200	1
1	719	1037	2769	4650	16064	0.0	0	0	0	1200	1
1	721	1040	2770	4656	16028	0.0	0	0	0	1200	1
1	718	1036	2765	4644	16063	0.0	0	0	0	1200	1
1	721	1040	2770	4656	16028	0.0	0	0	0	1200	1
1	719	1037	2769	4651	16064	0.0	0	0	0	1200	1
1	721	1039	2767	4651	16012	0.0	0	0	0	1200	1
1	718	1037	2766	4646	16068	0.0	0	0	0	1200	1
1	721	1040	2772	4659	16039	0.0	0	0	0	1200	1
1	718	1036	2765	4644	16063	0.0	0	0	0	1200	1
1	720	1038	2766	4650	16027	0.0	0	0	0	1200	1
1	719	1037	2770	4651	16069	0.0	0	0	0	1200	1
1	720	1039	2768	4652	16038	0.0	0	0	0	1200	1
1	718	1036	2764	4643	16057	0.0	0	0	0	1200	1
1	720	1039	2769	4653	16043	0.0	0	0	0	1200	1
1	719	1037	2769	4650	16064	0.0	0	0	0	1200	1
1	720	1038	2766	4649	16027	0.0	0	0	0	1200	1
1	718	1036	2766	4645	16068	0.0	0	0	0	1200	1
1	721	1039	2771	4656	16033	0.0	0	0	0	1200	1
1	720	1038	2766	4648	16027	0.0	0	0	0	1200	1
1	719	1038	2770	4652	16069	0.0	0	0	0	1200	0
1	529	656	1359	2617	11178	0.0	0	0	0	1200	0
1	381	362	276	1052	4151	245.0	0	0	0	1200	0
1	382	363	276	1055	4143	246.0	0	0	0	1200	0
1	382	362	276	1053	4143	245.0	0	0	0	1200	0
1	383	363	276	1055	4136	246.0	0	0	0	1200	0
1	382	363	276	1054	4143	246.0	0	0	0	1200	0
2	382	363	276	1055	4143	246.0	0	0	0	1200	1
2	505	610	1187	2368	10346	0.0	0	0	0	1200	1
2	719	1038	2768	4650	16058	0.0	0	0	0	1200	1
2	719	1038	2770	4653	16069	0.0	0	0	0	1200	1
2	719	1037	2765	4645	16042	0.0	0	0	0	1200	1
2	718	1036	2766	4646	16068	0.0	0	0	0	1200	1
2	718	1037	2770	4649	16089	0.0	0	0	0	1200	1
2	716	1034	2764	4638	16098	0.0	0	0	0	1200	1
2	714	1032	2763	4633	16134	0.0	0	0	0	1200	1
2	714	1033	2768	4639	16161	0.0	0	0	0	1200	1
2	712	1032	2762	4629	16170	0.0	0	0	0	1200	1
2	713	1033	2767	4637	16176	0.0	0	0	0	1200	1
2	714	1033	2765	4637	16145	0.0	0	0	0	1200	1
2	713	1032	2762	4631	16150	0.0	0	0	0	1200	1
2	716	1035	2767	4642	16114	0.0	0	0	0	1200	1
2	714	1033	2766	4638	16150	0.0	0	0	0	1200	1
2	716	1035	2764	4639	16098	0.0	0	0	0	1200	1
2	715	1034	2765	4638	16124	0.0	0	0	0	1200	1
2	718	1037	2769	4649	16084	0.0	0	0	0	1200	1
2	715	1034	2763	4637	16114	0.0	0	0	0	1200	1
2	718	1037	2766	4646	16068	0.0	0	0	0	1200	1
2	718	1036	2769	4648	16084	0.0	0	0	0	1200	1
2	720	1038	2766	4648	16027	0.0	0	0	0	1200	1
2	718	1036	2764	4643	16057	0.0	0	0	0	1200	1
2	722	1040	2772	4659	16018	0.0	0	0	0	1200	1
2	719	1037	2767	4649	16053	0.0	0	0	0	1200	1
2	722	1040	2767	4654	15992	0.0	0	0	0	1200	1
2	721	1039	2770	4655	16028	0.0	0	0	0	1200	0
2	724	1042	2771	4662	15973	0.0	0	0	0	1200	0
2	387	367	279	1067	4137	249.0	0	0	0	1200	0
2	385	365	277	1060	4132	248.0	0	0	0	1200	0
2	387	368	279	1068	4137	250.0	0	0	0	1200	0
2	385	365	278	1061	4142	247.0	0	0	0	1200	0
2	388	368	279	1069	4130	250.0	0	0	0	1200	0
3	385	366	278	1062	4142	249.0	0	0	0	1200	1
3	509	609	1170	2354	10148	0.0	0	0	0	1200	1
3	723	1041	2772	4663	15998	0.0	0	0	0	1200	1
3	725	1042	2769	4662	15942	0.0	0	0	0	1200	1
3	723	1040	2767	4655	15972	0.0	0	0	0	1200	1
3	726	1044	2774	4670	15948	0.0	0	0	0	1200	1
3	723	1040	2768	4657	15977	0.0	0	0	0	1200	1
3	725	1042	2769	4662	15942	0.0	0	0	0	1200	1
3	724	1042	2773	4663	15983	0.0	0	0	0	1200	1
3	726	1043	2771	4665	15933	0.0	0	0	0	1200	1
3	723	1040	2767	4656	15972	0.0	0	0	0	1200	1
3	726	1044	2773	4668	15943	0.0	0	0	0	1200	1
3	724	1041	2770	4660	15967	0.0	0	0	0	1200	1
3	724	1041	2770	4661	15967	0.0	0	0	0	1200	1
3	726	1043	2773	4667	15943	0.0	0	0	0	1200	1
3	525	849	2621	4102	20411	0.0	0	0	0	1200	1
3	358	688	2499	3637	27986	0.0	0	0	0	1200	1
3	357	689	2503	3640	28103	0.0	0	0	0	1200	1
3	356	687	2497	3632	28114	0.0	0	0	0	1200	1
3	394	723	2525	3737	25807	0.0	0	0	0	1200	1
3	638	959	2709	4423	17568	0.0	0	0	0	1200	1
3	697	1015	2749	4583	16417	0.0	0	0	0	1200	1
3	716	1034	2761	4635	16082	0.0	0	0	0	1200	1
3	723	1040	2768	4657	15977	0.0	0	0	0	1200	1
3	726	1044	2773	4668	15943	0.0	0	0	0	1200	1
3	726	1043	2769	4663	15922	0.0	0	0	0	1200	1
3	726	1044	2769	4665	15922	0.0	0	0	0	1200	1
3	727	1045	2774	4671	15928	0.0	0	0	0	1200	0
3	726	1043	2769	4664	15922	0.0	0	0	0	1200	0
3	528	646	1301	2545	10778	0.0	0	0	0	1200	0
3	389	369	279	1070	4123	251.0	0	0	0	1200	0
3	388	368	279	1069	4130	250.0	0	0	0	1200	0
3	389	369	280	1071	4133	251.0	0	0	0	1200	0
3	388	368	279	1069	4130	250.0	0	0	0	1200	0
4	390	369	280	1072	4126	250.0	0	0	0	1200	1
4	388	368	279	1069	4130	250.0	0	0	0	1200	1
4	503	595	1115	2277	9836	0.0	0	0	0	1200	1
4	559	709	1540	2888	11887	0.0	0	0	0	1200	1
4	561	712	1546	2899	11890	0.0	0	0	0	1200	1
4	560	712	1550	2902	11936	0.0	0	0	0	1200	1
4	557	705	1520	2862	11788	0.0	0	0	0	1200	1
4	554	700	1506	2839	11748	0.0	0	0	0	1200	1
4	555	700	1502	2836	11702	0.0	0	0	0	1200	1
4	553	698	1501	2830	11732	0.0	0	0	0	1200	1
4	555	700	1502	2836	11702	0.0	0	0	0	1200	1
4	553	698	1501	2830	11732	0.0	0	0	0	1200	1
4	555	700	1502	2836	11702	0.0	0	0	0	1200	1
4	553	698	1501	2830	11732	0.0	0	0	0	1200	1
4	555	700	1502	2836	11702	0.0	0	0	0	1200	1
4	556	702	1508	2844	11724	0.0	0	0	0	1200	1
4	552	698	1500	2829	11744	0.0	0	0	0	1200	1
4	561	713	1548	2902	11904	0.0	0	0	0	1200	1
4	559	711	1549	2899	11948	0.0	0	0	0	1200	1
4	561	712	1546	2898	11890	0.0	0	0	0	1200	1
4	558	709	1544	2892	11933	0.0	0	0	0	1200	1
4	561	713	1551	2907	11924	0.0	0	0	0	1200	1
4	558	710	1545	2893	11940	0.0	0	0	0	1200	1
4	560	710	1540	2891	11868	0.0	0	0	0	1200	1
4	559	711	1549	2900	11948	0.0	0	0	0	1200	1
4	561	713	1548	2902	11904	0.0	0	0	0	1200	1
4	558	710	1544	2892	11933	0.0	0	0	0	1200	1
4	561	713	1550	2905	11917	0.0	0	0	0	1200	0
4	559	710	1547	2896	11934	0.0	0	0	0	1200	0
4	389	369	280	1072	4133	251.0	0	0	0	1200	0
4	387	367	278	1065	4127	250.0	0	0	0	1200	0
4	389	369	280	1072	4133	251.0	0	0	0	1200	0
4	387	367	278	1065	4127	250.0	0	0	0	1200	0
4	387	367	278	1065	4127	250.0	0	0	0	1200	0
5	389	369	280	1071	4133	251.0	0	0	131	1200	1
5	387	367	278	1065	4127	250.0	0	0	131	1200	1
5	556	704	1518	2858	11793	0.0	0	0	131	1200	1
5	555	704	1524	2862	11853	0.0	0	0	131	1200	1
5	557	706	1525	2868	11822	0.0	0	0	131	1200	1
5	556	706	1529	2871	11868	0.0	0	0	131	1200	1
5	563	718	1571	2934	12022	0.0	0	0	131	1200	1
5	561	716	1567	2925	12033	0.0	0	0	131	1200	1
5	563	718	1570	2933	12015	0.0	0	0	131	1200	1
5	561	716	1566	2924	12026	0.0	0	0	131	1200	1
5	563	717	1568	2929	12002	0.0	0	0	131	1200	1
5	562	717	1568	2927	12021	0.0	0	0	131	1200	1
5	563	719	1573	2936	12035	0.0	0	0	131	1200	1
5	561	715	1562	2918	11999	0.0	0	0	131	1200	1
5	562	717	1568	2927	12021	0.0	0	0	131	1200	1
5	562	717	1572	2933	12048	0.0	0	0	131	1200	1
5	561	716	1569	2927	12046	0.0	0	0	131	1200	1
5	554	704	1524	2892	11871	0.0	0	0	131	1200	1
5	554	703	1523	2860	11865	0.0	0	0	131	1200	1
5	553	703	1523	2858	11884	0.0	0	0	131	1200	1
5	553	703	1523	2858	11884	0.0	0	0	131	1200	1
5	552	702	1523	2856	11903	0.0	0	0	131	1200	1
5	552	702	1522	2855	11896	0.0	0	0	131	1200	1
5	551	701	1521	2852	11908	0.0	0	0	131	1200	1
5	551	701	1522	2853	11915	0.0	0	0	131	1200	1
5	550	700	1521	2850	11927	0.0	0	0	131	1200	1
5	551	701	1522	2852	11915	0.0	0	0	131	1200	1
5	549	699	1521	2847	11946	0.0	0	0	131	1200	0
5	556	713	1568	2917	12135	0.0	0	0	131	1200	0
5	530	663	1390	2657	11383	0.0	0	0	131	1200	0
5	380	362	276	1050	4158	245.0	0	0	131	1200	0
5	378	360	274	1044	4152	244.0	0	0	131	1200	0
5	379	361	275	1048	4155	245.0	0	0	131	1200	0
5	377	359	274	1042	4160	243.0	0	0	131	1200	0
6	378	360	275	1046	4162	244.0	0	0	263	1200	1
6	376	360	275	1040	4177	244.0	0	0	263	1200	1
6	556	718	1603	2958	12375	0.0	0	0	263	1200	1
6	565	733	1651	3033	12524	0.0	0	0	263	1200	1
6	562	731	1650	3026	12576	0.0	0	0	263	1200	1
6	565	734	1652	3034	12531	0.0	0	0	263	1200	1
6	569	743	1694	3091	12733	0.0	0	0	263	1200	1
6	571	745	1690	3091	12667	0.0	0	0	263	1200	1
6	568	742	1689	3084	12720	0.0	0	0	263	1200	1
6	571	746	1696	3098	12707	0.0	0	0	263	1200	1
6	568	742	1690	3085	12727	0.0	0	0	263	1200	1
6	570	743	1685	3082	12653	0.0	0	0	263	1200	1
6	568	742	1692	3087	12740	0.0	0	0	263	1200	1
6	571	745	1694	3094	12694	0.0	0	0	263	1200	1
6	568	742	1688	3083	12713	0.0	0	0	263	1200	1
6	570	743	1687	3086	12667	0.0	0	0	263	1200	1
6	569	743	1694	3090	12733	0.0	0	0	263	1200	1
6	570	743	1685	3083	12653	0.0	0	0	263	1200	1
6	563	731	1650	3028	12557	0.0	0	0	263	1200	1
6	566	735	1657	3042	12545	0.0	0	0	263	1200	1
6	565	733	1651	3033	12524	0.0	0	0	263	1200	1
6	563	731	1650	3027	12557	0.0	0	0	263	1200	1
6	565	733	1651	3033	12524	0.0	0	0	263	1200	1
6	563	731	1650	3027	12557	0.0	0	0	263	1200	1
6	565	733	1652	3034	12531	0.0	0	0	263	1200	1
6	563	731	1650	3028	12557	0.0	0	0	263	1200	1
6	565	733	1651	3033	12524	0.0	0	0	263	1200	1
6	564	733	1654	3034	12564	0.0	0	0	263	1200	0
6	569	741	1680	3075	12640	0.0	0	0	263	1200	0
6	531	665	1407	2677	11486	0.0	0	0	263	1200	0
6	378	360	274	1045	4152	244.0	0	0	263	1200	0
6	377	358	273	1041	4149	242.0	0	0	263	1200	0
6	378	360	274	1045	4152	244.0	0	0	263	1200	0
6	377	358	273	1040	4149	242.0	0	0	263	1200	0
7	378	359	274	1044	4152	243.0	0	0	394	1200	1
7	377	358	273	1041	4149	242.0	0	0	394	1200	1
7	378	359	274	1044	4152	243.0	0	0	394	1200	1
7	513	631	1279	2494	10890	0.0	0	0	394	1200	1
7	588	781	1831	3289	13255	0.0	0	0	394	1200	1
7	587	779	1823	3280	13223	0.0	0	0	394	1200	1
7	588	781	1829	3288	13242	0.0	0	0	394	1200	1
7	587	777	1816	3270	13177	0.0	0	0	394	1200	1
7	583	771	1794	3237	13115	0.0	0	0	394	1200	1
7	584	772	1798	3243	13121	0.0	0	0	394	1200	1
7	583	771	1795	3239	13121	0.0	0	0	394	1200	1
7	583	771	1794	3236	13115	0.0	0	0	394	1200	1
7	583	771	1794	3237	13115	0.0	0	0	394	1200	1
7	583	771	1795	3237	13121	0.0	0	0	394	1200	1
7	583	771	1794	3237	13115	0.0	0	0	394	1200	1
7	583	770	1793	3235	13108	0.0	0	0	394	1200	1
7	584	772	1795	3240	13101	0.0	0	0	394	1200	1
7	582	770	1793	3235	13128	0.0	0	0	394	1200	1
7	584	771	1794	3238	13095	0.0	0	0	394	1200	1
7	587	780	1829	3285	13262	0.0	0	0	394	1200	1
7	589	782	1833	3294	13247	0.0	0	0	394	1200	1
7	587	779	1827	3282	13249	0.0	0	0	394	1200	1
7	588	781	1832	3291	13261	0.0	0	0	394	1200	1
7	589	781	1829	3289	13222	0.0	0	0	394	1200	1
7	587	779	1827	3283	13249	0.0	0	0	394	1200	1
7	589	782	1830	3291	13228	0.0	0	0	394	1200	1
7	587	780	1829	3285	13262	0.0	0	0	394	1200	1
7	589	781	1828	3289	13215	0.0	0	0	394	1200	1
7	588	780	1831	3289	13255	0.0	0	0	394	1200	0
7	428	458	635	1566	7043	119.0	0	0	394	1200	0
7	377	358	273	1040	4149	242.0	0	0	394	1200	0
7	379	360	275	1047	4155	243.0	0	0	394	1200	0
7	377	358	273	1040	4149	242.0	0	0	394	1200	0
7	379	360	275	1047	4155	243.0	0	0	394	1200	0
8	376	358	273	1039	4157	243.0	0	0	526	1200	1
8	379	360	275	1047	4155	243.0	0	0	526	1200	1
8	376	358	273	1039	4157	243.0	0	0	526	1200	1
8	583	769	1782	3222	13036	0.0	0	0	526	1200	1
8	603	812	1949	3457	13705	0.0	0	0	526	1200	1
8	605	814	1949	3462	13664	0.0	0	0	526	1200	1
8	606	814	1951	3465	13657	0.0	0	0	526	1200	1
8	607	820	1978	3501	13806	0.0	0	0	526	1200	1
8	609	821	1977	3503	13759	0.0	0	0	526	1200	1
8	607	820	1978	3500	13806	0.0	0	0	526	1200	1
8	610	823	1981	3510	13764	0.0	0	0	526	1200	1
8	607	819	1975	3497	13787	0.0	0	0	526	1200	1
8	610	822	1979	3506	13751	0.0	0	0	526	1200	1
8	608	821	1981	3505	13804	0.0	0	0	526	1200	1
8	609	822	1977	3504	13759	0.0	0	0	526	1200	1
8	607	819	1974	3496	13781	0.0	0	0	526	1200	1
8	610	823	1982	3511	13770	0.0	0	0	526	1200	1
8	608	820	1976	3498	13773	0.0	0	0	526	1200	1
8	608	818	1965	3485	13704	0.0	0	0	526	1200	1
8	605	814	1953	3466	13690	0.0	0	0	526	1200	1
8	605	814	1948	3462	13658	0.0	0	0	526	1200	1
8	604	813	1949	3460	13685	0.0	0	0	526	1200	1
8	605	814	1950	3464	13671	0.0	0	0	526	1200	1
8	605	814	1951	3464	13677	0.0	0	0	526	1200	1
8	604	813	1950	3462	13691	0.0	0	0	526	1200	1
8	605	813	1948	3460	13658	0.0	0	0	526	1200	1
8	604	813	1948	3460	13678	0.0	0	0	526	1200	1
8	605	813	1950	3462	13671	0.0	0	0	526	1200	1
8	605	813	1948	3460	13658	0.0	0	0	526	1200	0
8	547	698	1526	2851	12019	0.0	0	0	526	1200	0
8	378	360	274	1044	4152	244.0	0	0	526	1200	0
8	378	359	274	1043	4152	243.0	0	0	526	1200	0
8	378	360	274	1045	4152	244.0	0	0	526	1200	0
8	378	359	274	1043	4152	243.0	0	0	526	1200	0
8	378	360	274	1045	4152	244.0	0	0	526	1200	0
9	377	359	273	1042	4149	244.0	0	0	657	1200	1
9	379	360	274	1045	4145	244.0	0	0	657	1200	1
9	594	792	1874	3351	13411	0.0	0	0	657	1200	1
9	627	857	2110	3694	14212	0.0	0	0	657	1200	1
9	625	855	2106	3687	14229	0.0	0	0	657	1200	1
9	627	857	2108	3692	14200	0.0	0	0	657	1200	1
9	625	856	2109	3691	14247	0.0	0	0	657	1200	1
9	630	861	2129	3727	14266	0.0	0	0	657	1200	1
9	631	864	2136	3732	14288	0.0	0	0	657	1200	1
9	628	861	2130	3719	14313	0.0	0	0	657	1200	1
9	630	863	2131	3725	14278	0.0	0	0	657	1200	1
9	629	862	2134	3726	14317	0.0	0	0	657	1200	1
9	630	863	2131	3725	14278	0.0	0	0	657	1200	1
9	628	861	2129	3719	14307	0.0	0	0	657	1200	1
9	631	865	2136	3733	14288	0.0	0	0	657	1200	1
9	628	861	2129	3718	14307	0.0	0	0	657	1200	1
9	630	863	2129	3723	14266	0.0	0	0	657	1200	1
9	628	861	2128	3718	14301	0.0	0	0	657	1200	1
9	627	857	2108	3693	14200	0.0	0	0	657	1200	1
9	625	855	2108	3689	14241	0.0	0	0	657	1200	1
9	628	858	2113	3699	14210	0.0	0	0	657	1200	1
9	625	855	2106	3685	14229	0.0	0	0	657	1200	1
9	628	858	2110	3696	14192	0.0	0	0	657	1200	1
9	625	855	2107	3687	14235	0.0	0	0	657	1200	1
9	627	857	2108	3691	14200	0.0	0	0	657	1200	1
9	625	855	2109	3689	14247	0.0	0	0	657	1200	1
9	625	855	2106	3686	14229	0.0	0	0	657	1200	1
9	627	857	2110	3695	14212	0.0	0	0	657	1200	0
9	543	690	1498	2809	11901	0.0	0	0	657	1200	0
9	379	360	274	1046	4145	244.0	0	0	657	1200	0
9	377	358	273	1041	4149	242.0	0	0	657	1200	0
9	379	360	274	1046	4145	244.0	0	0	657	1200	0
9	377	358	273	1041	4149	242.0	0	0	657	1200	0
9	379	360	274	1046	4145	244.0	0	0	657	1200	0
10	377	359	273	1042	4149	244.0	0	0	789	1200	1
10	379	360	274	1046	4145	244.0	0	0	789	1200	1
10	563	731	1649	3027	12550	0.0	0	0	789	1200	1
10	651	905	2286	3948	14769	0.0	0	0	789	1200	1
10	649	903	2283	3942	14793	0.0	0	0	789	1200	1
10	651	905	2288	3950	14781	0.0	0	0	789	1200	1
10	650	904	2287	3948	14796	0.0	0	0	789	1200	1
10	649	903	2281	3940	14781	0.0	0	0	789	1200	1
10	649	901	2276	3932	14752	0.0	0	0	789	1200	1
10	647	899	2268	3921	14746	0.0	0	0	789	1200	1
10	648	900	2270	3924	14737	0.0	0	0	789	1200	1
10	648	900	2269	3923	14731	0.0	0	0	789	1200	1
10	647	898	2266	3917	14734	0.0	0	0	789	1200	1
10	648	899	2267	3921	14720	0.0	0	0	789	1200	1
10	647	900	2271	3924	14764	0.0	0	0	789	1200	1
10	648	899	2266	3920	14714	0.0	0	0	789	1200	1
10	647	898	2266	3917	14734	0.0	0	0	789	1200	1
10	648	900	2270	3925	14737	0.0	0	0	789	1200	1
10	647	898	2266	3916	14734	0.0	0	0	789	1200	1
10	651	905	2285	3948	14764	0.0	0	0	789	1200	1
10	649	904	2288	3948	14822	0.0	0	0	789	1200	1
10	651	904	2284	3946	14758	0.0	0	0	789	1200	1
10	649	903	2283	3941	14793	0.0	0	0	789	1200	1
10	651	906	2289	3954	14787	0.0	0	0	789	1200	1
10	649	902	2282	3940	14787	0.0	0	0	789	1200	1
10	651	905	2284	3947	14758	0.0	0	0	789	1200	1
10	649	904	2287	3947	14816	0.0	0	0	789	1200	1
10	651	904	2282	3943	14746	0.0	0	0	789	1200	0
10	502	608	1187	2363	10399	0.0	0	0	789	1200	0
10	377	358	273	1040	4149	242.0	0	0	789	1200	0
10	379	360	275	1047	4155	243.0	0	0	789	1200	0
10	376	358	273	1040	4157	243.0	0	0	789	1200	0
10	379	361	275	1047	4155	245.0	0	0	789	1200	0
10	377	358	273	1040	4149	242.0	0	0	789	1200	0
11	379	360	275	1047	4155	243.0	0	0	921	1200	1
11	377	358	273	1040	4149	242.0	0	0	921	1200	1
11	615	833	2020	3565	13905	0.0	0	0	921	1200	1
11	668	942	2427	4150	15233	0.0	0	0	921	1200	1
11	670	943	2426	4151	15186	0.0	0	0	921	1200	1
11	668	942	2427	4150	15233	0.0	0	0	921	1200	1
11	671	944	2429	4156	15183	0.0	0	0	921	1200	1
11	669	942	2428	4150	15218	0.0	0	0	921	1200	1
11	672	947	2440	4172	15224	0.0	0	0	921	1200	1
11	670	945	2440	4169	15266	0.0	0	0	921	1200	1
11	672	946	2438	4168	15213	0.0	0	0	921	1200	1
11	671	946	2441	4170	15251	0.0	0	0	921	1200	1
11	670	944	2436	4163	15243	0.0	0	0	921	1200	1
11	672	947	2443	4175	15241	0.0	0	0	921	1200	1
11	671	946	2439	4168	15239	0.0	0	0	921	1200	1
11	672	946	2437	4168	15207	0.0	0	0	921	1200	1
11	671	946	2441	4170	15251	0.0	0	0	921	1200	1
11	671	946	2439	4169	15239	0.0	0	0	921	1200	1
11	669	942	2426	4150	15207	0.0	0	0	921	1200	1
11	670	943	2429	4154	15203	0.0	0	0	921	1200	1
11	669	942	2425	4148	15201	0.0	0	0	921	1200	1
11	669	942	2425	4148	15201	0.0	0	0	921	1200	1
11	670	943	2429	4154	15203	0.0	0	0	921	1200	1
11	669	942	2425	4148	15201	0.0	0	0	921	1200	1
11	670	943	2427	4151	15192	0.0	0	0	921	1200	1
11	669	943	2429	4153	15224	0.0	0	0	921	1200	1
11	670	943	2426	4150	15186	0.0	0	0	921	1200	1
11	669	942	2425	4147	15201	0.0	0	0	921	1200	0
11	670	943	2429	4155	15203	0.0	0	0	921	1200	0
11	561	726	1628	2997	12447	0.0	0	0	921	1200	0
11	377	359	274	1042	4160	243.0	0	0	921	1200	0
11	379	361	275	1047	4155	245.0	0	0	921	1200	0
11	377	359	274	1042	4160	243.0	0	0	921	1200	0
11	379	361	275	1048	4155	245.0	0	0	921	1200	0
12	378	359	274	1043	4152	243.0	0	0	1052	1200	1
12	380	361	275	1050	4148	245.0	0	0	1052	1200	1
12	625	854	2100	3680	14192	0.0	0	0	1052	1200	1
12	693	988	2587	4387	15613	0.0	0	0	1052	1200	1
12	690	985	2583	4376	15653	0.0	0	0	1052	1200	1
12	693	988	2590	4390	15630	0.0	0	0	1052	1200	1
12	690	985	2585	4378	15664	0.0	0	0	1052	1200	1
12	692	987	2585	4382	15623	0.0	0	0	1052	1200	1
12	691	987	2595	4392	15699	0.0	0	0	1052	1200	1
12	693	989	2592	4393	15641	0.0	0	0	1052	1200	1
12	690	985	2588	4383	15681	0.0	0	0	1052	1200	1
12	694	990	2596	4398	15642	0.0	0	0	1052	1200	1
12	691	986	2590	4384	15671	0.0	0	0	1052	1200	1
12	693	988	2591	4390	15635	0.0	0	0	1052	1200	1
12	691	987	2591	4390	15677	0.0	0	0	1052	1200	1
12	690	985	2589	4381	15686	0.0	0	0	1052	1200	1
12	692	989	2596	4395	15684	0.0	0	0	1052	1200	1
12	689	985	2589	4381	15707	0.0	0	0	1052	1200	1
12	691	986	2587	4382	15655	0.0	0	0	1052	1200	1
12	689	985	2587	4379	15696	0.0	0	0	1052	1200	1
12	690	985	2583	4377	15653	0.0	0	0	1052	1200	1
12	689	984	2583	4373	15674	0.0	0	0	1052	1200	1
12	691	986	2589	4384	15666	0.0	0	0	1052	1200	1
12	688	983	2582	4372	15689	0.0	0	0	1052	1200	1
12	690	985	2584	4378	15659	0.0	0	0	1052	1200	1
12	689	985	2587	4379	15696	0.0	0	0	1052	1200	1
12	690	985	2584	4377	15659	0.0	0	0	1052	1200	1
12	689	984	2584	4375	15679	0.0	0	0	1052	1200	0
12	690	986	2588	4382	15681	0.0	0	0	1052	1200	0
12	553	711	1575	2920	12242	0.0	0	0	1052	1200	0
12	377	359	274	1041	4160	243.0	0	0	1052	1200	0
12	376	358	273	1040	4157	243.0	0	0	1052	1200	0
12	376	358	273	1039	4157	243.0	0	0	1052	1200	0
12	375	357	272	1036	4154	242.0	0	0	1052	1200	0
13	375	357	273	1038	4164	241.0	0	0	1184	1200	1
13	375	357	272	1037	4154	242.0	0	0	1184	1200	1
13	612	830	2016	3556	13941	0.0	0	0	1184	1200	1
13	710	1026	2742	4602	16105	0.0	0	0	1184	1200	1
13	711	1028	2745	4608	16100	0.0	0	0	1184	1200	1
13	710	1028	2748	4609	16137	0.0	0	0	1184	1200	1
13	711	1028	2743	4606	16089	0.0	0	0	1184	1200	1
13	709	1026	2743	4602	16131	0.0	0	0	1184	1200	1
13	712	1029	2749	4613	16101	0.0	0	0	1184	1200	1
13	709	1025	2741	4600	16120	0.0	0	0	1184	1200	1
13	711	1028	2743	4606	16089	0.0	0	0	1184	1200	1
13	710	1027	2747	4607	16131	0.0	0	0	1184	1200	1
13	712	1028	2743	4607	16069	0.0	0	0	1184	1200	1
13	709	1026	2741	4599	16120	0.0	0	0	1184	1200	1
13	712	1029	2748	4613	16095	0.0	0	0	1184	1200	1
13	709	1026	2742	4600	16125	0.0	0	0	1184	1200	1
13	712	1028	2743	4606	16069	0.0	0	0	1184	1200	1
13	712	1028	2744	4608	16074	0.0	0	0	1184	1200	1
13	709	1025	2741	4598	16120	0.0	0	0	1184	1200	1
13	712	1029	2748	4613	16095	0.0	0	0	1184	1200	1
13	709	1026	2744	4602	16136	0.0	0	0	1184	1200	1
13	711	1028	2743	4606	16089	0.0	0	0	1184	1200	1
13	710	1027	2746	4606	16126	0.0	0	0	1184	1200	1
13	712	1029	2746	4610	16085	0.0	0	0	1184	1200	1
13	709	1026	2742	4599	16125	0.0	0	0	1184	1200	1
13	712	1029	2748	4612	16095	0.0	0	0	1184	1200	1
13	709	1026	2744	4604	16136	0.0	0	0	1184	1200	1
13	711	1028	2743	4606	16089	0.0	0	0	1184	1200	0
13	710	1027	2747	4608	16131	0.0	0	0	1184	1200	0
13	574	755	1735	3151	12907	0.0	0	0	1184	1200	0
13	375	357	273	1038	4164	241.0	0	0	1184	1200	0
13	377	359	274	1042	4160	243.0	0	0	1184	1200	0
13	375	357	273	1038	4164	241.0	0	0	1184	1200	0
13	377	359	274	1042	4160	243.0	0	0	1184	1200	0
14	376	358	273	1039	4157	243.0	0	0	1315	1200	1
14	376	358	273	1039	4157	243.0	0	0	1315	1200	1
14	636	877	2191	3807	14516	0.0	0	0	1315	1200	1
14	731	1069	2901	4831	16511	0.0	0	0	1315	1200	1
14	732	1070	2904	4837	16506	0.0	0	0	1315	1200	1
14	732	1071	2905	4838	16511	0.0	0	0	1315	1200	1
14	731	1069	2900	4830	16505	0.0	0	0	1315	1200	1
14	732	1071	2905	4838	16511	0.0	0	0	1315	1200	1
14	731	1069	2900	4830	16505	0.0	0	0	1315	1200	1
14	731	1068	2896	4825	16485	0.0	0	0	1315	1200	1
14	731	1069	2900	4830	16505	0.0	0	0	1315	1200	1
14	732	1069	2898	4829	16474	0.0	0	0	1315	1200	1
14	730	1067	2895	4822	16500	0.0	0	0	1315	1200	1
14	732	1070	2901	4834	16490	0.0	0	0	1315	1200	1
14	730	1068	2897	4825	16510	0.0	0	0	1315	1200	1
14	732	1069	2896	4827	16464	0.0	0	0	1315	1200	1
14	730	1068	2900	4829	16526	0.0	0	0	1315	1200	1
14	732	1069	2897	4828	16469	0.0	0	0	1315	1200	1
14	729	1066	2894	4819	16516	0.0	0	0	1315	1200	1
14	730	1068	2900	4827	16526	0.0	0	0	1315	1200	1
14	732	1070	2901	4832	16490	0.0	0	0	1315	1200	1
14	730	1069	2905	4833	16552	0.0	0	0	1315	1200	1
14	732	1070	2901	4832	16490	0.0	0	0	1315	1200	1
14	729	1068	2900	4826	16547	0.0	0	0	1315	1200	1
14	733	1072	2907	4841	16501	0.0	0	0	1315	1200	1
14	730	1068	2899	4826	16521	0.0	0	0	1315	1200	1
14	732	1070	2901	4833	16490	0.0	0	0	1315	1200	1
14	730	1069	2905	4834	16552	0.0	0	0	1315	1200	1
14	732	1070	2901	4833	16490	0.0	0	0	1315	1200	0
14	580	768	1791	3228	13156	0.0	0	0	1315	1200	0
14	376	359	274	1041	4167	244.0	0	0	1315	1200	0
14	374	356	272	1035	4161	241.0	0	0	1315	1200	0
14	376	358	274	1041	4167	242.0	0	0	1315	1200	0
14	374	356	272	1035	4161	241.0	0	0	1315	1200	0
15	376	358	273	1040	4157	243.0	0	0	1447	1200	1
15	374	356	272	1035	4161	241.0	0	0	1447	1200	1
15	376	358	273	1039	4157	243.0	0	0	1447	1200	1
15	753	1113	3061	5062	16878	0.0	0	0	1447	1200	1
15	752	1113	3065	5065	16919	0.0	0	0	1447	1200	1
15	753	1113	3063	5064	16889	0.0	0	0	1447	1200	1
15	752	1112	3060	5058	16894	0.0	0	0	1447	1200	1
15	753	1114	3066	5069	16904	0.0	0	0	1447	1200	1
15	752	1112	3059	5059	16889	0.0	0	0	1447	1200	1
15	752	1110	3050	5048	16843	0.0	0	0	1447	1200	1
15	753	1112	3056	5056	16853	0.0	0	0	1447	1200	1
15	752	1111	3052	5051	16853	0.0	0	0	1447	1200	1
15	752	1111	3052	5050	16853	0.0	0	0	1447	1200	1
15	752	1111	3054	5052	16864	0.0	0	0	1447	1200	1
15	752	1111	3053	5052	16858	0.0	0	0	1447	1200	1
15	751	1109	3050	5045	16864	0.0	0	0	1447	1200	1
15	752	1111	3054	5053	16864	0.0	0	0	1447	1200	1
15	751	1110	3053	5049	16879	0.0	0	0	1447	1200	1
15	752	1110	3050	5048	16843	0.0	0	0	1447	1200	1
15	751	1110	3052	5048	16874	0.0	0	0	1447	1200	1
15	754	1114	3065	5069	16878	0.0	0	0	1447	1200	1
15	752	1114	3062	5058	16904	0.0	0	0	1447	1200	1
15	753	1113	3066	5067	16904	0.0	0	0	1447	1200	1
15	754	1113	3061	5064	16858	0.0	0	0	1447	1200	1
15	752	1111	3060	5058	16894	0.0	0	0	1447	1200	1
15	755	1115	3067	5073	16868	0.0	0	0	1447	1200	1
15	752	1112	3060	5059	16894	0.0	0	0	1447	1200	1
15	754	1114	3061	5064	16858	0.0	0	0	1447	1200	1
15	752	1113	3064	5064	16914	0.0	0	0	1447	1200	0
15	573	753	1727	3139	12874	0.0	0	0	1447	1200	0
15	374	357	272	1035	4161	242.0	0	0	1447	1200	0
15	377	359	274	1042	4160	243.0	0	0	1447	1200	0
15	374	357	272	1035	4161	242.0	0	0	1447	1200	0
15	377	359	274	1042	4160	243.0	0	0	1447	1200	0
15	374	356	272	1034	4161	241.0	0	0	1447	1200	0
16	376	359	274	1041	4167	244.0	0	0	1578	1200	1
16	374	356	272	1034	4161	241.0	0	0	1578	1200	1
16	663	932	2393	4099	15142	0.0	0	0	1578	1200	1
16	771	1150	3204	5266	17223	0.0	0	0	1578	1200	1
16	772	1152	3204	5269	17203	0.0	0	0	1578	1200	1
16	774	1153	3208	5274	17182	0.0	0	0	1578	1200	1
16	771	1150	3203	5264	17219	0.0	0	0	1578	1200	1
16	773	1153	3208	5276	17202	0.0	0	0	1578	1200	1
16	772	1151	3206	5269	17213	0.0	0	0	1578	1200	1
16	775	1156	3218	5290	17211	0.0	0	0	1578	1200	1
16	775	1156	3223	5294	17235	0.0	0	0	1578	1200	1
16	776	1158	3226	5301	17229	0.0	0	0	1578	1200	1
16	774	1155	3219	5290	17236	0.0	0	0	1578	1200	1
16	776	1157	3222	5297	17210	0.0	0	0	1578	1200	1
16	775	1157	3225	5300	17245	0.0	0	0	1578	1200	1
16	775	1156	3219	5292	17216	0.0	0	0	1578	1200	1
16	775	1156	3221	5294	17225	0.0	0	0	1578	1200	1
16	776	1158	3226	5302	17229	0.0	0	0	1578	1200	1
16	775	1156	3218	5290	17211	0.0	0	0	1578	1200	1
16	775	1156	3220	5293	17220	0.0	0	0	1578	1200	1
16	776	1158	3227	5303	17234	0.0	0	0	1578	1200	1
16	773	1151	3203	5268	17178	0.0	0	0	1578	1200	1
16	774	1153	3206	5273	17172	0.0	0	0	1578	1200	1
16	774	1152	3205	5272	17167	0.0	0	0	1578	1200	1
16	772	1151	3203	5267	17198	0.0	0	0	1578	1200	1
16	775	1154	3211	5281	17176	0.0	0	0	1578	1200	1
16	772	1151	3205	5270	17208	0.0	0	0	1578	1200	1
16	774	1152	3204	5271	17162	0.0	0	0	1578	1200	0
16	648	902	2286	3943	14831	0.0	0	0	1578	1200	0
16	377	359	274	1042	4160	243.0	0	0	1578	1200	0
16	375	357	272	1036	4154	242.0	0	0	1578	1200	0
16	377	359	274	1042	4160	243.0	0	0	1578	1200	0
16	374	357	272	1035	4161	242.0	0	0	1578	1200	0
16	376	358	274	1041	4167	242.0	0	0	1578	1200	0
17	374	356	272	1034	4161	241.0	0	0	1710	1200	1
17	376	359	274	1041	4167	244.0	0	0	1710	1200	1
17	646	900	2281	3935	14843	0.0	0	0	1710	1200	1
17	798	1202	3388	5537	17566	0.0	0	0	1710	1200	1
17	795	1199	3382	5523	17599	0.0	0	0	1710	1200	1
17	797	1201	3381	5527	17553	0.0	0	0	1710	1200	1
17	796	1200	3387	5530	17602	0.0	0	0	1710	1200	1
17	795	1197	3377	5517	17575	0.0	0	0	1710	1200	1
17	796	1197	3370	5510	17521	0.0	0	0	1710	1200	1
17	792	1192	3357	5488	17540	0.0	0	0	1710	1200	1
17	795	1195	3361	5497	17498	0.0	0	0	1710	1200	1
17	794	1195	3366	5501	17542	0.0	0	0	1710	1200	1
17	795	1195	3359	5495	17488	0.0	0	0	1710	1200	1
17	793	1193	3360	5492	17534	0.0	0	0	1710	1200	1
17	795	1195	3364	5502	17512	0.0	0	0	1710	1200	1
17	793	1192	3358	5489	17524	0.0	0	0	1710	1200	1
17	794	1195	3361	5497	17518	0.0	0	0	1710	1200	1
17	793	1194	3363	5496	17548	0.0	0	0	1710	1200	1
17	794	1194	3359	5493	17509	0.0	0	0	1710	1200	1
17	793	1193	3361	5493	17539	0.0	0	0	1710	1200	1
17	798	1201	3387	5533	17562	0.0	0	0	1710	1200	1
17	796	1199	3379	5521	17564	0.0	0	0	1710	1200	1
17	797	1201	3383	5529	17563	0.0	0	0	1710	1200	1
17	797	1201	3387	5533	17582	0.0	0	0	1710	1200	1
17	797	1200	3380	5524	17548	0.0	0	0	1710	1200	1
17	798	1201	3386	5533	17557	0.0	0	0	1710	1200	1
17	797	1199	3380	5523	17548	0.0	0	0	1710	1200	1
17	797	1199	3381	5524	17553	0.0	0	0	1710	1200	0
17	615	836	2037	3586	14010	0.0	0	0	1710	1200	0
17	376	358	273	1039	4157	243.0	0	0	1710	1200	0
17	377	359	274	1042	4160	243.0	0	0	1710	1200	0
17	376	358	273	1039	4157	243.0	0	0	1710	1200	0
17	377	359	274	1043	4160	243.0	0	0	1710	1200	0
17	376	358	273	1039	4157	243.0	0	0	1710	1200	0
18	378	359	274	1044	4152	243.0	0	0	1842	1200	1
18	376	358	273	1039	4157	243.0	0	0	1842	1200	1
18	656	916	2331	4012	14929	0.0	0	0	1842	1200	1
18	818	1243	3544	5760	17897	0.0	0	0	1842	1200	1
18	820	1245	3543	5761	17852	0.0	0	0	1842	1200	1
18	819	1244	3548	5765	17896	0.0	0	0	1842	1200	1
18	820	1244	3542	5760	17848	0.0	0	0	1842	1200	1
18	818	1242	3541	5755	17883	0.0	0	0	1842	1200	1
18	822	1247	3550	5773	17845	0.0	0	0	1842	1200	1
18	817	1238	3517	5734	17792	0.0	0	0	1842	1200	1
18	815	1237	3519	5723	17841	0.0	0	0	1842	1200	1
18	817	1237	3515	5722	17782	0.0	0	0	1842	1200	1
18	815	1235	3515	5718	17823	0.0	0	0	1842	1200	1
18	818	1240	3523	5734	17800	0.0	0	0	1842	1200	1
18	814	1235	3513	5715	17833	0.0	0	0	1842	1200	1
18	817	1238	3517	5725	17792	0.0	0	0	1842	1200	1
18	815	1236	3518	5722	17837	0.0	0	0	1842	1200	1
18	816	1237	3515	5721	17802	0.0	0	0	1842	1200	1
18	814	1235	3515	5718	17843	0.0	0	0	1842	1200	1
18	817	1238	3520	5728	17806	0.0	0	0	1842	1200	1
18	818	1243	3541	5755	17883	0.0	0	0	1842	1200	1
18	820	1244	3541	5757	17843	0.0	0	0	1842	1200	1
18	819	1244	3548	5765	17896	0.0	0	0	1842	1200	1
18	820	1244	3542	5760	17848	0.0	0	0	1842	1200	1
18	819	1243	3543	5758	17873	0.0	0	0	1842	1200	1
18	821	1246	3549	5770	17860	0.0	0	0	1842	1200	1
18	819	1243	3541	5756	17863	0.0	0	0	1842	1200	1
18	820	1245	3548	5763	17876	0.0	0	0	1842	1200	0
18	602	810	1937	3443	13650	0.0	0	0	1842	1200	0
18	377	358	273	1041	4149	242.0	0	0	1842	1200	0
18	377	359	274	1042	4160	243.0	0	0	1842	1200	0
18	377	359	273	1041	4149	244.0	0	0	1842	1200	0
18	377	359	274	1041	4160	243.0	0	0	1842	1200	0
18	377	359	273	1041	4149	244.0	0	0	1842	1200	0
19	376	358	273	1040	4157	243.0	0	0	1973	1200	1
19	376	358	273	1041	4157	243.0	0	0	1973	1200	1
19	713	1032	2763	4632	16155	0.0	0	0	1973	1200	1
19	836	1278	3669	5941	18112	0.0	0	0	1973	1200	1
19	836	1279	3676	5949	18144	0.0	0	0	1973	1200	1
19	836	1279	3673	5947	18130	0.0	0	0	1973	1200	1
19	835	1277	3668	5938	18127	0.0	0	0	1973	1200	1
19	837	1279	3673	5947	18110	0.0	0	0	1973	1200	1
19	835	1277	3671	5941	18141	0.0	0	0	1973	1200	1
19	836	1278	3669	5942	18112	0.0	0	0	1973	1200	1
19	835	1278	3672	5943	18145	0.0	0	0	1973	1200	1
19	841	1289	3708	5997	18189	0.0	0	0	1973	1200	1
19	841	1288	3707	5995	18184	0.0	0	0	1973	1200	1
19	838	1286	3705	5988	18235	0.0	0	0	1973	1200	1
19	839	1286	3701	5985	18197	0.0	0	0	1973	1200	1
19	838	1285	3706	5988	18240	0.0	0	0	1973	1200	1
19	840	1287	3705	5991	18195	0.0	0	0	1973	1200	1
19	837	1284	3700	5980	18233	0.0	0	0	1973	1200	1
19	841	1289	3709	5998	18193	0.0	0	0	1973	1200	1
19	838	1285	3702	5985	18222	0.0	0	0	1973	1200	1
19	840	1287	3700	5987	18173	0.0	0	0	1973	1200	1
19	839	1287	3708	5994	18229	0.0	0	0	1973	1200	1
19	837	1279	3669	5942	18092	0.0	0	0	1973	1200	1
19	835	1278	3672	5943	18145	0.0	0	0	1973	1200	1
19	837	1280	3672	5947	18105	0.0	0	0	1973	1200	1
19	835	1277	3667	5937	18123	0.0	0	0	1973	1200	1
19	838	1281	3675	5951	18099	0.0	0	0	1973	1200	1
19	835	1277	3668	5939	18127	0.0	0	0	1973	1200	0
19	838	1280	3673	5949	18090	0.0	0	0	1973	1200	0
19	723	1053	2839	4742	16351	0.0	0	0	1973	1200	0
19	376	358	273	1039	4157	243.0	0	0	1973	1200	0
19	377	359	274	1044	4160	243.0	0	0	1973	1200	0
19	376	358	273	1040	4157	243.0	0	0	1973	1200	0
19	377	359	274	1043	4160	243.0	0	0	1973	1200	0
20	376	358	273	1040	4157	243.0	0	0	2105	1200	1
20	377	359	274	1042	4160	243.0	0	0	2105	1200	1
20	653	913	2323	3999	14944	0.0	0	0	2105	1200	1
20	864	1333	3873	6236	18469	0.0	0	0	2105	1200	1
20	862	1331	3865	6223	18474	0.0	0	0	2105	1200	1
20	863	1331	3867	6226	18463	0.0	0	0	2105	1200	1
20	863	1332	3872	6233	18485	0.0	0	0	2105	1200	1
20	862	1331	3865	6223	18474	0.0	0	0	2105	1200	1
20	862	1331	3867	6226	18482	0.0	0	0	2105	1200	1
20	862	1332	3870	6229	18496	0.0	0	0	2105	1200	1
20	856	1319	3825	6164	18415	0.0	0	0	2105	1200	1
20	856	1320	3829	6170	18433	0.0	0	0	2105	1200	1
20	857	1320	3827	6168	18404	0.0	0	0	2105	1200	1
20	855	1318	3824	6161	18431	0.0	0	0	2105	1200	1
20	856	1319	3826	6165	18420	0.0	0	0	2105	1200	1
20	857	1320	3825	6166	18395	0.0	0	0	2105	1200	1
20	856	1320	3829	6169	18433	0.0	0	0	2105	1200	1
20	858	1322	3831	6175	18402	0.0	0	0	2105	1200	1
20	855	1318	3824	6161	18431	0.0	0	0	2105	1200	1
20	858	1322	3831	6175	18402	0.0	0	0	2105	1200	1
20	856	1319	3824	6164	18411	0.0	0	0	2105	1200	1
20	864	1331	3860	6221	18412	0.0	0	0	2105	1200	1
20	865	1333	3871	6234	18441	0.0	0	0	2105	1200	1
20	867	1334	3869	6235	18393	0.0	0	0	2105	1200	1
20	864	1331	3864	6225	18430	0.0	0	0	2105	1200	1
20	867	1336	3873	6242	18410	0.0	0	0	2105	1200	1
20	864	1332	3866	6227	18438	0.0	0	0	2105	1200	1
20	867	1334	3867	6234	18384	0.0	0	0	2105	1200	0
20	865	1334	3872	6237	18445	0.0	0	0	2105	1200	0
20	658	917	2325	4009	14853	0.0	0	0	2105	1200	0
20	379	359	274	1044	4145	243.0	0	0	2105	1200	0
20	381	362	276	1052	4151	245.0	0	0	2105	1200	0
20	382	363	276	1054	4143	246.0	0	0	2105	1200	0
20	380	361	275	1048	4148	245.0	0	0	2105	1200	0
21	383	363	277	1056	4146	245.0	0	0	2236	1200	1
21	381	362	275	1051	4141	246.0	0	0	2236	1200	1
21	667	931	2370	4078	14928	0.0	0	0	2236	1200	1
21	889	1378	4027	6466	18649	0.0	0	0	2236	1200	1
21	892	1382	4035	6481	18625	0.0	0	0	2236	1200	1
21	890	1380	4033	6474	18655	0.0	0	0	2236	1200	1
21	891	1380	4028	6470	18615	0.0	0	0	2236	1200	1
21	890	1380	4034	6475	18660	0.0	0	0	2236	1200	1
21	891	1381	4033	6477	18636	0.0	0	0	2236	1200	1
21	889	1378	4027	6464	18649	0.0	0	0	2236	1200	1
21	885	1369	3989	6412	18563	0.0	0	0	2236	1200	1
21	883	1366	3984	6403	18581	0.0	0	0	2236	1200	1
21	884	1367	3984	6404	18561	0.0	0	0	2236	1200	1
21	884	1368	3988	6411	18579	0.0	0	0	2236	1200	1
21	884	1367	3984	6405	18561	0.0	0	0	2236	1200	1
21	884	1367	3983	6403	18557	0.0	0	0	2236	1200	1
21	884	1368	3985	6420	18566	0.0	0	0	2236	1200	1
21	884	1367	3983	6405	18557	0.0	0	0	2236	1200	1
21	885	1368	3989	6412	18563	0.0	0	0	2236	1200	1
21	885	1369	3990	6413	18568	0.0	0	0	2236	1200	1
21	884	1367	3983	6405	18557	0.0	0	0	2236	1200	1
21	890	1380	4033	6475	18655	0.0	0	0	2236	1200	1
21	891	1381	4034	6478	18640	0.0	0	0	2236	1200	1
21	889	1377	4021	6458	18623	0.0	0	0	2236	1200	1
21	891	1381	4034	6478	18640	0.0	0	0	2236	1200	1
21	889	1379	4032	6471	18671	0.0	0	0	2236	1200	1
21	890	1379	4027	6467	18630	0.0	0	0	2236	1200	1
21	889	1379	4032	6472	18671	0.0	0	0	2236	1200	0
21	890	1380	4032	6475	18651	0.0	0	0	2236	1200	0
21	643	887	2215	3850	14515	0.0	0	0	2236	1200	0
21	382	363	277	1055	4153	246.0	0	0	2236	1200	0
21	380	361	275	1050	4148	245.0	0	0	2236	1200	0
21	383	364	277	1056	4146	247.0	0	0	2236	1200	0
21	380	362	275	1050	4148	246.0	0	0	2236	1200	0
22	383	364	275	1056	4126	248.0	0	0	2368	1200	1
22	383	364	277	1057	4146	247.0	0	0	2368	1200	1
22	769	1139	3148	5196	16987	0.0	0	0	2368	1200	1
22	906	1411	4142	6635	18809	0.0	0	0	2368	1200	1
22	904	1410	4146	6636	18864	0.0	0	0	2368	1200	1
22	906	1411	4143	6636	18813	0.0	0	0	2368	1200	1
22	904	1410	4146	6636	18864	0.0	0	0	2368	1200	1
22	907	1412	4146	6641	18806	0.0	0	0	2368	1200	1
22	904	1409	4143	6632	18852	0.0	0	0	2368	1200	1
22	906	1411	4141	6634	18805	0.0	0	0	2368	1200	1
22	905	1410	4148	6639	18853	0.0	0	0	2368	1200	1
22	907	1412	4147	6642	18811	0.0	0	0	2368	1200	1
22	911	1423	4194	6706	18931	0.0	0	0	2368	1200	1
22	913	1424	4191	6705	18880	0.0	0	0	2368	1200	1
22	910	1422	4189	6699	18929	0.0	0	0	2368	1200	1
22	913	1425	4197	6714	18905	0.0	0	0	2368	1200	1
22	910	1422	4189	6699	18929	0.0	0	0	2368	1200	1
22	913	1425	4195	6711	18896	0.0	0	0	2368	1200	1
22	911	1424	4197	6710	18943	0.0	0	0	2368	1200	1
22	911	1422	4191	6702	18918	0.0	0	0	2368	1200	1
22	913	1425	4198	6714	18909	0.0	0	0	2368	1200	1
22	911	1423	4194	6705	18931	0.0	0	0	2368	1200	1
22	910	1420	4178	6685	18883	0.0	0	0	2368	1200	1
22	904	1410	4144	6634	18856	0.0	0	0	2368	1200	1
22	905	1410	4141	6633	18824	0.0	0	0	2368	1200	1
22	904	1408	4139	6627	18835	0.0	0	0	2368	1200	1
22	905	1410	4144	6635	18837	0.0	0	0	2368	1200	1
22	904	1409	4143	6632	18852	0.0	0	0	2368	1200	1
22	905	1409	4140	6630	18820	0.0	0	0	2368	1200	0
22	804	1208	3398	5557	17493	0.0	0	0	2368	1200	0
22	381	363	276	1053	4151	247.0	0	0	2368	1200	0
22	381	362	275	1051	4141	246.0	0	0	2368	1200	0
22	381	362	276	1052	4151	245.0	0	0	2368	1200	0
22	381	362	276	1051	4151	245.0	0	0	2368	1200	0
23	381	362	276	1052	4151	245.0	0	0	2500	1200	1
23	381	362	276	1052	4151	245.0	0	0	2500	1200	1
23	381	362	276	1052	4151	245.0	0	0	2500	1200	1
23	933	1466	4351	6933	19158	0.0	0	0	2500	1200	1
23	934	1467	4355	6940	19156	0.0	0	0	2500	1200	1
23	934	1468	4361	6947	19180	0.0	0	0	2500	1200	1
23	935	1469	4361	6948	19161	0.0	0	0	2500	1200	1
23	933	1466	4354	6936	19171	0.0	0	0	2500	1200	1
23	935	1469	4359	6946	19153	0.0	0	0	2500	1200	1
23	934	1468	4361	6947	19180	0.0	0	0	2500	1200	1
23	934	1468	4357	6943	19164	0.0	0	0	2500	1200	1
23	926	1452	4301	6860	19087	0.0	0	0	2500	1200	1
23	927	1453	4303	6866	19076	0.0	0	0	2500	1200	1
23	925	1451	4298	6856	19094	0.0	0	0	2500	1200	1
23	927	1453	4301	6862	19068	0.0	0	0	2500	1200	1
23	926	1452	4303	6863	19095	0.0	0	0	2500	1200	1
23	927	1453	4299	6861	19060	0.0	0	0	2500	1200	1
23	925	1451	4298	6856	19094	0.0	0	0	2500	1200	1
23	928	1454	4304	6869	19061	0.0	0	0	2500	1200	1
23	925	1451	4297	6854	19089	0.0	0	0	2500	1200	1
23	928	1455	4306	6871	19069	0.0	0	0	2500	1200	1
23	927	1453	4299	6861	19060	0.0	0	0	2500	1200	1
23	932	1466	4353	6934	19185	0.0	0	0	2500	1200	1
23	935	1468	4354	6940	19132	0.0	0	0	2500	1200	1
23	933	1467	4358	6943	19187	0.0	0	0	2500	1200	1
23	935	1468	4354	6941	19132	0.0	0	0	2500	1200	1
23	933	1467	4359	6943	19191	0.0	0	0	2500	1200	1
23	935	1468	4354	6940	19132	0.0	0	0	2500	1200	1
