Stim	R	G	B	C	Temp	HueLux	Yellow	Red	Blue	Blue2	Trig
1	322	404	206	975	3828	382.0	0	0	0	0	1
1	324	407	208	982	3836	384.0	0	0	0	0	1
1	322	404	206	975	3828	382.0	0	0	0	0	1
1	324	407	208	982	3836	384.0	0	0	0	0	1
1	322	404	206	975	3828	382.0	0	0	0	0	1
1	324	407	208	982	3836	384.0	0	0	0	0	1
1	322	404	206	975	3828	382.0	0	0	0	0	1
1	324	406	208	981	3836	383.0	0	0	0	0	1
1	321	403	206	974	3836	381.0	0	0	0	0	1
1	324	406	207	981	3825	384.0	0	0	0	0	1
1	321	404	206	974	3836	382.0	0	0	0	0	1
1	322	404	206	975	3828	382.0	0	0	0	0	1
1	323	406	207	980	3832	384.0	0	0	0	0	1
1	322	404	206	975	3828	382.0	0	0	0	0	1
1	324	406	207	981	3825	384.0	0	0	0	0	1
1	322	404	206	976	3828	382.0	0	0	0	0	1
1	324	406	207	981	3825	384.0	0	0	0	0	1
1	322	404	206	976	3828	382.0	0	0	0	0	1
1	324	406	207	981	3825	384.0	0	0	0	0	1
1	322	404	207	976	3840	381.0	0	0	0	0	1
1	324	406	207	981	3825	384.0	0	0	0	0	1
1	322	405	207	977	3840	383.0	0	0	0	0	1
1	323	406	207	980	3832	384.0	0	0	0	0	1
1	322	405	207	977	3840	383.0	0	0	0	0	1
1	323	406	207	980	3832	384.0	0	0	0	0	1
1	322	404	207	976	3840	381.0	0	0	0	0	1
1	323	406	207	979	3832	384.0	0	0	0	0	1
1	322	405	207	977	3840	383.0	0	0	0	0	0
1	323	406	207	979	3832	384.0	0	0	0	0	0
1	323	406	207	979	3832	384.0	0	0	0	0	0
1	323	405	207	978	3832	382.0	0	0	0	0	0
1	323	405	207	978	3832	382.0	0	0	0	0	0
1	323	406	207	979	3832	384.0	0	0	0	0	0
1	323	406	207	980	3832	384.0	0	0	0	0	0
2	324	406	207	981	3825	384.0	0	0	0	0	1
2	323	405	207	978	3832	382.0	0	0	0	0	1
2	323	406	207	979	3832	384.0	0	0	0	0	1
2	322	405	207	977	3840	383.0	0	0	0	0	1
2	323	406	207	979	3832	384.0	0	0	0	0	1
2	322	405	207	976	3840	383.0	0	0	0	0	1
2	323	406	207	980	3832	384.0	0	0	0	0	1
2	322	404	207	976	3840	381.0	0	0	0	0	1
2	323	406	207	980	3832	384.0	0	0	0	0	1
2	322	404	206	975	3828	382.0	0	0	0	0	1
2	323	406	207	981	3832	384.0	0	0	0	0	1
2	322	404	206	975	3828	382.0	0	0	0	0	1
2	324	406	207	981	3825	384.0	0	0	0	0	1
2	324	407	208	981	3836	384.0	0	0	0	0	1
2	322	404	206	975	3828	382.0	0	0	0	0	1
2	324	407	208	982	3836	384.0	0	0	0	0	1
2	322	405	207	976	3840	383.0	0	0	0	0	1
2	324	407	208	983	3836	384.0	0	0	0	0	1
2	322	404	206	976	3828	382.0	0	0	0	0	1
2	324	407	208	982	3836	384.0	0	0	0	0	1
2	322	404	206	975	3828	382.0	0	0	0	0	1
2	324	407	208	982	3836	384.0	0	0	0	0	1
2	322	404	206	975	3828	382.0	0	0	0	0	1
2	324	407	208	981	3836	384.0	0	0	0	0	1
2	322	404	206	975	3828	382.0	0	0	0	0	1
2	324	407	208	982	3836	384.0	0	0	0	0	1
2	322	405	207	977	3840	383.0	0	0	0	0	1
2	325	408	208	985	3829	386.0	0	0	0	0	0
2	323	406	207	979	3832	384.0	0	0	0	0	0
2	325	409	208	986	3829	387.0	0	0	0	0	0
2	324	406	207	980	3825	384.0	0	0	0	0	0
2	324	407	207	981	3825	385.0	0	0	0	0	0
2	326	409	208	987	3821	387.0	0	0	0	0	0
2	324	407	207	982	3825	385.0	0	0	0	0	0
3	326	409	208	987	3821	387.0	0	0	0	0	1
3	324	407	208	983	3836	384.0	0	0	0	0	1
3	326	410	209	988	3833	388.0	0	0	0	0	1
3	325	408	208	984	3829	386.0	0	0	0	0	1
3	326	409	209	988	3833	386.0	0	0	0	0	1
3	325	408	208	984	3829	386.0	0	0	0	0	1
3	326	409	209	988	3833	386.0	0	0	0	0	1
3	325	408	208	985	3829	386.0	0	0	0	0	1
3	325	409	208	986	3829	387.0	0	0	0	0	1
3	325	408	208	985	3829	386.0	0	0	0	0	1
3	325	409	208	986	3829	387.0	0	0	0	0	1
3	325	409	208	985	3829	387.0	0	0	0	0	1
3	326	409	208	986	3821	387.0	0	0	0	0	1
3	326	409	208	987	3821	387.0	0	0	0	0	1
3	326	409	208	986	3821	387.0	0	0	0	0	1
3	326	409	208	988	3821	387.0	0	0	0	0	1
3	326	410	209	988	3833	388.0	0	0	0	0	1
3	326	409	208	986	3821	387.0	0	0	0	0	1
3	327	410	209	989	3826	387.0	0	0	0	0	1
3	326	409	208	986	3821	387.0	0	0	0	0	1
3	327	410	209	989	3826	387.0	0	0	0	0	1
3	325	408	208	985	3829	386.0	0	0	0	0	1
3	327	410	209	990	3826	387.0	0	0	0	0	1
3	325	408	208	985	3829	386.0	0	0	0	0	1
3	327	411	209	990	3826	389.0	0	0	0	0	1
3	325	408	208	985	3829	386.0	0	0	0	0	1
3	327	411	209	991	3826	389.0	0	0	0	0	1
3	325	408	208	984	3829	386.0	0	0	0	0	0
3	327	411	209	991	3826	389.0	0	0	0	0	0
3	325	408	208	984	3829	386.0	0	0	0	0	0
3	327	410	209	990	3826	387.0	0	0	0	0	0
3	325	408	208	983	3829	386.0	0	0	0	0	0
3	327	410	209	990	3826	387.0	0	0	0	0	0
3	325	407	208	983	3829	384.0	0	0	0	0	0
4	325	408	208	983	3829	386.0	0	0	0	0	1
4	327	410	209	990	3826	387.0	0	0	0	0	1
4	325	407	207	983	3817	385.0	0	0	0	0	1
4	327	410	209	989	3826	387.0	0	0	0	0	1
4	324	407	207	982	3825	385.0	0	0	0	0	1
4	327	410	209	989	3826	387.0	0	0	0	0	1
4	324	407	207	983	3825	385.0	0	0	0	0	1
4	326	410	209	989	3833	388.0	0	0	0	0	1
4	325	407	208	983	3829	384.0	0	0	0	0	1
4	326	410	209	988	3833	388.0	0	0	0	0	1
4	324	407	207	982	3825	385.0	0	0	0	0	1
4	326	409	208	986	3821	387.0	0	0	0	0	1
4	324	407	207	981	3825	385.0	0	0	0	0	1
4	325	408	208	985	3829	386.0	0	0	0	0	1
4	324	406	207	980	3825	384.0	0	0	0	0	1
4	325	408	208	984	3829	386.0	0	0	0	0	1
4	324	406	207	981	3825	384.0	0	0	0	0	1
4	325	408	208	983	3829	386.0	0	0	0	0	1
4	325	407	208	983	3829	384.0	0	0	0	0	1
4	324	407	208	982	3836	384.0	0	0	0	0	1
4	325	408	208	984	3829	386.0	0	0	0	0	1
4	325	407	208	983	3829	384.0	0	0	0	0	1
4	324	407	208	983	3836	384.0	0	0	0	0	1
4	325	407	208	983	3829	384.0	0	0	0	0	1
4	324	407	208	982	3836	384.0	0	0	0	0	1
4	325	408	208	984	3829	386.0	0	0	0	0	1
4	324	407	208	982	3836	384.0	0	0	0	0	1
4	325	408	208	985	3829	386.0	0	0	0	0	0
4	324	407	207	982	3825	385.0	0	0	0	0	0
4	325	408	208	985	3829	386.0	0	0	0	0	0
4	324	406	207	981	3825	384.0	0	0	0	0	0
4	325	408	208	985	3829	386.0	0	0	0	0	0
4	324	406	207	980	3825	384.0	0	0	0	0	0
4	325	408	208	985	3829	386.0	0	0	0	0	0
5	323	406	207	979	3832	384.0	0	0	131	0	1
5	325	408	208	985	3829	386.0	0	0	131	0	1
5	325	409	210	987	3852	386.0	0	0	131	0	1
5	323	406	208	981	3844	383.0	0	0	131	0	1
5	325	409	210	987	3852	386.0	0	0	131	0	1
5	323	406	208	981	3844	383.0	0	0	131	0	1
5	325	409	210	988	3852	386.0	0	0	131	0	1
5	323	406	208	981	3844	383.0	0	0	131	0	1
5	325	409	210	988	3852	386.0	0	0	131	0	1
5	323	406	208	981	3844	383.0	0	0	131	0	1
5	325	409	210	987	3852	386.0	0	0	131	0	1
5	323	406	208	981	3844	383.0	0	0	131	0	1
5	325	409	210	988	3852	386.0	0	0	131	0	1
5	323	406	208	981	3844	383.0	0	0	131	0	1
5	325	409	210	987	3852	386.0	0	0	131	0	1
5	323	406	208	981	3844	383.0	0	0	131	0	1
5	325	409	210	987	3852	386.0	0	0	131	0	1
5	323	406	208	980	3844	383.0	0	0	131	0	1
5	325	409	210	987	3852	386.0	0	0	131	0	1
5	323	406	208	981	3844	383.0	0	0	131	0	1
5	324	407	209	982	3848	384.0	0	0	131	0	1
5	325	409	210	987	3852	386.0	0	0	131	0	1
5	324	407	209	982	3848	384.0	0	0	131	0	1
5	325	409	210	987	3852	386.0	0	0	131	0	1
5	324	407	209	982	3848	384.0	0	0	131	0	1
5	325	409	210	987	3852	386.0	0	0	131	0	1
5	324	407	209	983	3848	384.0	0	0	131	0	1
5	325	408	209	986	3841	385.0	0	0	131	0	0
5	324	407	209	983	3848	384.0	0	0	131	0	0
5	325	407	208	983	3829	384.0	0	0	131	0	0
5	324	406	207	980	3825	384.0	0	0	131	0	0
5	324	407	208	982	3836	384.0	0	0	131	0	0
5	324	406	207	981	3825	384.0	0	0	131	0	0
5	324	407	208	982	3836	384.0	0	0	131	0	0
6	324	407	207	981	3825	385.0	0	0	263	0	1
6	324	407	207	982	3825	385.0	0	0	263	0	1
6	324	407	207	981	3825	385.0	0	0	263	0	1
6	325	411	217	997	3934	384.0	0	0	263	0	1
6	325	411	217	997	3934	384.0	0	0	263	0	1
6	326	412	218	998	3938	384.0	0	0	263	0	1
6	325	411	217	996	3934	384.0	0	0	263	0	1
6	326	412	218	999	3938	384.0	0	0	263	0	1
6	325	411	217	997	3934	384.0	0	0	263	0	1
6	326	412	218	1000	3938	384.0	0	0	263	0	1
6	325	411	217	996	3934	384.0	0	0	263	0	1
6	326	413	218	1001	3938	386.0	0	0	263	0	1
6	325	411	217	996	3934	384.0	0	0	263	0	1
6	326	413	218	1001	3938	386.0	0	0	263	0	1
6	325	411	218	996	3946	383.0	0	0	263	0	1
6	326	413	219	1001	3950	385.0	0	0	263	0	1
6	324	410	217	995	3942	383.0	0	0	263	0	1
6	326	413	219	1002	3950	385.0	0	0	263	0	1
6	325	411	218	996	3946	383.0	0	0	263	0	1
6	327	413	219	1002	3942	385.0	0	0	263	0	1
6	325	411	218	996	3946	383.0	0	0	263	0	1
6	327	413	219	1002	3942	385.0	0	0	263	0	1
6	325	413	219	996	3958	386.0	0	0	263	0	1
6	324	410	217	995	3942	383.0	0	0	263	0	1
6	327	413	219	1002	3942	385.0	0	0	263	0	1
6	325	410	217	995	3934	382.0	0	0	263	0	1
6	327	413	219	1002	3942	385.0	0	0	263	0	1
6	325	410	217	996	3934	382.0	0	0	263	0	0
6	327	413	219	1002	3942	385.0	0	0	263	0	0
6	323	406	207	979	3832	384.0	0	0	263	0	0
6	325	408	208	986	3829	386.0	0	0	263	0	0
6	323	406	207	979	3832	384.0	0	0	263	0	0
6	325	408	208	985	3829	386.0	0	0	263	0	0
6	323	405	207	979	3832	382.0	0	0	263	0	0
7	325	408	208	984	3829	386.0	0	0	394	0	1
7	323	405	207	979	3832	382.0	0	0	394	0	1
7	325	408	208	984	3829	386.0	0	0	394	0	1
7	326	414	225	1009	4020	382.0	0	0	394	0	1
7	328	418	229	1017	4051	385.0	0	0	394	0	1
7	326	415	227	1012	4043	383.0	0	0	394	0	1
7	328	417	228	1016	4039	384.0	0	0	394	0	1
7	327	417	228	1015	4047	385.0	0	0	394	0	1
7	327	416	227	1012	4035	384.0	0	0	394	0	1
7	328	417	228	1015	4039	384.0	0	0	394	0	1
7	327	416	227	1014	4035	384.0	0	0	394	0	1
7	327	417	228	1015	4047	385.0	0	0	394	0	1
7	327	416	227	1014	4035	384.0	0	0	394	0	1
7	327	417	227	1015	4035	385.0	0	0	394	0	1
7	327	416	227	1014	4035	384.0	0	0	394	0	1
7	327	417	228	1015	4047	385.0	0	0	394	0	1
7	327	417	228	1016	4047	385.0	0	0	394	0	1
7	327	416	228	1014	4047	383.0	0	0	394	0	1
7	327	417	228	1015	4047	385.0	0	0	394	0	1
7	327	416	228	1013	4047	383.0	0	0	394	0	1
7	327	417	228	1016	4047	385.0	0	0	394	0	1
7	326	416	228	1013	4055	383.0	0	0	394	0	1
7	328	417	228	1017	4039	384.0	0	0	394	0	1
7	326	416	228	1013	4055	383.0	0	0	394	0	1
7	328	417	228	1017	4039	384.0	0	0	394	0	1
7	328	418	229	1018	4051	385.0	0	0	394	0	1
7	326	415	227	1011	4043	383.0	0	0	394	0	1
7	328	417	228	1016	4039	384.0	0	0	394	0	1
7	326	415	227	1011	4043	383.0	0	0	394	0	0
7	325	408	208	985	3829	386.0	0	0	394	0	0
7	323	406	207	979	3832	384.0	0	0	394	0	0
7	326	409	208	987	3821	387.0	0	0	394	0	0
7	324	406	207	980	3825	384.0	0	0	394	0	0
7	326	409	209	987	3833	386.0	0	0	394	0	0
8	324	407	207	981	3825	385.0	0	0	526	0	1
8	326	409	209	988	3833	386.0	0	0	526	0	1
8	324	407	207	981	3825	385.0	0	0	526	0	1
8	330	423	238	1035	4138	386.0	0	0	526	0	1
8	328	421	237	1030	4143	384.0	0	0	526	0	1
8	330	424	239	1036	4150	387.0	0	0	526	0	1
8	328	421	237	1030	4143	384.0	0	0	526	0	1
8	330	424	239	1037	4150	387.0	0	0	526	0	1
8	328	421	237	1030	4143	384.0	0	0	526	0	1
8	329	421	237	1031	4135	384.0	0	0	526	0	1
8	331	424	239	1037	4142	386.0	0	0	526	0	1
8	329	422	238	1032	4147	385.0	0	0	526	0	1
8	331	424	239	1038	4142	386.0	0	0	526	0	1
8	329	422	238	1033	4147	385.0	0	0	526	0	1
8	331	424	239	1038	4142	386.0	0	0	526	0	1
8	330	423	239	1035	4150	385.0	0	0	526	0	1
8	331	425	240	1039	4153	387.0	0	0	526	0	1
8	329	423	239	1034	4158	385.0	0	0	526	0	1
8	331	424	240	1038	4153	386.0	0	0	526	0	1
8	330	423	239	1035	4150	385.0	0	0	526	0	1
8	330	424	240	1038	4161	386.0	0	0	526	0	1
8	330	423	239	1035	4150	385.0	0	0	526	0	1
8	330	424	239	1037	4150	387.0	0	0	526	0	1
8	330	423	239	1036	4150	385.0	0	0	526	0	1
8	330	424	239	1037	4150	387.0	0	0	526	0	1
8	330	423	239	1036	4150	385.0	0	0	526	0	1
8	330	424	239	1036	4150	387.0	0	0	526	0	1
8	330	423	238	1034	4138	386.0	0	0	526	0	1
8	330	423	238	1035	4138	386.0	0	0	526	0	0
8	326	410	210	989	3845	387.0	0	0	526	0	0
8	326	409	208	987	3821	387.0	0	0	526	0	0
8	325	408	208	985	3829	386.0	0	0	526	0	0
8	326	409	208	988	3821	387.0	0	0	526	0	0
8	325	408	208	984	3829	386.0	0	0	526	0	0
8	326	409	208	987	3821	387.0	0	0	526	0	0
9	325	408	208	983	3829	386.0	0	0	657	0	1
9	326	409	208	987	3821	387.0	0	0	657	0	1
9	330	426	247	1047	4242	384.0	0	0	657	0	1
9	332	429	249	1054	4248	387.0	0	0	657	0	1
9	331	427	248	1049	4245	384.0	0	0	657	0	1
9	332	429	249	1054	4248	387.0	0	0	657	0	1
9	330	427	248	1049	4254	385.0	0	0	657	0	1
9	332	429	249	1055	4248	387.0	0	0	657	0	1
9	331	427	248	1049	4245	384.0	0	0	657	0	1
9	333	430	249	1055	4239	388.0	0	0	657	0	1
9	333	430	249	1055	4239	388.0	0	0	657	0	1
9	330	427	248	1048	4254	385.0	0	0	657	0	1
9	332	430	249	1055	4248	388.0	0	0	657	0	1
9	330	426	248	1048	4254	383.0	0	0	657	0	1
9	333	430	251	1057	4262	386.0	0	0	657	0	1
9	330	427	249	1050	4265	384.0	0	0	657	0	1
9	332	430	250	1056	4259	387.0	0	0	657	0	1
9	330	427	249	1050	4265	384.0	0	0	657	0	1
9	332	430	251	1057	4271	387.0	0	0	657	0	1
9	330	427	249	1050	4265	384.0	0	0	657	0	1
9	332	430	250	1056	4259	387.0	0	0	657	0	1
9	330	427	249	1050	4265	384.0	0	0	657	0	1
9	332	430	251	1057	4271	387.0	0	0	657	0	1
9	331	428	249	1051	4257	385.0	0	0	657	0	1
9	332	430	251	1057	4271	387.0	0	0	657	0	1
9	331	427	249	1050	4257	384.0	0	0	657	0	1
9	332	429	249	1054	4248	387.0	0	0	657	0	1
9	331	427	248	1049	4245	384.0	0	0	657	0	0
9	332	408	208	1053	3777	383.0	0	0	657	0	0
9	326	409	208	987	3821	387.0	0	0	657	0	0
9	325	408	208	984	3829	386.0	0	0	657	0	0
9	326	409	208	987	3821	387.0	0	0	657	0	0
9	325	408	208	984	3829	386.0	0	0	657	0	0
9	325	409	208	986	3829	387.0	0	0	657	0	0
10	325	408	208	984	3829	386.0	0	0	789	0	1
10	325	409	208	986	3829	387.0	0	0	789	0	1
10	332	429	251	1055	4271	385.0	0	0	789	0	1
10	333	434	261	1071	4377	385.0	0	0	789	0	1
10	333	433	260	1070	4365	385.0	0	0	789	0	1
10	332	432	259	1067	4363	384.0	0	0	789	0	1
10	333	433	259	1070	4354	385.0	0	0	789	0	1
10	332	432	259	1067	4363	384.0	0	0	789	0	1
10	333	433	259	1069	4354	385.0	0	0	789	0	1
10	332	432	258	1066	4351	385.0	0	0	789	0	1
10	333	433	259	1070	4354	385.0	0	0	789	0	1
10	332	432	259	1066	4363	384.0	0	0	789	0	1
10	333	434	259	1070	4354	387.0	0	0	789	0	1
10	333	434	259	1070	4354	387.0	0	0	789	0	1
10	332	431	258	1064	4351	383.0	0	0	789	0	1
10	334	435	261	1073	4368	387.0	0	0	789	0	1
10	332	432	260	1068	4374	383.0	0	0	789	0	1
10	334	435	261	1074	4368	387.0	0	0	789	0	1
10	332	432	260	1067	4374	383.0	0	0	789	0	1
10	334	435	261	1074	4368	387.0	0	0	789	0	1
10	332	432	260	1067	4374	383.0	0	0	789	0	1
10	334	435	261	1074	4368	387.0	0	0	789	0	1
10	332	432	260	1068	4374	383.0	0	0	789	0	1
10	334	435	261	1074	4368	387.0	0	0	789	0	1
10	332	432	260	1068	4374	383.0	0	0	789	0	1
10	334	435	262	1075	4379	386.0	0	0	789	0	1
10	332	432	260	1068	4374	383.0	0	0	789	0	1
10	334	434	259	1071	4345	387.0	0	0	789	0	0
10	332	431	258	1065	4351	383.0	0	0	789	0	0
10	326	410	209	988	3833	388.0	0	0	789	0	0
10	324	407	207	983	3825	385.0	0	0	789	0	0
10	324	407	207	982	3825	385.0	0	0	789	0	0
10	326	409	208	987	3821	387.0	0	0	789	0	0
10	324	407	207	983	3825	385.0	0	0	789	0	0
11	326	409	208	987	3821	387.0	0	0	921	0	1
11	324	408	208	983	3836	386.0	0	0	921	0	1
11	334	436	264	1078	4402	386.0	0	0	921	0	1
11	334	438	271	1087	4482	384.0	0	0	921	0	1
11	335	438	270	1087	4461	384.0	0	0	921	0	1
11	334	437	269	1084	4459	384.0	0	0	921	0	1
11	334	438	269	1086	4459	386.0	0	0	921	0	1
11	334	437	269	1084	4459	384.0	0	0	921	0	1
11	334	438	269	1085	4459	386.0	0	0	921	0	1
11	334	438	269	1085	4459	386.0	0	0	921	0	1
11	334	438	269	1085	4459	386.0	0	0	921	0	1
11	334	438	269	1086	4459	386.0	0	0	921	0	1
11	334	437	269	1084	4459	384.0	0	0	921	0	1
11	335	438	270	1086	4461	384.0	0	0	921	0	1
11	334	437	269	1084	4459	384.0	0	0	921	0	1
11	334	438	271	1087	4482	384.0	0	0	921	0	1
11	335	440	272	1091	4484	386.0	0	0	921	0	1
11	334	438	271	1086	4482	384.0	0	0	921	0	1
11	335	440	272	1092	4484	386.0	0	0	921	0	1
11	334	438	271	1086	4482	384.0	0	0	921	0	1
11	335	440	272	1091	4484	386.0	0	0	921	0	1
11	334	438	271	1086	4482	384.0	0	0	921	0	1
11	335	440	272	1092	4484	386.0	0	0	921	0	1
11	333	437	271	1085	4491	383.0	0	0	921	0	1
11	336	440	272	1092	4475	386.0	0	0	921	0	1
11	333	437	271	1085	4491	383.0	0	0	921	0	1
11	335	439	270	1088	4461	386.0	0	0	921	0	1
11	333	436	268	1081	4457	383.0	0	0	921	0	0
11	335	439	270	1088	4461	386.0	0	0	921	0	0
11	325	409	212	989	3876	384.0	0	0	921	0	0
11	326	410	209	988	3833	388.0	0	0	921	0	0
11	324	407	207	982	3825	385.0	0	0	921	0	0
11	326	410	208	988	3821	389.0	0	0	921	0	0
11	326	410	209	988	3833	388.0	0	0	921	0	0
12	324	407	207	982	3825	385.0	0	0	1052	0	1
12	326	410	209	988	3833	388.0	0	0	1052	0	1
12	334	438	272	1087	4493	383.0	0	0	1052	0	1
12	337	445	283	1109	4590	385.0	0	0	1052	0	1
12	335	442	279	1100	4564	384.0	0	0	1052	0	1
12	336	444	280	1104	4566	386.0	0	0	1052	0	1
12	335	442	280	1100	4575	383.0	0	0	1052	0	1
12	336	443	280	1103	4566	385.0	0	0	1052	0	1
12	335	442	279	1100	4564	384.0	0	0	1052	0	1
12	336	443	280	1103	4566	385.0	0	0	1052	0	1
12	335	442	279	1101	4564	384.0	0	0	1052	0	1
12	336	443	280	1102	4566	385.0	0	0	1052	0	1
12	336	442	280	1101	4566	383.0	0	0	1052	0	1
12	336	443	280	1102	4566	385.0	0	0	1052	0	1
12	336	443	280	1102	4566	385.0	0	0	1052	0	1
12	336	443	280	1103	4566	385.0	0	0	1052	0	1
12	336	444	282	1107	4588	385.0	0	0	1052	0	1
12	337	445	283	1105	4590	385.0	0	0	1052	0	1
12	335	443	282	1104	4598	384.0	0	0	1052	0	1
12	336	445	283	1108	4600	386.0	0	0	1052	0	1
12	335	443	282	1104	4598	384.0	0	0	1052	0	1
12	337	445	283	1108	4590	385.0	0	0	1052	0	1
12	335	443	282	1103	4598	384.0	0	0	1052	0	1
12	337	445	283	1109	4590	385.0	0	0	1052	0	1
12	335	443	282	1103	4598	384.0	0	0	1052	0	1
12	337	445	283	1109	4590	385.0	0	0	1052	0	1
12	334	441	279	1098	4573	383.0	0	0	1052	0	1
12	336	443	280	1103	4566	385.0	0	0	1052	0	0
12	334	440	279	1096	4573	381.0	0	0	1052	0	0
12	325	409	208	986	3829	387.0	0	0	1052	0	0
12	323	406	207	979	3832	384.0	0	0	1052	0	0
12	325	409	208	986	3829	387.0	0	0	1052	0	0
12	323	406	207	979	3832	384.0	0	0	1052	0	0
12	325	408	208	985	3829	386.0	0	0	1052	0	0
13	323	405	207	978	3832	382.0	0	0	1184	0	1
13	325	408	206	984	3805	387.0	0	0	1184	0	1
13	334	438	271	1087	4482	384.0	0	0	1184	0	1
13	335	446	292	1116	4711	381.0	0	0	1184	0	1
13	337	448	293	1122	4703	383.0	0	0	1184	0	1
13	335	445	290	1112	4689	381.0	0	0	1184	0	1
13	337	447	290	1117	4669	383.0	0	0	1184	0	1
13	335	445	289	1112	4677	382.0	0	0	1184	0	1
13	336	447	290	1117	4679	384.0	0	0	1184	0	1
13	335	445	289	1112	4677	382.0	0	0	1184	0	1
13	336	446	290	1116	4679	382.0	0	0	1184	0	1
13	335	445	289	1112	4677	382.0	0	0	1184	0	1
13	336	446	290	1116	4679	382.0	0	0	1184	0	1
13	335	445	289	1114	4677	382.0	0	0	1184	0	1
13	336	446	290	1115	4679	382.0	0	0	1184	0	1
13	335	445	289	1114	4677	382.0	0	0	1184	0	1
13	336	446	290	1115	4679	382.0	0	0	1184	0	1
13	336	447	293	1120	4713	381.0	0	0	1184	0	1
13	336	447	292	1119	4702	382.0	0	0	1184	0	1
13	336	447	293	1120	4713	381.0	0	0	1184	0	1
13	336	447	292	1119	4702	382.0	0	0	1184	0	1
13	336	446	292	1118	4702	381.0	0	0	1184	0	1
13	337	448	293	1121	4703	383.0	0	0	1184	0	1
13	335	446	292	1117	4711	381.0	0	0	1184	0	1
13	337	448	293	1121	4703	383.0	0	0	1184	0	1
13	335	446	292	1117	4711	381.0	0	0	1184	0	1
13	337	448	293	1121	4703	383.0	0	0	1184	0	1
13	335	446	292	1116	4711	381.0	0	0	1184	0	0
13	336	447	290	1117	4679	384.0	0	0	1184	0	0
13	322	405	206	977	3828	383.0	0	0	1184	0	0
13	324	407	208	983	3836	384.0	0	0	1184	0	0
13	322	405	206	977	3828	383.0	0	0	1184	0	0
13	324	407	208	983	3836	384.0	0	0	1184	0	0
13	322	405	206	977	3828	383.0	0	0	1184	0	0
14	324	407	208	983	3836	384.0	0	0	1315	0	1
14	322	405	206	977	3828	383.0	0	0	1315	0	1
14	325	408	208	984	3829	386.0	0	0	1315	0	1
14	334	442	285	1104	4642	380.0	0	0	1315	0	1
14	336	450	301	1131	4804	380.0	0	0	1315	0	1
14	338	452	301	1134	4783	383.0	0	0	1315	0	1
14	336	449	300	1128	4792	380.0	0	0	1315	0	1
14	338	452	300	1134	4772	384.0	0	0	1315	0	1
14	336	449	299	1128	4781	380.0	0	0	1315	0	1
14	338	452	300	1134	4772	384.0	0	0	1315	0	1
14	336	450	300	1129	4792	381.0	0	0	1315	0	1
14	338	452	300	1133	4772	384.0	0	0	1315	0	1
14	336	450	299	1129	4781	382.0	0	0	1315	0	1
14	338	452	300	1134	4772	384.0	0	0	1315	0	1
14	337	450	300	1130	4782	381.0	0	0	1315	0	1
14	338	452	300	1134	4772	384.0	0	0	1315	0	1
14	337	452	303	1136	4816	382.0	0	0	1315	0	1
14	338	453	304	1139	4817	382.0	0	0	1315	0	1
14	338	452	303	1137	4806	381.0	0	0	1315	0	1
14	338	453	304	1139	4817	382.0	0	0	1315	0	1
14	338	452	303	1137	4806	381.0	0	0	1315	0	1
14	338	453	303	1137	4806	383.0	0	0	1315	0	1
14	338	452	303	1136	4806	381.0	0	0	1315	0	1
14	338	452	303	1137	4806	381.0	0	0	1315	0	1
14	337	452	303	1136	4816	382.0	0	0	1315	0	1
14	338	453	304	1138	4817	382.0	0	0	1315	0	1
14	337	451	302	1134	4805	381.0	0	0	1315	0	1
14	338	451	300	1133	4772	382.0	0	0	1315	0	1
14	337	450	299	1129	4771	382.0	0	0	1315	0	0
14	325	411	215	994	3911	385.0	0	0	1315	0	0
14	323	405	207	978	3832	382.0	0	0	1315	0	0
14	324	407	208	983	3836	384.0	0	0	1315	0	0
14	322	405	206	977	3828	383.0	0	0	1315	0	0
14	324	407	208	983	3836	384.0	0	0	1315	0	0
15	322	405	206	977	3828	383.0	0	0	1447	0	1
15	324	408	208	984	3836	386.0	0	0	1447	0	1
15	322	405	206	977	3828	383.0	0	0	1447	0	1
15	337	449	294	1124	4714	384.0	0	0	1447	0	1
15	338	456	313	1151	4919	380.0	0	0	1447	0	1
15	340	459	314	1158	4909	384.0	0	0	1447	0	1
15	340	457	311	1152	4876	383.0	0	0	1447	0	1
15	338	455	310	1146	4885	381.0	0	0	1447	0	1
15	340	458	312	1153	4887	384.0	0	0	1447	0	1
15	338	455	310	1146	4885	381.0	0	0	1447	0	1
15	340	457	311	1152	4876	383.0	0	0	1447	0	1
15	338	455	310	1146	4885	381.0	0	0	1447	0	1
15	340	457	311	1152	4876	383.0	0	0	1447	0	1
15	338	455	310	1146	4885	381.0	0	0	1447	0	1
15	340	457	311	1152	4876	383.0	0	0	1447	0	1
15	338	455	310	1147	4885	381.0	0	0	1447	0	1
15	340	458	314	1156	4909	382.0	0	0	1447	0	1
15	339	457	314	1153	4920	381.0	0	0	1447	0	1
15	340	459	315	1157	4920	383.0	0	0	1447	0	1
15	339	458	314	1155	4920	383.0	0	0	1447	0	1
15	340	458	315	1157	4920	381.0	0	0	1447	0	1
15	339	458	314	1155	4920	383.0	0	0	1447	0	1
15	340	458	315	1157	4920	381.0	0	0	1447	0	1
15	339	458	314	1155	4920	383.0	0	0	1447	0	1
15	339	458	314	1156	4920	383.0	0	0	1447	0	1
15	339	457	314	1154	4920	381.0	0	0	1447	0	1
15	340	458	315	1156	4920	381.0	0	0	1447	0	1
15	338	455	310	1148	4885	381.0	0	0	1447	0	1
15	339	457	311	1150	4886	383.0	0	0	1447	0	0
15	323	406	207	979	3832	384.0	0	0	1447	0	0
15	324	407	208	983	3836	384.0	0	0	1447	0	0
15	323	406	207	979	3832	384.0	0	0	1447	0	0
15	324	407	208	983	3836	384.0	0	0	1447	0	0
15	323	405	207	978	3832	382.0	0	0	1447	0	0
15	325	408	208	984	3829	386.0	0	0	1447	0	0
16	323	405	206	978	3820	383.0	0	0	1578	0	1
16	324	408	208	984	3836	386.0	0	0	1578	0	1
16	334	443	286	1107	4653	381.0	0	0	1578	0	1
16	342	465	326	1177	5022	384.0	0	0	1578	0	1
16	340	462	324	1169	5021	381.0	0	0	1578	0	1
16	342	464	326	1176	5022	382.0	0	0	1578	0	1
16	339	460	321	1163	4998	381.0	0	0	1578	0	1
16	341	462	322	1169	4988	382.0	0	0	1578	0	1
16	341	462	322	1169	4988	382.0	0	0	1578	0	1
16	339	460	320	1162	4987	381.0	0	0	1578	0	1
16	341	462	322	1169	4988	382.0	0	0	1578	0	1
16	339	459	320	1162	4987	380.0	0	0	1578	0	1
16	341	462	322	1168	4988	382.0	0	0	1578	0	1
16	339	459	320	1162	4987	380.0	0	0	1578	0	1
16	341	462	322	1169	4988	382.0	0	0	1578	0	1
16	339	459	320	1162	4987	380.0	0	0	1578	0	1
16	341	461	321	1167	4977	381.0	0	0	1578	0	1
16	340	462	325	1170	5032	380.0	0	0	1578	0	1
16	341	463	325	1174	5022	382.0	0	0	1578	0	1
16	340	462	325	1171	5032	380.0	0	0	1578	0	1
16	341	463	325	1173	5022	382.0	0	0	1578	0	1
16	340	462	325	1171	5032	380.0	0	0	1578	0	1
16	341	463	325	1172	5022	382.0	0	0	1578	0	1
16	340	462	325	1171	5032	380.0	0	0	1578	0	1
16	341	462	325	1172	5022	380.0	0	0	1578	0	1
16	341	463	325	1172	5022	382.0	0	0	1578	0	1
16	341	463	325	1173	5022	382.0	0	0	1578	0	1
16	340	462	324	1169	5021	381.0	0	0	1578	0	0
16	324	407	207	981	3825	385.0	0	0	1578	0	0
16	323	405	207	978	3832	382.0	0	0	1578	0	0
16	324	407	207	982	3825	385.0	0	0	1578	0	0
16	323	405	207	978	3832	382.0	0	0	1578	0	0
16	324	407	208	982	3836	384.0	0	0	1578	0	0
16	322	405	206	977	3828	383.0	0	0	1578	0	0
17	324	407	208	982	3836	384.0	0	0	1710	0	1
17	322	404	206	976	3828	382.0	0	0	1710	0	1
17	338	453	304	1139	4817	382.0	0	0	1710	0	1
17	341	466	335	1185	5133	379.0	0	0	1710	0	1
17	343	468	336	1191	5123	381.0	0	0	1710	0	1
17	340	464	331	1179	5100	379.0	0	0	1710	0	1
17	342	467	332	1185	5089	383.0	0	0	1710	0	1
17	340	464	331	1178	5100	379.0	0	0	1710	0	1
17	343	467	332	1185	5078	382.0	0	0	1710	0	1
17	340	464	331	1178	5100	379.0	0	0	1710	0	1
17	340	464	331	1179	5100	379.0	0	0	1710	0	1
17	343	467	333	1186	5089	382.0	0	0	1710	0	1
17	340	464	331	1178	5100	379.0	0	0	1710	0	1
17	342	467	332	1185	5089	383.0	0	0	1710	0	1
17	340	464	331	1179	5100	379.0	0	0	1710	0	1
17	342	467	332	1185	5089	383.0	0	0	1710	0	1
17	341	466	335	1186	5133	379.0	0	0	1710	0	1
17	343	469	337	1192	5134	382.0	0	0	1710	0	1
17	342	467	336	1188	5134	380.0	0	0	1710	0	1
17	343	469	336	1191	5123	382.0	0	0	1710	0	1
17	342	467	336	1188	5134	380.0	0	0	1710	0	1
17	343	469	337	1193	5134	382.0	0	0	1710	0	1
17	342	467	336	1188	5134	380.0	0	0	1710	0	1
17	343	468	336	1191	5123	381.0	0	0	1710	0	1
17	342	467	336	1189	5134	380.0	0	0	1710	0	1
17	343	468	336	1190	5123	381.0	0	0	1710	0	1
17	342	467	336	1188	5134	380.0	0	0	1710	0	1
17	342	468	336	1190	5134	381.0	0	0	1710	0	0
17	324	410	217	995	3942	383.0	0	0	1710	0	0
17	323	406	207	979	3832	384.0	0	0	1710	0	0
17	322	405	207	977	3840	383.0	0	0	1710	0	0
17	322	405	207	978	3840	383.0	0	0	1710	0	0
17	322	404	206	976	3828	382.0	0	0	1710	0	0
17	322	405	207	978	3840	383.0	0	0	1710	0	0
18	321	404	206	975	3836	382.0	0	0	1842	0	1
18	323	405	207	978	3832	382.0	0	0	1842	0	1
18	336	453	309	1142	4894	379.0	0	0	1842	0	1
18	343	473	347	1207	5245	381.0	0	0	1842	0	1
18	342	471	346	1202	5245	379.0	0	0	1842	0	1
18	343	471	344	1202	5212	380.0	0	0	1842	0	1
18	341	468	341	1193	5201	378.0	0	0	1842	0	1
18	343	470	342	1199	5189	380.0	0	0	1842	0	1
18	341	468	341	1194	5201	378.0	0	0	1842	0	1
18	343	471	342	1200	5189	381.0	0	0	1842	0	1
18	341	469	342	1195	5212	379.0	0	0	1842	0	1
18	343	471	342	1201	5189	381.0	0	0	1842	0	1
18	343	471	342	1201	5189	381.0	0	0	1842	0	1
18	341	469	342	1195	5212	379.0	0	0	1842	0	1
18	343	471	342	1201	5189	381.0	0	0	1842	0	1
18	341	468	341	1194	5201	378.0	0	0	1842	0	1
18	344	473	347	1208	5234	380.0	0	0	1842	0	1
18	342	471	346	1202	5245	379.0	0	0	1842	0	1
18	344	473	348	1209	5245	380.0	0	0	1842	0	1
18	342	471	346	1202	5245	379.0	0	0	1842	0	1
18	344	473	348	1209	5245	380.0	0	0	1842	0	1
18	342	471	346	1203	5245	379.0	0	0	1842	0	1
18	344	473	347	1208	5234	380.0	0	0	1842	0	1
18	343	472	347	1204	5245	379.0	0	0	1842	0	1
18	344	473	347	1208	5234	380.0	0	0	1842	0	1
18	343	472	347	1205	5245	379.0	0	0	1842	0	1
18	344	474	348	1210	5245	381.0	0	0	1842	0	1
18	343	472	347	1206	5245	379.0	0	0	1842	0	0
18	344	471	342	1201	5178	381.0	0	0	1842	0	0
18	323	406	207	979	3832	384.0	0	0	1842	0	0
18	324	406	207	981	3825	384.0	0	0	1842	0	0
18	323	406	207	980	3832	384.0	0	0	1842	0	0
18	323	405	207	979	3832	382.0	0	0	1842	0	0
18	323	405	207	978	3832	382.0	0	0	1842	0	0
19	323	405	207	978	3832	382.0	0	0	1973	0	1
19	322	404	206	976	3828	382.0	0	0	1973	0	1
19	336	449	299	1129	4781	380.0	0	0	1973	0	1
19	344	476	357	1221	5344	378.0	0	0	1973	0	1
19	344	477	357	1221	5344	379.0	0	0	1973	0	1
19	343	476	357	1219	5356	378.0	0	0	1973	0	1
19	344	477	358	1222	5356	379.0	0	0	1973	0	1
19	342	473	351	1209	5301	378.0	0	0	1973	0	1
19	343	475	353	1214	5312	380.0	0	0	1973	0	1
19	342	472	351	1208	5301	377.0	0	0	1973	0	1
19	343	474	352	1213	5300	379.0	0	0	1973	0	1
19	342	472	351	1208	5301	377.0	0	0	1973	0	1
19	343	475	352	1214	5300	380.0	0	0	1973	0	1
19	341	472	351	1208	5312	377.0	0	0	1973	0	1
19	343	475	352	1214	5300	380.0	0	0	1973	0	1
19	344	475	352	1214	5289	380.0	0	0	1973	0	1
19	342	472	351	1208	5301	377.0	0	0	1973	0	1
19	344	475	353	1214	5300	379.0	0	0	1973	0	1
19	342	475	357	1217	5368	377.0	0	0	1973	0	1
19	345	478	358	1224	5344	380.0	0	0	1973	0	1
19	342	475	356	1217	5356	378.0	0	0	1973	0	1
19	345	478	358	1224	5344	380.0	0	0	1973	0	1
19	342	475	357	1217	5368	377.0	0	0	1973	0	1
19	344	477	358	1223	5356	379.0	0	0	1973	0	1
19	342	475	356	1217	5356	378.0	0	0	1973	0	1
19	344	477	358	1223	5356	379.0	0	0	1973	0	1
19	342	475	357	1218	5368	377.0	0	0	1973	0	1
19	344	477	358	1223	5356	379.0	0	0	1973	0	0
19	342	474	356	1216	5356	376.0	0	0	1973	0	0
19	322	405	209	980	3863	381.0	0	0	1973	0	0
19	320	403	206	972	3843	381.0	0	0	1973	0	0
19	322	405	207	977	3840	383.0	0	0	1973	0	0
19	321	403	206	973	3836	381.0	0	0	1973	0	0
19	321	403	206	974	3836	381.0	0	0	1973	0	0
20	323	405	207	978	3832	382.0	0	0	2105	0	1
20	322	405	207	977	3840	383.0	0	0	2105	0	1
20	338	457	317	1156	4964	379.0	0	0	2105	0	1
20	345	482	369	1239	5466	378.0	0	0	2105	0	1
20	346	482	368	1239	5443	379.0	0	0	2105	0	1
20	346	482	369	1240	5454	378.0	0	0	2105	0	1
20	345	479	363	1230	5399	378.0	0	0	2105	0	1
20	345	479	363	1230	5399	378.0	0	0	2105	0	1
20	344	479	363	1229	5411	378.0	0	0	2105	0	1
20	345	479	363	1231	5399	378.0	0	0	2105	0	1
20	344	479	363	1229	5411	378.0	0	0	2105	0	1
20	345	480	363	1231	5399	379.0	0	0	2105	0	1
20	344	478	362	1228	5400	377.0	0	0	2105	0	1
20	345	480	363	1232	5399	379.0	0	0	2105	0	1
20	344	478	363	1229	5411	377.0	0	0	2105	0	1
20	345	480	363	1232	5399	379.0	0	0	2105	0	1
20	344	478	362	1227	5400	377.0	0	0	2105	0	1
20	345	480	367	1236	5443	376.0	0	0	2105	0	1
20	346	483	369	1242	5454	379.0	0	0	2105	0	1
20	345	481	368	1237	5455	377.0	0	0	2105	0	1
20	346	483	369	1242	5454	379.0	0	0	2105	0	1
20	344	480	367	1235	5455	377.0	0	0	2105	0	1
20	347	483	370	1243	5453	378.0	0	0	2105	0	1
20	345	480	368	1236	5455	376.0	0	0	2105	0	1
20	347	483	369	1243	5442	379.0	0	0	2105	0	1
20	344	480	368	1236	5466	376.0	0	0	2105	0	1
20	346	483	369	1242	5454	379.0	0	0	2105	0	1
20	344	480	368	1236	5466	376.0	0	0	2105	0	0
20	346	482	367	1240	5432	379.0	0	0	2105	0	0
20	322	409	218	992	3970	381.0	0	0	2105	0	0
20	323	405	207	979	3832	382.0	0	0	2105	0	0
20	320	403	206	972	3843	381.0	0	0	2105	0	0
20	323	405	207	979	3832	382.0	0	0	2105	0	0
20	321	403	206	972	3836	381.0	0	0	2105	0	0
21	323	406	207	979	3832	384.0	0	0	2236	0	1
21	323	406	207	979	3832	384.0	0	0	2236	0	1
21	338	459	323	1164	5031	378.0	0	0	2236	0	1
21	349	489	380	1262	5539	380.0	0	0	2236	0	1
21	347	487	380	1257	5563	377.0	0	0	2236	0	1
21	349	489	381	1263	5550	379.0	0	0	2236	0	1
21	346	484	373	1248	5498	378.0	0	0	2236	0	1
21	348	487	375	1253	5496	381.0	0	0	2236	0	1
21	347	485	374	1249	5497	379.0	0	0	2236	0	1
21	348	487	375	1253	5496	381.0	0	0	2236	0	1
21	347	485	374	1249	5497	379.0	0	0	2236	0	1
21	348	487	374	1253	5485	381.0	0	0	2236	0	1
21	347	485	374	1249	5497	379.0	0	0	2236	0	1
21	348	486	374	1252	5485	380.0	0	0	2236	0	1
21	347	485	374	1249	5497	379.0	0	0	2236	0	1
21	348	486	374	1252	5485	380.0	0	0	2236	0	1
21	347	486	375	1251	5508	379.0	0	0	2236	0	1
21	348	486	374	1252	5485	380.0	0	0	2236	0	1
21	348	488	380	1260	5551	379.0	0	0	2236	0	1
21	349	488	379	1262	5528	379.0	0	0	2236	0	1
21	348	489	380	1261	5551	380.0	0	0	2236	0	1
21	349	489	381	1262	5550	379.0	0	0	2236	0	1
21	348	489	380	1260	5551	380.0	0	0	2236	0	1
21	349	489	380	1261	5539	380.0	0	0	2236	0	1
21	348	489	380	1261	5551	380.0	0	0	2236	0	1
21	349	489	380	1262	5539	380.0	0	0	2236	0	1
21	348	488	380	1260	5551	379.0	0	0	2236	0	1
21	349	489	381	1263	5550	379.0	0	0	2236	0	0
21	348	488	380	1259	5551	379.0	0	0	2236	0	0
21	324	406	207	981	3825	384.0	0	0	2236	0	0
21	322	405	206	977	3828	383.0	0	0	2236	0	0
21	324	406	207	981	3825	384.0	0	0	2236	0	0
21	322	405	206	977	3828	383.0	0	0	2236	0	0
21	324	406	207	981	3825	384.0	0	0	2236	0	0
22	322	404	206	976	3828	382.0	0	0	2368	0	1
22	324	407	207	981	3825	385.0	0	0	2368	0	1
22	322	404	206	976	3828	382.0	0	0	2368	0	1
22	339	455	390	1146	5808	322.0	0	0	2368	0	1
22	351	495	392	1282	5646	380.0	0	0	2368	0	1
22	350	493	391	1278	5647	378.0	0	0	2368	0	1
22	351	495	391	1282	5635	381.0	0	0	2368	0	1
22	349	493	391	1277	5659	378.0	0	0	2368	0	1
22	350	492	385	1271	5582	381.0	0	0	2368	0	1
22	348	489	384	1265	5595	377.0	0	0	2368	0	1
22	350	493	386	1273	5592	381.0	0	0	2368	0	1
22	348	490	384	1265	5595	379.0	0	0	2368	0	1
22	350	493	386	1272	5592	381.0	0	0	2368	0	1
22	348	490	384	1265	5595	379.0	0	0	2368	0	1
22	350	493	386	1273	5592	381.0	0	0	2368	0	1
22	348	489	384	1265	5595	377.0	0	0	2368	0	1
22	350	492	386	1272	5592	380.0	0	0	2368	0	1
22	348	489	384	1265	5595	377.0	0	0	2368	0	1
22	350	492	386	1271	5592	380.0	0	0	2368	0	1
22	348	491	387	1269	5627	378.0	0	0	2368	0	1
22	351	495	392	1282	5646	380.0	0	0	2368	0	1
22	349	492	391	1275	5659	377.0	0	0	2368	0	1
22	349	493	391	1276	5659	378.0	0	0	2368	0	1
22	351	495	392	1281	5646	380.0	0	0	2368	0	1
22	349	493	391	1276	5659	378.0	0	0	2368	0	1
22	351	495	392	1282	5646	380.0	0	0	2368	0	1
22	349	493	391	1276	5659	378.0	0	0	2368	0	1
22	351	495	392	1281	5646	380.0	0	0	2368	0	1
22	349	493	391	1276	5659	378.0	0	0	2368	0	0
22	326	413	222	1004	3985	383.0	0	0	2368	0	0
22	322	404	206	975	3828	382.0	0	0	2368	0	0
22	323	406	207	980	3832	384.0	0	0	2368	0	0
22	322	404	206	975	3828	382.0	0	0	2368	0	0
22	323	406	207	980	3832	384.0	0	0	2368	0	0
23	322	404	206	975	3828	382.0	0	0	2500	0	1
23	323	406	207	979	3832	384.0	0	0	2500	0	1
23	322	404	206	975	3828	382.0	0	0	2500	0	1
23	341	463	327	1174	5044	380.0	0	0	2500	0	1
23	351	498	402	1293	5754	377.0	0	0	2500	0	1
23	351	499	403	1297	5765	378.0	0	0	2500	0	1
23	351	499	403	1296	5765	378.0	0	0	2500	0	1
23	350	495	396	1284	5701	377.0	0	0	2500	0	1
23	350	495	396	1284	5701	377.0	0	0	2500	0	1
23	350	495	395	1283	5690	378.0	0	0	2500	0	1
23	350	495	395	1284	5690	378.0	0	0	2500	0	1
23	350	495	395	1283	5690	378.0	0	0	2500	0	1
23	350	495	395	1283	5690	378.0	0	0	2500	0	1
23	349	494	395	1283	5703	377.0	0	0	2500	0	1
23	349	494	395	1283	5703	377.0	0	0	2500	0	1
23	350	494	395	1282	5690	376.0	0	0	2500	0	1
23	349	495	396	1283	5714	378.0	0	0	2500	0	1
23	349	495	395	1283	5703	378.0	0	0	2500	0	1
23	349	494	395	1282	5703	377.0	0	0	2500	0	1
23	351	498	403	1295	5765	377.0	0	0	2500	0	1
23	350	497	402	1293	5767	376.0	0	0	2500	0	1
23	351	498	402	1295	5754	377.0	0	0	2500	0	1
23	350	498	402	1293	5767	378.0	0	0	2500	0	1
23	351	498	402	1295	5754	377.0	0	0	2500	0	1
23	351	499	403	1296	5765	378.0	0	0	2500	0	1
23	350	497	402	1292	5767	376.0	0	0	2500	0	1
23	351	499	403	1296	5765	378.0	0	0	2500	0	1
23	350	497	402	1293	5767	376.0	0	0	2500	0	1
