Stim	R	G	B	C	Temp	HueLux	Yellow	Red	Blue	Blue2	Trig
1	351	469	406	1266	5798	329.0	1800	0	0	0	1
1	700	598	457	1808	3878	382.0	1800	0	0	0	1
1	2481	1263	729	4591	2510	654.0	1800	0	0	0	1
1	2473	1258	726	4576	2509	651.0	1800	0	0	0	1
1	2478	1262	729	4588	2511	653.0	1800	0	0	0	1
1	2475	1262	729	4584	2513	654.0	1800	0	0	0	1
1	2475	1260	728	4582	2511	652.0	1800	0	0	0	1
1	2474	1262	730	4584	2515	654.0	1800	0	0	0	1
1	2473	1260	728	4578	2512	653.0	1800	0	0	0	1
1	2478	1264	731	4591	2514	655.0	1800	0	0	0	1
1	2472	1260	728	4577	2513	653.0	1800	0	0	0	1
1	2475	1264	731	4588	2516	656.0	1800	0	0	0	1
1	2476	1262	729	4585	2512	654.0	1800	0	0	0	1
1	2475	1264	731	4588	2516	656.0	1800	0	0	0	1
1	2474	1261	729	4582	2513	653.0	1800	0	0	0	1
1	2478	1265	732	4594	2516	656.0	1800	0	0	0	1
1	2472	1261	728	4579	2513	654.0	1800	0	0	0	1
1	2477	1265	732	4591	2516	656.0	1800	0	0	0	1
1	2476	1262	729	4586	2512	654.0	1800	0	0	0	1
1	2475	1264	731	4589	2516	656.0	1800	0	0	0	1
1	2474	1262	729	4583	2513	655.0	1800	0	0	0	1
1	2479	1266	732	4595	2516	657.0	1800	0	0	0	1
1	2472	1261	729	4582	2514	654.0	1800	0	0	0	1
1	2477	1263	730	4588	2513	655.0	1800	0	0	0	1
1	2475	1265	732	4589	2517	657.0	1800	0	0	0	1
1	2474	1262	729	4584	2513	655.0	1800	0	0	0	1
1	2478	1266	732	4595	2516	657.0	1800	0	0	0	1
1	2473	1262	729	4582	2514	655.0	1800	0	0	0	0
1	1651	958	606	3304	2789	532.0	1800	0	0	0	0
1	353	472	408	1273	5794	331.0	1800	0	0	0	0
1	354	474	409	1279	5792	333.0	1800	0	0	0	0
1	353	472	408	1273	5794	331.0	1800	0	0	0	0
1	354	474	410	1279	5803	333.0	1800	0	0	0	0
1	353	473	408	1274	5794	333.0	1800	0	0	0	0
2	354	474	409	1279	5792	333.0	1800	0	0	0	1
2	760	625	470	1910	3747	395.0	1800	0	0	0	1
2	2476	1265	731	4591	2515	657.0	1800	0	0	0	1
2	2476	1264	730	4588	2514	656.0	1800	0	0	0	1
2	2478	1265	732	4593	2516	656.0	1800	0	0	0	1
2	2473	1263	730	4585	2515	656.0	1800	0	0	0	1
2	2477	1265	731	4591	2515	657.0	1800	0	0	0	1
2	2474	1264	731	4590	2516	656.0	1800	0	0	0	1
2	2476	1264	731	4590	2515	656.0	1800	0	0	0	1
2	2477	1265	731	4590	2515	657.0	1800	0	0	0	1
2	2474	1264	731	4586	2516	656.0	1800	0	0	0	1
2	2477	1264	731	4590	2515	655.0	1800	0	0	0	1
2	2477	1265	731	4591	2515	657.0	1800	0	0	0	1
2	2474	1263	730	4586	2515	655.0	1800	0	0	0	1
2	2477	1265	731	4592	2515	657.0	1800	0	0	0	1
2	2476	1264	730	4589	2514	656.0	1800	0	0	0	1
2	2475	1264	731	4588	2516	656.0	1800	0	0	0	1
2	2478	1264	731	4591	2514	655.0	1800	0	0	0	1
2	2476	1265	731	4591	2515	657.0	1800	0	0	0	1
2	2474	1263	730	4585	2515	655.0	1800	0	0	0	1
2	2479	1266	732	4596	2516	657.0	1800	0	0	0	1
2	2475	1263	730	4586	2514	655.0	1800	0	0	0	1
2	2476	1265	732	4591	2517	657.0	1800	0	0	0	1
2	2478	1264	730	4591	2513	656.0	1800	0	0	0	1
2	2475	1265	732	4590	2517	657.0	1800	0	0	0	1
2	2475	1263	732	4586	2517	654.0	1800	0	0	0	1
2	2473	1262	730	4583	2515	654.0	1800	0	0	0	1
2	2478	1266	732	4594	2516	657.0	1800	0	0	0	0
2	1658	959	606	3310	2783	531.0	1800	0	0	0	0
2	355	475	410	1280	5791	334.0	1800	0	0	0	0
2	352	472	407	1272	5796	332.0	1800	0	0	0	0
2	355	475	410	1280	5791	334.0	1800	0	0	0	0
2	352	472	407	1272	5796	332.0	1800	0	0	0	0
2	355	475	410	1280	5791	334.0	1800	0	0	0	0
3	352	472	407	1272	5796	332.0	1800	0	0	0	1
3	753	624	470	1902	3769	396.0	1800	0	0	0	1
3	2477	1264	730	4590	2513	656.0	1800	0	0	0	1
3	2478	1266	732	4595	2516	657.0	1800	0	0	0	1
3	2473	1262	729	4583	2514	655.0	1800	0	0	0	1
3	2479	1267	733	4596	2517	658.0	1800	0	0	0	1
3	2476	1263	730	4587	2514	655.0	1800	0	0	0	1
3	2476	1266	732	4592	2517	658.0	1800	0	0	0	1
3	2475	1263	730	4586	2514	655.0	1800	0	0	0	1
3	2479	1267	733	4598	2517	658.0	1800	0	0	0	1
3	2477	1266	733	4595	2518	657.0	1800	0	0	0	1
3	2477	1264	730	4589	2513	656.0	1800	0	0	0	1
3	2476	1266	732	4592	2517	658.0	1800	0	0	0	1
3	2475	1263	730	4586	2514	655.0	1800	0	0	0	1
3	2480	1267	733	4598	2517	658.0	1800	0	0	0	1
3	2474	1263	730	4584	2515	655.0	1800	0	0	0	1
3	2477	1266	732	4594	2516	658.0	1800	0	0	0	1
3	2477	1264	730	4590	2513	656.0	1800	0	0	0	1
3	2476	1266	732	4592	2517	658.0	1800	0	0	0	1
3	2476	1263	730	4588	2514	655.0	1800	0	0	0	1
3	2479	1267	733	4597	2517	658.0	1800	0	0	0	1
3	2473	1263	730	4584	2515	656.0	1800	0	0	0	1
3	2478	1266	732	4595	2516	657.0	1800	0	0	0	1
3	2477	1264	730	4589	2513	656.0	1800	0	0	0	1
3	2475	1265	732	4591	2517	657.0	1800	0	0	0	1
3	2476	1264	731	4589	2515	656.0	1800	0	0	0	1
3	2478	1266	732	4595	2516	657.0	1800	0	0	0	1
3	2474	1263	730	4585	2515	655.0	1800	0	0	0	0
3	1588	933	596	3203	2820	520.0	1800	0	0	0	0
3	354	475	410	1279	5803	334.0	1800	0	0	0	0
3	353	473	408	1276	5794	333.0	1800	0	0	0	0
3	355	475	410	1279	5791	334.0	1800	0	0	0	0
3	354	473	408	1276	5782	333.0	1800	0	0	0	0
3	354	474	409	1279	5792	333.0	1800	0	0	0	0
4	354	473	409	1276	5792	332.0	1800	0	0	0	1
4	354	474	409	1279	5792	333.0	1800	0	0	0	1
4	1399	864	567	2909	2935	494.0	1800	0	0	0	1
4	1398	864	568	2909	2938	494.0	1800	0	0	0	1
4	1398	863	567	2908	2936	493.0	1800	0	0	0	1
4	1398	863	568	2908	2938	492.0	1800	0	0	0	1
4	1398	863	568	2908	2938	492.0	1800	0	0	0	1
4	1398	863	567	2907	2936	493.0	1800	0	0	0	1
4	1398	864	568	2908	2938	494.0	1800	0	0	0	1
4	1397	863	567	2907	2937	493.0	1800	0	0	0	1
4	1417	871	571	2939	2926	496.0	1800	0	0	0	1
4	1439	879	574	2972	2910	500.0	1800	0	0	0	1
4	1436	877	573	2966	2911	498.0	1800	0	0	0	1
4	1435	878	574	2967	2915	499.0	1800	0	0	0	1
4	1435	877	573	2965	2912	498.0	1800	0	0	0	1
4	1437	878	574	2970	2912	499.0	1800	0	0	0	1
4	1438	878	573	2970	2909	499.0	1800	0	0	0	1
4	1431	877	573	2961	2916	500.0	1800	0	0	0	1
4	1436	877	573	2966	2911	498.0	1800	0	0	0	1
4	1439	880	575	2974	2913	500.0	1800	0	0	0	1
4	1434	876	572	2962	2910	498.0	1800	0	0	0	1
4	1403	866	569	2918	2936	494.0	1800	0	0	0	1
4	1397	862	566	2904	2934	492.0	1800	0	0	0	1
4	1398	864	569	2911	2941	493.0	1800	0	0	0	1
4	1396	862	566	2903	2935	493.0	1800	0	0	0	1
4	1398	864	569	2911	2941	493.0	1800	0	0	0	1
4	1397	862	566	2904	2934	492.0	1800	0	0	0	1
4	1399	865	569	2911	2940	494.0	1800	0	0	0	0
4	1396	862	566	2903	2935	493.0	1800	0	0	0	0
4	1399	865	569	2911	2940	494.0	1800	0	0	0	0
4	355	475	410	1282	5791	334.0	1800	0	0	0	0
4	353	472	408	1273	5794	331.0	1800	0	0	0	0
4	355	475	410	1282	5791	334.0	1800	0	0	0	0
4	353	472	408	1273	5794	331.0	1800	0	0	0	0
5	355	476	411	1282	5802	335.0	1800	0	131	0	1
5	353	472	408	1273	5794	331.0	1800	0	131	0	1
5	1402	874	614	2971	3059	474.0	1800	0	131	0	1
5	1403	872	613	2969	3055	472.0	1800	0	131	0	1
5	1401	874	615	2970	3063	474.0	1800	0	131	0	1
5	1398	871	612	2961	3058	472.0	1800	0	131	0	1
5	1400	874	614	2969	3061	475.0	1800	0	131	0	1
5	1403	872	613	2968	3055	472.0	1800	0	131	0	1
5	1401	874	615	2970	3063	474.0	1800	0	131	0	1
5	1402	872	613	2967	3056	472.0	1800	0	131	0	1
5	1440	889	623	3033	3039	479.0	1800	0	131	0	1
5	1432	884	618	3015	3035	478.0	1800	0	131	0	1
5	1442	890	623	3037	3037	480.0	1800	0	131	0	1
5	1437	886	620	3025	3034	478.0	1800	0	131	0	1
5	1439	887	620	3032	3032	479.0	1800	0	131	0	1
5	1439	888	622	3031	3037	479.0	1800	0	131	0	1
5	1438	886	620	3025	3033	477.0	1800	0	131	0	1
5	1441	890	623	3036	3038	480.0	1800	0	131	0	1
5	1436	885	620	3023	3035	476.0	1800	0	131	0	1
5	1435	887	621	3025	3039	479.0	1800	0	131	0	1
5	1411	876	615	2983	3051	474.0	1800	0	131	0	1
5	1400	874	614	2969	3061	475.0	1800	0	131	0	1
5	1399	872	613	2963	3060	473.0	1800	0	131	0	1
5	1400	873	614	2969	3061	474.0	1800	0	131	0	1
5	1399	872	613	2964	3060	473.0	1800	0	131	0	1
5	1400	873	614	2968	3061	474.0	1800	0	131	0	1
5	1399	872	613	2964	3060	473.0	1800	0	131	0	1
5	1405	875	615	2975	3058	474.0	1800	0	131	0	0
5	1399	872	613	2964	3060	473.0	1800	0	131	0	0
5	1400	873	614	2967	3061	474.0	1800	0	131	0	0
5	354	474	409	1277	5792	333.0	1800	0	131	0	0
5	355	475	410	1279	5791	334.0	1800	0	131	0	0
5	354	474	409	1278	5792	333.0	1800	0	131	0	0
5	354	474	409	1278	5792	333.0	1800	0	131	0	0
6	354	474	409	1279	5792	333.0	1800	0	263	0	1
6	354	474	409	1278	5792	333.0	1800	0	263	0	1
6	1408	907	793	3194	3536	394.0	1800	0	263	0	1
6	1406	907	793	3193	3539	394.0	1800	0	263	0	1
6	1406	907	793	3192	3539	394.0	1800	0	263	0	1
6	1411	909	795	3202	3537	394.0	1800	0	263	0	1
6	1406	907	793	3191	3539	394.0	1800	0	263	0	1
6	1406	907	793	3193	3539	394.0	1800	0	263	0	1
6	1406	907	793	3191	3539	394.0	1800	0	263	0	1
6	1406	907	794	3194	3542	393.0	1800	0	263	0	1
6	1446	923	807	3264	3517	396.0	1800	0	263	0	1
6	1447	924	809	3268	3521	396.0	1800	0	263	0	1
6	1443	922	806	3259	3519	396.0	1800	0	263	0	1
6	1443	923	807	3261	3521	397.0	1800	0	263	0	1
6	1445	922	807	3263	3518	395.0	1800	0	263	0	1
6	1445	923	807	3264	3518	397.0	1800	0	263	0	1
6	1447	923	807	3265	3515	396.0	1800	0	263	0	1
6	1444	922	806	3259	3517	396.0	1800	0	263	0	1
6	1449	925	808	3270	3515	398.0	1800	0	263	0	1
6	1443	922	807	3259	3521	396.0	1800	0	263	0	1
6	1425	915	800	3228	3529	396.0	1800	0	263	0	1
6	1405	906	792	3189	3538	394.0	1800	0	263	0	1
6	1407	908	794	3196	3541	395.0	1800	0	263	0	1
6	1405	906	792	3188	3538	394.0	1800	0	263	0	1
6	1407	908	794	3196	3541	395.0	1800	0	263	0	1
6	1410	907	794	3197	3536	392.0	1800	0	263	0	1
6	1407	908	794	3196	3541	395.0	1800	0	263	0	1
6	1405	905	792	3188	3538	392.0	1800	0	263	0	0
6	1407	908	794	3196	3541	395.0	1800	0	263	0	0
6	1410	907	793	3197	3533	393.0	1800	0	263	0	0
6	355	476	410	1282	5791	335.0	1800	0	263	0	0
6	353	472	408	1274	5794	331.0	1800	0	263	0	0
6	355	476	410	1282	5791	335.0	1800	0	263	0	0
6	353	472	408	1274	5794	331.0	1800	0	263	0	0
7	355	475	410	1282	5791	334.0	1800	0	394	0	1
7	355	476	411	1283	5802	335.0	1800	0	394	0	1
7	1414	944	993	3444	4066	304.0	1800	0	394	0	1
7	1420	949	998	3461	4068	306.0	1800	0	394	0	1
7	1412	944	993	3442	4070	304.0	1800	0	394	0	1
7	1415	947	996	3451	4072	306.0	1800	0	394	0	1
7	1412	944	993	3442	4070	304.0	1800	0	394	0	1
7	1414	947	996	3450	4074	306.0	1800	0	394	0	1
7	1412	944	993	3442	4070	304.0	1800	0	394	0	1
7	1415	947	996	3450	4072	306.0	1800	0	394	0	1
7	1412	944	993	3442	4070	304.0	1800	0	394	0	1
7	1453	964	1018	3530	4060	304.0	1800	0	394	0	1
7	1453	962	1015	3524	4052	303.0	1800	0	394	0	1
7	1456	965	1019	3535	4057	304.0	1800	0	394	0	1
7	1450	961	1015	3521	4058	303.0	1800	0	394	0	1
7	1455	964	1017	3531	4054	304.0	1800	0	394	0	1
7	1453	962	1014	3524	4049	304.0	1800	0	394	0	1
7	1452	964	1017	3528	4059	305.0	1800	0	394	0	1
7	1453	962	1014	3523	4049	304.0	1800	0	394	0	1
7	1445	959	1012	3511	4059	303.0	1800	0	394	0	1
7	1455	964	1017	3531	4054	304.0	1800	0	394	0	1
7	1453	962	1016	3527	4055	303.0	1800	0	394	0	1
7	1414	946	995	3449	4072	305.0	1800	0	394	0	1
7	1417	946	996	3452	4069	304.0	1800	0	394	0	1
7	1414	946	995	3449	4072	305.0	1800	0	394	0	1
7	1412	944	993	3443	4070	304.0	1800	0	394	0	1
7	1414	946	995	3449	4072	305.0	1800	0	394	0	1
7	1413	944	994	3443	4071	303.0	1800	0	394	0	1
7	1414	946	995	3449	4072	305.0	1800	0	394	0	0
7	1413	944	994	3444	4071	303.0	1800	0	394	0	0
7	355	475	410	1281	5791	334.0	1800	0	394	0	0
7	354	473	408	1276	5782	333.0	1800	0	394	0	0
7	355	475	410	1280	5791	334.0	1800	0	394	0	0
7	354	473	408	1275	5782	333.0	1800	0	394	0	0
8	355	475	410	1281	5791	334.0	1800	0	526	0	1
8	354	473	409	1276	5792	332.0	1800	0	526	0	1
8	355	475	410	1281	5791	334.0	1800	0	526	0	1
8	1422	988	1214	3725	4643	209.0	1800	0	526	0	1
8	1421	986	1213	3720	4643	207.0	1800	0	526	0	1
8	1427	990	1217	3734	4640	208.0	1800	0	526	0	1
8	1421	986	1213	3721	4643	207.0	1800	0	526	0	1
8	1422	987	1214	3724	4643	207.0	1800	0	526	0	1
8	1421	986	1213	3721	4643	207.0	1800	0	526	0	1
8	1427	989	1217	3734	4640	206.0	1800	0	526	0	1
8	1441	996	1230	3768	4643	203.0	1800	0	526	0	1
8	1460	1006	1242	3811	4632	204.0	1800	0	526	0	1
8	1464	1007	1243	3816	4625	204.0	1800	0	526	0	1
8	1457	1004	1242	3805	4638	202.0	1800	0	526	0	1
8	1460	1005	1242	3810	4632	203.0	1800	0	526	0	1
8	1464	1007	1243	3816	4625	204.0	1800	0	526	0	1
8	1461	1006	1245	3815	4637	202.0	1800	0	526	0	1
8	1461	1005	1242	3811	4629	202.0	1800	0	526	0	1
8	1464	1007	1244	3818	4628	203.0	1800	0	526	0	1
8	1460	1005	1245	3812	4639	201.0	1800	0	526	0	1
8	1462	1006	1243	3813	4630	203.0	1800	0	526	0	1
8	1463	1006	1214	3816	4552	224.0	1800	0	526	0	1
8	1421	986	1213	3720	4643	207.0	1800	0	526	0	1
8	1422	987	1214	3723	4643	207.0	1800	0	526	0	1
8	1421	986	1213	3720	4643	207.0	1800	0	526	0	1
8	1422	987	1214	3724	4643	207.0	1800	0	526	0	1
8	1421	986	1212	3720	4640	207.0	1800	0	526	0	1
8	1422	987	1214	3724	4643	207.0	1800	0	526	0	1
8	1421	986	1212	3719	4640	207.0	1800	0	526	0	0
8	1427	990	1218	3735	4642	207.0	1800	0	526	0	0
8	353	473	408	1275	5794	333.0	1800	0	526	0	0
8	355	475	410	1280	5791	334.0	1800	0	526	0	0
8	353	473	408	1275	5794	333.0	1800	0	526	0	0
8	355	475	410	1281	5791	334.0	1800	0	526	0	0
8	353	473	408	1274	5794	333.0	1800	0	526	0	0
9	355	475	410	1280	5791	334.0	1800	0	657	0	1
9	353	472	408	1274	5794	331.0	1800	0	657	0	1
9	1432	1030	1433	4003	5203	111.0	1800	0	657	0	1
9	1428	1027	1431	3994	5209	110.0	1800	0	657	0	1
9	1430	1029	1433	4001	5208	111.0	1800	0	657	0	1
9	1431	1030	1433	4002	5206	112.0	1800	0	657	0	1
9	1433	1029	1436	4006	5208	107.0	1800	0	657	0	1
9	1431	1030	1434	4002	5208	111.0	1800	0	657	0	1
9	1428	1027	1431	3994	5209	110.0	1800	0	657	0	1
9	1442	1036	1446	4034	5211	108.0	1800	0	657	0	1
9	1470	1048	1467	4095	5193	103.0	1800	0	657	0	1
9	1469	1050	1474	4104	5213	101.0	1800	0	657	0	1
9	1469	1047	1468	4095	5198	101.0	1800	0	657	0	1
9	1472	1051	1474	4109	5206	102.0	1800	0	657	0	1
9	1462	1044	1465	4081	5208	100.0	1800	0	657	0	1
9	1472	1050	1470	4103	5195	103.0	1800	0	657	0	1
9	1469	1048	1472	4099	5208	99.0	1800	0	657	0	1
9	1469	1050	1471	4100	5206	103.0	1800	0	657	0	1
9	1470	1048	1468	4096	5195	102.0	1800	0	657	0	1
9	1471	1051	1474	4107	5208	102.0	1800	0	657	0	1
9	1466	1046	1468	4091	5206	100.0	1800	0	657	0	1
9	1435	1031	1434	4009	5198	111.0	1800	0	657	0	1
9	1428	1027	1431	3994	5209	110.0	1800	0	657	0	1
9	1428	1027	1431	3994	5209	110.0	1800	0	657	0	1
9	1430	1030	1434	4002	5211	111.0	1800	0	657	0	1
9	1428	1027	1431	3994	5209	110.0	1800	0	657	0	1
9	1430	1030	1433	4002	5208	112.0	1800	0	657	0	1
9	1428	1027	1431	3994	5209	110.0	1800	0	657	0	0
9	1430	1030	1434	4002	5211	111.0	1800	0	657	0	0
9	353	472	408	1273	5794	331.0	1800	0	657	0	0
9	355	475	410	1281	5791	334.0	1800	0	657	0	0
9	353	472	408	1273	5794	331.0	1800	0	657	0	0
9	355	475	410	1281	5791	334.0	1800	0	657	0	0
9	353	472	408	1274	5794	331.0	1800	0	657	0	0
10	355	475	410	1281	5791	334.0	1800	0	789	0	1
10	353	472	408	1274	5794	331.0	1800	0	789	0	1
10	1440	1072	1653	4281	5764	14.0	1800	0	789	0	1
10	1436	1069	1651	4272	5771	12.0	1800	0	789	0	1
10	1438	1071	1654	4279	5773	12.0	1800	0	789	0	1
10	1441	1072	1657	4286	5772	11.0	1800	0	789	0	1
10	1438	1071	1654	4279	5773	12.0	1800	0	789	0	1
10	1438	1071	1654	4278	5773	12.0	1800	0	789	0	1
10	1437	1069	1652	4273	5771	11.0	1800	0	789	0	1
10	1438	1071	1653	4278	5770	13.0	1800	0	789	0	1
10	1437	1069	1652	4273	5771	11.0	1800	0	789	0	1
10	1481	1094	1698	4391	5759	3.0	1800	0	789	0	1
10	1473	1090	1700	4382	5788	0.0	1800	0	789	0	1
10	1477	1092	1698	4385	5771	1.0	1800	0	789	0	1
10	1479	1092	1697	4387	5762	1.0	1800	0	789	0	1
10	1478	1093	1702	4392	5778	0.0	1800	0	789	0	1
10	1475	1091	1697	4382	5774	1.0	1800	0	789	0	1
10	1480	1093	1698	4389	5762	1.0	1800	0	789	0	1
10	1477	1092	1701	4389	5778	0.0	1800	0	789	0	1
10	1476	1092	1699	4385	5776	0.0	1800	0	789	0	1
10	1479	1092	1697	4386	5762	1.0	1800	0	789	0	1
10	1473	1090	1696	4378	5777	0.0	1800	0	789	0	1
10	1476	1091	1699	4384	5776	0.0	1800	0	789	0	1
10	1437	1070	1653	4275	5773	12.0	1800	0	789	0	1
10	1437	1070	1653	4275	5773	12.0	1800	0	789	0	1
10	1437	1070	1652	4274	5771	13.0	1800	0	789	0	1
10	1437	1069	1652	4274	5771	11.0	1800	0	789	0	1
10	1437	1070	1652	4275	5771	13.0	1800	0	789	0	0
10	1441	1071	1653	4281	5761	12.0	1800	0	789	0	0
10	354	474	409	1277	5792	333.0	1800	0	789	0	0
10	353	473	408	1274	5794	333.0	1800	0	789	0	0
10	354	474	409	1277	5792	333.0	1800	0	789	0	0
10	353	473	408	1274	5794	333.0	1800	0	789	0	0
10	354	474	409	1278	5792	333.0	1800	0	789	0	0
11	353	473	408	1275	5794	333.0	1800	0	921	0	1
11	354	474	409	1278	5792	333.0	1800	0	921	0	1
11	1446	1111	1871	4552	6320	0.0	1800	0	921	0	1
11	1446	1112	1873	4554	6326	0.0	1800	0	921	0	1
11	1444	1111	1872	4550	6330	0.0	1800	0	921	0	1
11	1446	1113	1873	4555	6326	0.0	1800	0	921	0	1
11	1444	1111	1872	4549	6330	0.0	1800	0	921	0	1
11	1446	1112	1873	4555	6326	0.0	1800	0	921	0	1
11	1444	1110	1871	4549	6327	0.0	1800	0	921	0	1
11	1444	1110	1871	4555	6327	0.0	1800	0	921	0	1
11	1485	1136	1931	4678	6345	0.0	1800	0	921	0	1
11	1483	1133	1926	4668	6339	0.0	1800	0	921	0	1
11	1488	1136	1926	4677	6322	0.0	1800	0	921	0	1
11	1485	1134	1929	4674	6340	0.0	1800	0	921	0	1
11	1480	1133	1922	4661	6338	0.0	1800	0	921	0	1
11	1485	1134	1924	4669	6327	0.0	1800	0	921	0	1
11	1488	1137	1929	4680	6330	0.0	1800	0	921	0	1
11	1483	1133	1928	4671	6344	0.0	1800	0	921	0	1
11	1482	1134	1925	4668	6339	0.0	1800	0	921	0	1
11	1486	1134	1924	4671	6324	0.0	1800	0	921	0	1
11	1486	1137	1932	4681	6344	0.0	1800	0	921	0	1
11	1483	1133	1924	4666	6333	0.0	1800	0	921	0	1
11	1451	1116	1880	4571	6327	0.0	1800	0	921	0	1
11	1444	1110	1871	4548	6327	0.0	1800	0	921	0	1
11	1446	1113	1874	4556	6328	0.0	1800	0	921	0	1
11	1444	1110	1871	4548	6327	0.0	1800	0	921	0	1
11	1446	1113	1874	4556	6328	0.0	1800	0	921	0	1
11	1444	1110	1873	4548	6332	0.0	1800	0	921	0	0
11	1443	1110	1871	4547	6331	0.0	1800	0	921	0	0
11	355	475	410	1280	5791	334.0	1800	0	921	0	0
11	352	472	407	1271	5796	332.0	1800	0	921	0	0
11	355	475	410	1280	5791	334.0	1800	0	921	0	0
11	352	472	407	1271	5796	332.0	1800	0	921	0	0
11	354	475	410	1280	5803	334.0	1800	0	921	0	0
12	352	472	407	1272	5796	332.0	1800	0	1052	0	1
12	354	475	410	1280	5803	334.0	1800	0	1052	0	1
12	1453	1152	2090	4825	6871	0.0	1800	0	1052	0	1
12	1454	1155	2093	4832	6875	0.0	1800	0	1052	0	1
12	1452	1152	2090	4825	6875	0.0	1800	0	1052	0	1
12	1454	1155	2092	4832	6872	0.0	1800	0	1052	0	1
12	1452	1152	2090	4824	6875	0.0	1800	0	1052	0	1
12	1454	1155	2093	4832	6875	0.0	1800	0	1052	0	1
12	1452	1152	2090	4824	6875	0.0	1800	0	1052	0	1
12	1454	1156	2099	4840	6891	0.0	1800	0	1052	0	1
12	1452	1151	2090	4823	6875	0.0	1800	0	1052	0	1
12	1474	1167	2125	4898	6883	0.0	1800	0	1052	0	1
12	1495	1179	2153	4961	6877	0.0	1800	0	1052	0	1
12	1495	1178	2151	4958	6872	0.0	1800	0	1052	0	1
12	1494	1180	2159	4968	6896	0.0	1800	0	1052	0	1
12	1492	1177	2151	4954	6883	0.0	1800	0	1052	0	1
12	1492	1177	2146	4949	6871	0.0	1800	0	1052	0	1
12	1493	1178	2157	4962	6895	0.0	1800	0	1052	0	1
12	1493	1179	2156	4963	6892	0.0	1800	0	1052	0	1
12	1494	1177	2151	4957	6876	0.0	1800	0	1052	0	1
12	1496	1180	2156	4967	6881	0.0	1800	0	1052	0	1
12	1492	1178	2156	4960	6896	0.0	1800	0	1052	0	1
12	1453	1154	2092	4831	6876	0.0	1800	0	1052	0	1
12	1452	1152	2091	4826	6877	0.0	1800	0	1052	0	1
12	1458	1156	2093	4838	6860	0.0	1800	0	1052	0	1
12	1452	1152	2091	4826	6877	0.0	1800	0	1052	0	1
12	1453	1154	2092	4830	6876	0.0	1800	0	1052	0	1
12	1452	1153	2090	4826	6875	0.0	1800	0	1052	0	0
12	1453	1154	2091	4829	6873	0.0	1800	0	1052	0	0
12	1452	1152	2090	4826	6875	0.0	1800	0	1052	0	0
12	353	473	408	1274	5794	333.0	1800	0	1052	0	0
12	353	473	409	1277	5805	332.0	1800	0	1052	0	0
12	353	473	408	1275	5794	333.0	1800	0	1052	0	0
12	353	473	409	1276	5805	332.0	1800	0	1052	0	0
13	353	473	408	1275	5794	333.0	1800	0	1184	0	1
13	353	473	409	1276	5805	332.0	1800	0	1184	0	1
13	1462	1195	2312	5108	7416	0.0	1800	0	1184	0	1
13	1461	1195	2312	5106	7420	0.0	1800	0	1184	0	1
13	1461	1195	2312	5106	7420	0.0	1800	0	1184	0	1
13	1461	1195	2312	5105	7420	0.0	1800	0	1184	0	1
13	1461	1195	2312	5106	7420	0.0	1800	0	1184	0	1
13	1465	1198	2320	5122	7424	0.0	1800	0	1184	0	1
13	1461	1195	2312	5107	7420	0.0	1800	0	1184	0	1
13	1460	1194	2311	5104	7421	0.0	1800	0	1184	0	1
13	1461	1196	2312	5108	7420	0.0	1800	0	1184	0	1
13	1465	1196	2312	5112	7403	0.0	1800	0	1184	0	1
13	1461	1196	2312	5108	7420	0.0	1800	0	1184	0	1
13	1504	1222	2380	5247	7420	0.0	1800	0	1184	0	1
13	1495	1217	2373	5226	7438	0.0	1800	0	1184	0	1
13	1505	1223	2381	5250	7418	0.0	1800	0	1184	0	1
13	1501	1221	2385	5250	7444	0.0	1800	0	1184	0	1
13	1501	1222	2385	5250	7444	0.0	1800	0	1184	0	1
13	1503	1220	2379	5244	7421	0.0	1800	0	1184	0	1
13	1503	1223	2385	5254	7436	0.0	1800	0	1184	0	1
13	1499	1220	2385	5246	7452	0.0	1800	0	1184	0	1
13	1503	1222	2381	5249	7426	0.0	1800	0	1184	0	1
13	1502	1221	2381	5245	7430	0.0	1800	0	1184	0	1
13	1496	1220	2380	5238	7452	0.0	1800	0	1184	0	1
13	1460	1193	2311	5102	7421	0.0	1800	0	1184	0	1
13	1461	1196	2313	5108	7422	0.0	1800	0	1184	0	1
13	1459	1193	2310	5101	7423	0.0	1800	0	1184	0	1
13	1462	1197	2320	5118	7436	0.0	1800	0	1184	0	0
13	1459	1193	2310	5101	7423	0.0	1800	0	1184	0	0
13	1461	1196	2313	5108	7422	0.0	1800	0	1184	0	0
13	352	471	407	1270	5796	331.0	1800	0	1184	0	0
13	354	474	409	1278	5792	333.0	1800	0	1184	0	0
13	354	474	409	1278	5792	333.0	1800	0	1184	0	0
13	352	471	407	1270	5796	331.0	1800	0	1184	0	0
14	354	474	409	1279	5792	333.0	1800	0	1315	0	1
14	352	471	407	1271	5796	331.0	1800	0	1315	0	1
14	1471	1238	2532	5388	7949	0.0	1800	0	1315	0	1
14	1468	1235	2530	5378	7957	0.0	1800	0	1315	0	1
14	1474	1240	2533	5394	7938	0.0	1800	0	1315	0	1
14	1467	1235	2530	5378	7961	0.0	1800	0	1315	0	1
14	1470	1238	2532	5386	7953	0.0	1800	0	1315	0	1
14	1467	1235	2530	5378	7961	0.0	1800	0	1315	0	1
14	1470	1238	2533	5386	7956	0.0	1800	0	1315	0	1
14	1467	1235	2530	5378	7961	0.0	1800	0	1315	0	1
14	1470	1238	2533	5387	7956	0.0	1800	0	1315	0	1
14	1467	1235	2530	5378	7961	0.0	1800	0	1315	0	1
14	1505	1263	2607	5524	7990	0.0	1800	0	1315	0	1
14	1510	1263	2606	5528	7966	0.0	1800	0	1315	0	1
14	1513	1267	2611	5540	7965	0.0	1800	0	1315	0	1
14	1507	1264	2614	5535	7999	0.0	1800	0	1315	0	1
14	1511	1262	2598	5520	7941	0.0	1800	0	1315	0	1
14	1510	1267	2617	5543	7994	0.0	1800	0	1315	0	1
14	1508	1263	2609	5529	7982	0.0	1800	0	1315	0	1
14	1513	1266	2609	5538	7960	0.0	1800	0	1315	0	1
14	1505	1261	2602	5517	7978	0.0	1800	0	1315	0	1
14	1510	1266	2614	5539	7986	0.0	1800	0	1315	0	1
14	1510	1263	2606	5529	7966	0.0	1800	0	1315	0	1
14	1469	1238	2532	5385	7957	0.0	1800	0	1315	0	1
14	1473	1238	2540	5397	7960	0.0	1800	0	1315	0	1
14	1469	1238	2532	5385	7957	0.0	1800	0	1315	0	1
14	1467	1235	2530	5379	7961	0.0	1800	0	1315	0	1
14	1469	1238	2532	5385	7957	0.0	1800	0	1315	0	1
14	1468	1235	2530	5379	7957	0.0	1800	0	1315	0	0
14	1469	1237	2532	5385	7957	0.0	1800	0	1315	0	0
14	352	472	407	1272	5796	332.0	1800	0	1315	0	0
14	354	474	409	1278	5792	333.0	1800	0	1315	0	0
14	352	472	407	1272	5796	332.0	1800	0	1315	0	0
14	354	474	409	1277	5792	333.0	1800	0	1315	0	0
15	354	474	409	1273	5792	333.0	1800	0	1447	0	1
15	352	472	408	1273	5807	332.0	1800	0	1447	0	1
15	1484	1284	2764	5686	8487	0.0	1800	0	1447	0	1
15	1476	1278	2753	5660	8497	0.0	1800	0	1447	0	1
15	1477	1279	2754	5663	8495	0.0	1800	0	1447	0	1
15	1476	1278	2752	5659	8494	0.0	1800	0	1447	0	1
15	1482	1281	2754	5670	8471	0.0	1800	0	1447	0	1
15	1476	1278	2752	5660	8494	0.0	1800	0	1447	0	1
15	1477	1279	2753	5662	8492	0.0	1800	0	1447	0	1
15	1476	1278	2752	5659	8494	0.0	1800	0	1447	0	1
15	1477	1279	2753	5662	8492	0.0	1800	0	1447	0	1
15	1476	1278	2753	5660	8497	0.0	1800	0	1447	0	1
15	1487	1287	2783	5712	8521	0.0	1800	0	1447	0	1
15	1519	1308	2837	5820	8506	0.0	1800	0	1447	0	1
15	1521	1309	2838	5825	8499	0.0	1800	0	1447	0	1
15	1517	1309	2844	5828	8533	0.0	1800	0	1447	0	1
15	1517	1308	2842	5825	8528	0.0	1800	0	1447	0	1
15	1519	1308	2837	5821	8506	0.0	1800	0	1447	0	1
15	1520	1309	2835	5825	8497	0.0	1800	0	1447	0	1
15	1517	1308	2841	5824	8526	0.0	1800	0	1447	0	1
15	1520	1309	2837	5824	8502	0.0	1800	0	1447	0	1
15	1519	1309	2839	5825	8511	0.0	1800	0	1447	0	1
15	1512	1307	2846	5824	8562	0.0	1800	0	1447	0	1
15	1486	1284	2767	5691	8485	0.0	1800	0	1447	0	1
15	1477	1279	2753	5661	8492	0.0	1800	0	1447	0	1
15	1476	1278	2752	5659	8494	0.0	1800	0	1447	0	1
15	1482	1282	2763	5681	8494	0.0	1800	0	1447	0	1
15	1476	1278	2752	5659	8494	0.0	1800	0	1447	0	1
15	1477	1279	2754	5662	8495	0.0	1800	0	1447	0	0
15	1476	1278	2752	5659	8494	0.0	1800	0	1447	0	0
15	353	473	408	1276	5794	333.0	1800	0	1447	0	0
15	352	472	408	1273	5807	332.0	1800	0	1447	0	0
15	353	473	408	1276	5794	333.0	1800	0	1447	0	0
15	352	472	407	1272	5796	332.0	1800	0	1447	0	0
15	353	473	409	1276	5805	332.0	1800	0	1447	0	0
16	352	472	408	1273	5807	332.0	1800	0	1578	0	1
16	354	474	409	1277	5792	333.0	1800	0	1578	0	1
16	1485	1321	2974	5942	9021	0.0	1800	0	1578	0	1
16	1484	1319	2973	5937	9023	0.0	1800	0	1578	0	1
16	1485	1321	2974	5942	9021	0.0	1800	0	1578	0	1
16	1484	1319	2972	5936	9021	0.0	1800	0	1578	0	1
16	1485	1321	2974	5942	9021	0.0	1800	0	1578	0	1
16	1484	1319	2972	5936	9021	0.0	1800	0	1578	0	1
16	1490	1325	2985	5962	9023	0.0	1800	0	1578	0	1
16	1483	1319	2972	5935	9026	0.0	1800	0	1578	0	1
16	1485	1321	2974	5942	9021	0.0	1800	0	1578	0	1
16	1483	1319	2972	5935	9026	0.0	1800	0	1578	0	1
16	1490	1325	2986	5963	9026	0.0	1800	0	1578	0	1
16	1526	1350	3064	6105	9040	0.0	1800	0	1578	0	1
16	1530	1353	3067	6115	9028	0.0	1800	0	1578	0	1
16	1525	1351	3072	6113	9065	0.0	1800	0	1578	0	1
16	1521	1349	3060	6096	9056	0.0	1800	0	1578	0	1
16	1526	1350	3064	6105	9040	0.0	1800	0	1578	0	1
16	1529	1353	3068	6116	9035	0.0	1800	0	1578	0	1
16	1524	1351	3073	6112	9073	0.0	1800	0	1578	0	1
16	1527	1350	3064	6106	9035	0.0	1800	0	1578	0	1
16	1529	1354	3070	6117	9040	0.0	1800	0	1578	0	1
16	1524	1351	3074	6114	9076	0.0	1800	0	1578	0	1
16	1527	1353	3069	6115	9048	0.0	1800	0	1578	0	1
16	1484	1319	2972	5935	9021	0.0	1800	0	1578	0	1
16	1485	1322	2974	5942	9021	0.0	1800	0	1578	0	1
16	1483	1319	2972	5934	9026	0.0	1800	0	1578	0	1
16	1486	1322	2975	5943	9018	0.0	1800	0	1578	0	0
16	1483	1319	2972	5934	9026	0.0	1800	0	1578	0	0
16	354	474	410	1279	5803	333.0	1800	0	1578	0	0
16	352	471	407	1270	5796	331.0	1800	0	1578	0	0
16	354	474	409	1279	5792	333.0	1800	0	1578	0	0
16	352	471	407	1270	5796	331.0	1800	0	1578	0	0
16	354	474	409	1279	5792	333.0	1800	0	1578	0	0
17	352	471	407	1271	5796	331.0	1800	0	1710	0	1
17	354	474	409	1279	5792	333.0	1800	0	1710	0	1
17	1494	1364	3206	6233	9566	0.0	1800	0	1710	0	1
17	1494	1365	3197	6225	9543	0.0	1800	0	1710	0	1
17	1494	1364	3197	6224	9543	0.0	1800	0	1710	0	1
17	1497	1365	3208	6238	9555	0.0	1800	0	1710	0	1
17	1494	1364	3197	6223	9543	0.0	1800	0	1710	0	1
17	1492	1361	3195	6216	9549	0.0	1800	0	1710	0	1
17	1494	1364	3197	6223	9543	0.0	1800	0	1710	0	1
17	1492	1362	3195	6217	9549	0.0	1800	0	1710	0	1
17	1493	1364	3197	6223	9549	0.0	1800	0	1710	0	1
17	1492	1362	3195	6217	9549	0.0	1800	0	1710	0	1
17	1512	1379	3246	6307	9570	0.0	1800	0	1710	0	1
17	1531	1393	3297	6394	9595	0.0	1800	0	1710	0	1
17	1534	1398	3308	6414	9607	0.0	1800	0	1710	0	1
17	1535	1395	3297	6400	9574	0.0	1800	0	1710	0	1
17	1538	1397	3298	6406	9560	0.0	1800	0	1710	0	1
17	1534	1396	3305	6408	9599	0.0	1800	0	1710	0	1
17	1535	1397	3301	6407	9584	0.0	1800	0	1710	0	1
17	1537	1396	3296	6402	9561	0.0	1800	0	1710	0	1
17	1535	1397	3306	6411	9596	0.0	1800	0	1710	0	1
17	1534	1395	3300	6403	9587	0.0	1800	0	1710	0	1
17	1534	1396	3304	6408	9597	0.0	1800	0	1710	0	1
17	1493	1363	3196	6220	9546	0.0	1800	0	1710	0	1
17	1493	1363	3196	6219	9546	0.0	1800	0	1710	0	1
17	1498	1367	3209	6242	9552	0.0	1800	0	1710	0	1
17	1493	1363	3196	6220	9546	0.0	1800	0	1710	0	1
17	1493	1363	3196	6220	9546	0.0	1800	0	1710	0	0
17	1493	1363	3196	6220	9546	0.0	1800	0	1710	0	0
17	353	472	408	1274	5794	331.0	1800	0	1710	0	0
17	353	473	408	1275	5794	333.0	1800	0	1710	0	0
17	353	472	408	1274	5794	331.0	1800	0	1710	0	0
17	353	473	408	1275	5794	333.0	1800	0	1710	0	0
17	352	472	408	1273	5807	332.0	1800	0	1710	0	0
18	353	473	408	1276	5794	333.0	1800	0	1842	0	1
18	352	472	407	1272	5796	332.0	1800	0	1842	0	1
18	1503	1406	3420	6506	10060	0.0	1800	0	1842	0	1
18	1501	1405	3419	6501	10069	0.0	1800	0	1842	0	1
18	1502	1409	3433	6520	10099	0.0	1800	0	1842	0	1
18	1500	1404	3419	6499	10075	0.0	1800	0	1842	0	1
18	1500	1404	3418	6498	10072	0.0	1800	0	1842	0	1
18	1506	1410	3433	6526	10076	0.0	1800	0	1842	0	1
18	1500	1404	3418	6497	10072	0.0	1800	0	1842	0	1
18	1501	1406	3420	6503	10072	0.0	1800	0	1842	0	1
18	1499	1403	3418	6496	10078	0.0	1800	0	1842	0	1
18	1501	1405	3419	6501	10069	0.0	1800	0	1842	0	1
18	1499	1402	3417	6494	10075	0.0	1800	0	1842	0	1
18	1544	1440	3529	6694	10099	0.0	1800	0	1842	0	1
18	1543	1437	3526	6687	10097	0.0	1800	0	1842	0	1
18	1542	1440	3537	6701	10130	0.0	1800	0	1842	0	1
18	1540	1437	3530	6688	10124	0.0	1800	0	1842	0	1
18	1545	1440	3528	6694	10091	0.0	1800	0	1842	0	1
18	1542	1437	3529	6688	10110	0.0	1800	0	1842	0	1
18	1542	1441	3538	6701	10132	0.0	1800	0	1842	0	1
18	1541	1434	3516	6671	10084	0.0	1800	0	1842	0	1
18	1546	1440	3528	6695	10085	0.0	1800	0	1842	0	1
18	1541	1437	3532	6691	10123	0.0	1800	0	1842	0	1
18	1543	1440	3535	6699	10119	0.0	1800	0	1842	0	1
18	1501	1405	3419	6570	10069	0.0	1800	0	1842	0	1
18	1498	1402	3416	6493	10079	0.0	1800	0	1842	0	1
18	1500	1405	3419	6501	10075	0.0	1800	0	1842	0	1
18	1504	1406	3430	6516	10080	0.0	1800	0	1842	0	0
18	1501	1405	3419	6501	10069	0.0	1800	0	1842	0	0
18	350	469	405	1265	5799	330.0	1800	0	1842	0	0
18	352	472	408	1274	5807	332.0	1800	0	1842	0	0
18	350	469	405	1266	5799	330.0	1800	0	1842	0	0
18	353	472	408	1274	5794	331.0	1800	0	1842	0	0
18	350	470	406	1266	5810	331.0	1800	0	1842	0	0
19	352	472	408	1274	5807	332.0	1800	0	1973	0	1
19	350	470	406	1267	5810	331.0	1800	0	1973	0	1
19	1429	1379	3412	6393	10488	0.0	1800	0	1973	0	1
19	1539	1472	3727	6925	10617	0.0	1800	0	1973	0	1
19	1510	1448	3642	6783	10580	0.0	1800	0	1973	0	1
19	1508	1445	3640	6776	10587	0.0	1800	0	1973	0	1
19	1509	1447	3642	6782	10586	0.0	1800	0	1973	0	1
19	1508	1445	3640	6776	10587	0.0	1800	0	1973	0	1
19	1509	1445	3640	6781	10581	0.0	1800	0	1973	0	1
19	1509	1447	3642	6781	10586	0.0	1800	0	1973	0	1
19	1508	1446	3641	6779	10590	0.0	1800	0	1973	0	1
19	1510	1448	3642	6783	10580	0.0	1800	0	1973	0	1
19	1509	1446	3641	6779	10583	0.0	1800	0	1973	0	1
19	1509	1446	3641	6779	10583	0.0	1800	0	1973	0	1
19	1549	1481	3758	6977	10634	0.0	1800	0	1973	0	1
19	1550	1482	3767	6989	10650	0.0	1800	0	1973	0	1
19	1552	1481	3758	6980	10616	0.0	1800	0	1973	0	1
19	1552	1481	3758	6980	10616	0.0	1800	0	1973	0	1
19	1544	1477	3752	6962	10649	0.0	1800	0	1973	0	1
19	1551	1481	3759	6979	10624	0.0	1800	0	1973	0	1
19	1552	1481	3756	6978	10611	0.0	1800	0	1973	0	1
19	1549	1481	3765	6983	10651	0.0	1800	0	1973	0	1
19	1546	1479	3760	6974	10657	0.0	1800	0	1973	0	1
19	1552	1480	3755	6976	10609	0.0	1800	0	1973	0	1
19	1550	1482	3765	6985	10645	0.0	1800	0	1973	0	1
19	1549	1480	3761	6978	10641	0.0	1800	0	1973	0	1
19	1513	1449	3654	6800	10592	0.0	1800	0	1973	0	1
19	1508	1445	3639	6776	10585	0.0	1800	0	1973	0	0
19	1507	1443	3638	6771	10588	0.0	1800	0	1973	0	0
19	351	470	406	1268	5798	330.0	1800	0	1973	0	0
19	349	468	404	1262	5801	329.0	1800	0	1973	0	0
19	351	470	406	1268	5798	330.0	1800	0	1973	0	0
19	349	467	404	1261	5801	328.0	1800	0	1973	0	0
19	351	470	406	1268	5798	330.0	1800	0	1973	0	0
20	349	467	404	1260	5801	328.0	1800	0	2105	0	1
20	351	470	406	1268	5798	330.0	1800	0	2105	0	1
20	1510	1481	3846	7027	11095	0.0	1800	0	2105	0	1
20	1521	1490	3866	7068	11075	0.0	1800	0	2105	0	1
20	1518	1487	3864	7059	11089	0.0	1800	0	2105	0	1
20	1520	1490	3866	7069	11081	0.0	1800	0	2105	0	1
20	1518	1487	3863	7059	11086	0.0	1800	0	2105	0	1
20	1521	1490	3866	7069	11075	0.0	1800	0	2105	0	1
20	1524	1492	3879	7086	11088	0.0	1800	0	2105	0	1
20	1521	1490	3866	7069	11075	0.0	1800	0	2105	0	1
20	1518	1487	3864	7060	11089	0.0	1800	0	2105	0	1
20	1518	1487	3864	7060	11089	0.0	1800	0	2105	0	1
20	1521	1490	3866	7068	11075	0.0	1800	0	2105	0	1
20	1534	1503	3922	7153	11132	0.0	1800	0	2105	0	1
20	1565	1528	3994	7284	11114	0.0	1800	0	2105	0	1
20	1558	1521	3975	7250	11111	0.0	1800	0	2105	0	1
20	1563	1529	4002	7290	11146	0.0	1800	0	2105	0	1
20	1563	1526	3993	7278	11124	0.0	1800	0	2105	0	1
20	1565	1528	3993	7283	11111	0.0	1800	0	2105	0	1
20	1561	1526	4000	7283	11153	0.0	1800	0	2105	0	1
20	1564	1528	3995	7284	11123	0.0	1800	0	2105	0	1
20	1564	1526	3991	7277	11113	0.0	1800	0	2105	0	1
20	1562	1528	4002	7290	11152	0.0	1800	0	2105	0	1
20	1563	1526	3992	7279	11121	0.0	1800	0	2105	0	1
20	1560	1523	3978	7257	11106	0.0	1800	0	2105	0	1
20	1519	1488	3864	7063	11082	0.0	1800	0	2105	0	1
20	1520	1489	3865	7065	11078	0.0	1800	0	2105	0	1
20	1519	1488	3865	7063	11085	0.0	1800	0	2105	0	0
20	1520	1492	3880	7083	11116	0.0	1800	0	2105	0	0
20	350	469	405	1265	5799	330.0	1800	0	2105	0	0
20	350	469	405	1266	5799	330.0	1800	0	2105	0	0
20	350	468	405	1264	5799	328.0	1800	0	2105	0	0
20	351	469	406	1266	5798	329.0	1800	0	2105	0	0
20	350	468	405	1264	5799	328.0	1800	0	2105	0	0
21	351	470	406	1268	5798	330.0	1800	0	2236	0	1
21	350	469	405	1264	5799	330.0	1800	0	2236	0	1
21	1496	1509	4022	7223	11634	0.0	1800	0	2236	0	1
21	1519	1527	4087	7331	11642	0.0	1800	0	2236	0	1
21	1520	1529	4088	7336	11637	0.0	1800	0	2236	0	1
21	1518	1527	4087	7330	11648	0.0	1800	0	2236	0	1
21	1520	1529	4088	7336	11637	0.0	1800	0	2236	0	1
21	1518	1526	4086	7328	11646	0.0	1800	0	2236	0	1
21	1520	1529	4088	7336	11637	0.0	1800	0	2236	0	1
21	1518	1527	4086	7328	11646	0.0	1800	0	2236	0	1
21	1525	1534	4105	7363	11646	0.0	1800	0	2236	0	1
21	1518	1527	4086	7328	11646	0.0	1800	0	2236	0	1
21	1520	1530	4088	7337	11637	0.0	1800	0	2236	0	1
21	1522	1533	4104	7358	11664	0.0	1800	0	2236	0	1
21	1564	1566	4218	7552	11666	0.0	1800	0	2236	0	1
21	1563	1570	4230	7567	11702	0.0	1800	0	2236	0	1
21	1561	1567	4227	7559	11708	0.0	1800	0	2236	0	1
21	1562	1568	4220	7553	11684	0.0	1800	0	2236	0	1
21	1560	1567	4228	7559	11717	0.0	1800	0	2236	0	1
21	1564	1570	4229	7567	11693	0.0	1800	0	2236	0	1
21	1564	1566	4219	7553	11668	0.0	1800	0	2236	0	1
21	1563	1570	4231	7567	11704	0.0	1800	0	2236	0	1
21	1561	1567	4226	7558	11705	0.0	1800	0	2236	0	1
21	1566	1569	4220	7560	11658	0.0	1800	0	2236	0	1
21	1561	1566	4227	7558	11708	0.0	1800	0	2236	0	1
21	1530	1537	4114	7381	11635	0.0	1800	0	2236	0	1
21	1518	1527	4086	7329	11646	0.0	1800	0	2236	0	1
21	1520	1529	4088	7335	11637	0.0	1800	0	2236	0	0
21	1518	1527	4086	7329	11646	0.0	1800	0	2236	0	0
21	1519	1529	4088	7334	11644	0.0	1800	0	2236	0	0
21	350	468	404	1262	5788	329.0	1800	0	2236	0	0
21	350	468	405	1267	5799	328.0	1800	0	2236	0	0
21	351	470	406	1267	5798	330.0	1800	0	2236	0	0
21	350	469	405	1265	5799	330.0	1800	0	2236	0	0
22	351	470	406	1267	5798	330.0	1800	0	2368	0	1
22	350	469	405	1265	5799	330.0	1800	0	2368	0	1
22	1350	1404	3721	6657	11892	0.0	1800	0	2368	0	1
22	1571	1608	4437	7828	12151	0.0	1800	0	2368	0	1
22	1547	1587	4365	7708	12141	0.0	1800	0	2368	0	1
22	1525	1568	4296	7594	12123	0.0	1800	0	2368	0	1
22	1525	1567	4295	7593	12121	0.0	1800	0	2368	0	1
22	1525	1568	4296	7594	12123	0.0	1800	0	2368	0	1
22	1529	1568	4296	7599	12095	0.0	1800	0	2368	0	1
22	1525	1568	4296	7594	12123	0.0	1800	0	2368	0	1
22	1524	1566	4295	7590	12128	0.0	1800	0	2368	0	1
22	1525	1568	4296	7595	12123	0.0	1800	0	2368	0	1
22	1524	1566	4295	7590	12128	0.0	1800	0	2368	0	1
22	1526	1568	4297	7596	12119	0.0	1800	0	2368	0	1
22	1524	1566	4295	7590	12128	0.0	1800	0	2368	0	1
22	1526	1569	4442	7597	12481	0.0	1800	0	2368	0	1
22	1569	1611	4447	7839	12189	0.0	1800	0	2368	0	1
22	1571	1607	4435	7824	12146	0.0	1800	0	2368	0	1
22	1570	1610	4445	7837	12177	0.0	1800	0	2368	0	1
22	1567	1607	4445	7830	12198	0.0	1800	0	2368	0	1
22	1572	1607	4421	7811	12106	0.0	1800	0	2368	0	1
22	1567	1607	4443	7829	12193	0.0	1800	0	2368	0	1
22	1570	1611	4447	7840	12182	0.0	1800	0	2368	0	1
22	1570	1607	4435	7823	12153	0.0	1800	0	2368	0	1
22	1564	1606	4430	7810	12182	0.0	1800	0	2368	0	1
22	1568	1607	4442	7829	12184	0.0	1800	0	2368	0	1
22	1572	1610	4439	7832	12149	0.0	1800	0	2368	0	1
22	1524	1566	4294	7589	12126	0.0	1800	0	2368	0	1
22	1531	1574	4315	7626	12129	0.0	1800	0	2368	0	0
22	1524	1566	4295	7590	12128	0.0	1800	0	2368	0	0
22	351	470	407	1269	5808	329.0	1800	0	2368	0	0
22	349	467	404	1261	5801	328.0	1800	0	2368	0	0
22	351	470	406	1268	5798	330.0	1800	0	2368	0	0
22	349	467	404	1261	5801	328.0	1800	0	2368	0	0
23	349	468	404	1261	5801	329.0	1800	0	2500	0	1
23	351	469	405	1266	5787	329.0	1800	0	2500	0	1
23	1437	1513	4167	7315	12439	0.0	1800	0	2500	0	1
23	1571	1642	4623	8053	12602	0.0	1800	0	2500	0	1
23	1531	1604	4494	7841	12574	0.0	1800	0	2500	0	1
23	1532	1606	4496	7845	12572	0.0	1800	0	2500	0	1
23	1532	1605	4496	7844	12572	0.0	1800	0	2500	0	1
23	1532	1606	4497	7846	12574	0.0	1800	0	2500	0	1
23	1532	1606	4497	7847	12574	0.0	1800	0	2500	0	1
23	1532	1605	4498	7846	12577	0.0	1800	0	2500	0	1
23	1538	1611	4517	7878	12580	0.0	1800	0	2500	0	1
23	1532	1605	4499	7847	12579	0.0	1800	0	2500	0	1
23	1533	1607	4500	7852	12574	0.0	1800	0	2500	0	1
23	1532	1606	4500	7850	12582	0.0	1800	0	2500	0	1
23	1539	1612	4520	7884	12580	0.0	1800	0	2500	0	1
23	1564	1638	4622	8041	12650	0.0	1800	0	2500	0	1
23	1579	1651	4657	8105	12627	0.0	1800	0	2500	0	1
23	1578	1648	4651	8095	12620	0.0	1800	0	2500	0	1
23	1577	1648	4654	8098	12634	0.0	1800	0	2500	0	1
23	1580	1651	4655	8104	12616	0.0	1800	0	2500	0	1
23	1575	1648	4661	8103	12666	0.0	1800	0	2500	0	1
23	1580	1651	4657	8107	12620	0.0	1800	0	2500	0	1
23	1577	1648	4654	8097	12634	0.0	1800	0	2500	0	1
23	1577	1651	4664	8111	12659	0.0	1800	0	2500	0	1
23	1578	1648	4654	8098	12627	0.0	1800	0	2500	0	1
23	1580	1651	4657	8106	12620	0.0	1800	0	2500	0	1
23	1532	1605	4502	7852	12587	0.0	1800	0	2500	0	1
23	1535	1609	4505	7860	12572	0.0	1800	0	2500	0	1
