Stim	R	G	B	C	Temp	HueLux	Yellow	Red	Blue	Blue2	Trig
1	323	405	207	978	3832	382.0	1800	0	0	0	1
1	1365	791	362	2601	2401	540.0	1800	0	0	0	1
1	2411	1180	520	4233	2212	699.0	1800	0	0	0	1
1	2410	1178	519	4229	2211	697.0	1800	0	0	0	1
1	2407	1178	520	4228	2214	697.0	1800	0	0	0	1
1	2406	1176	519	4222	2212	695.0	1800	0	0	0	1
1	2411	1179	520	4232	2212	697.0	1800	0	0	0	1
1	2405	1176	518	4221	2211	696.0	1800	0	0	0	1
1	2407	1178	520	4227	2214	697.0	1800	0	0	0	1
1	2408	1177	519	4226	2212	696.0	1800	0	0	0	1
1	2406	1178	520	4226	2214	697.0	1800	0	0	0	1
1	2410	1179	520	4231	2213	697.0	1800	0	0	0	1
1	2404	1175	518	4219	2211	694.0	1800	0	0	0	1
1	2407	1178	520	4227	2214	697.0	1800	0	0	0	1
1	2407	1176	519	4224	2212	694.0	1800	0	0	0	1
1	2405	1178	519	4225	2213	698.0	1800	0	0	0	1
1	2405	1176	518	4221	2211	696.0	1800	0	0	0	1
1	2409	1179	520	4230	2213	698.0	1800	0	0	0	1
1	2403	1175	518	4218	2212	695.0	1800	0	0	0	1
1	2407	1178	520	4227	2214	697.0	1800	0	0	0	1
1	2407	1176	519	4224	2212	694.0	1800	0	0	0	1
1	2406	1178	519	4225	2212	698.0	1800	0	0	0	1
1	2405	1176	518	4220	2211	696.0	1800	0	0	0	1
1	2409	1179	520	4230	2213	698.0	1800	0	0	0	1
1	2403	1175	518	4218	2212	695.0	1800	0	0	0	1
1	2407	1178	520	4227	2214	697.0	1800	0	0	0	1
1	2407	1176	519	4223	2212	694.0	1800	0	0	0	1
1	2405	1178	519	4225	2213	698.0	1800	0	0	0	0
1	2405	1175	518	4221	2211	694.0	1800	0	0	0	0
1	320	402	205	972	3831	380.0	1800	0	0	0	0
1	323	405	207	978	3832	382.0	1800	0	0	0	0
1	320	402	205	972	3831	380.0	1800	0	0	0	0
1	322	405	207	978	3840	383.0	1800	0	0	0	0
1	320	402	205	971	3831	380.0	1800	0	0	0	0
2	322	405	207	978	3840	383.0	1800	0	0	0	1
2	1424	813	371	2693	2383	549.0	1800	0	0	0	1
2	2410	1179	520	4231	2213	697.0	1800	0	0	0	1
2	2405	1176	518	4221	2211	696.0	1800	0	0	0	1
2	2406	1178	519	4225	2212	698.0	1800	0	0	0	1
2	2407	1176	519	4224	2212	694.0	1800	0	0	0	1
2	2407	1178	519	4226	2212	698.0	1800	0	0	0	1
2	2404	1175	518	4219	2211	694.0	1800	0	0	0	1
2	2409	1179	520	4231	2213	698.0	1800	0	0	0	1
2	2405	1176	518	4221	2211	696.0	1800	0	0	0	1
2	2406	1178	519	4225	2212	698.0	1800	0	0	0	1
2	2408	1177	519	4226	2212	696.0	1800	0	0	0	1
2	2407	1178	520	4227	2214	697.0	1800	0	0	0	1
2	2409	1180	520	4221	2213	699.0	1800	0	0	0	1
2	2405	1177	519	4223	2213	697.0	1800	0	0	0	1
2	2406	1179	520	4227	2214	699.0	1800	0	0	0	1
2	2409	1178	519	4229	2211	697.0	1800	0	0	0	1
2	2407	1179	520	4227	2214	698.0	1800	0	0	0	1
2	2405	1177	519	4224	2213	697.0	1800	0	0	0	1
2	2410	1180	520	4233	2213	699.0	1800	0	0	0	1
2	2406	1178	519	4225	2212	698.0	1800	0	0	0	1
2	2406	1179	520	4227	2214	699.0	1800	0	0	0	1
2	2409	1179	520	4230	2213	698.0	1800	0	0	0	1
2	2406	1179	520	4227	2214	699.0	1800	0	0	0	1
2	2405	1178	519	4224	2213	698.0	1800	0	0	0	1
2	2409	1179	520	4230	2213	698.0	1800	0	0	0	1
2	2405	1177	519	4222	2213	697.0	1800	0	0	0	1
2	2405	1178	519	4224	2213	698.0	1800	0	0	0	0
2	2408	1178	519	4227	2212	697.0	1800	0	0	0	0
2	902	620	294	1881	2632	470.0	1800	0	0	0	0
2	321	404	206	975	3836	382.0	1800	0	0	0	0
2	322	405	207	977	3840	383.0	1800	0	0	0	0
2	323	406	207	980	3832	384.0	1800	0	0	0	0
2	323	406	207	981	3832	384.0	1800	0	0	0	0
3	324	407	207	981	3825	385.0	1800	0	0	0	1
3	1420	814	372	2692	2389	551.0	1800	0	0	0	1
3	2410	1181	520	4234	2213	701.0	1800	0	0	0	1
3	2406	1180	520	4229	2214	700.0	1800	0	0	0	1
3	2408	1180	520	4230	2213	700.0	1800	0	0	0	1
3	2410	1181	521	4234	2214	700.0	1800	0	0	0	1
3	2406	1179	520	4227	2214	699.0	1800	0	0	0	1
3	2408	1180	520	4231	2213	700.0	1800	0	0	0	1
3	2410	1181	520	4233	2213	701.0	1800	0	0	0	1
3	2407	1180	520	4230	2214	700.0	1800	0	0	0	1
3	2406	1179	520	4228	2214	699.0	1800	0	0	0	1
3	2411	1182	521	4236	2214	701.0	1800	0	0	0	1
3	2407	1179	520	4228	2214	698.0	1800	0	0	0	1
3	2407	1180	520	4230	2214	700.0	1800	0	0	0	1
3	2410	1180	520	4232	2213	699.0	1800	0	0	0	1
3	2408	1181	520	4232	2213	701.0	1800	0	0	0	1
3	2411	1182	521	4236	2214	701.0	1800	0	0	0	1
3	2407	1179	520	4228	2214	698.0	1800	0	0	0	1
3	2407	1181	520	4230	2214	702.0	1800	0	0	0	1
3	2409	1180	520	4232	2213	699.0	1800	0	0	0	1
3	2408	1181	520	4232	2213	701.0	1800	0	0	0	1
3	2406	1179	519	4226	2212	699.0	1800	0	0	0	1
3	2411	1182	521	4236	2214	701.0	1800	0	0	0	1
3	2406	1179	519	4227	2212	699.0	1800	0	0	0	1
3	2407	1181	520	4231	2214	702.0	1800	0	0	0	1
3	2409	1180	520	4232	2213	699.0	1800	0	0	0	1
3	2408	1181	521	4232	2215	700.0	1800	0	0	0	1
3	2405	1179	519	4225	2213	700.0	1800	0	0	0	0
3	2411	1182	521	4237	2214	701.0	1800	0	0	0	0
3	831	595	283	1772	2688	462.0	1800	0	0	0	0
3	325	408	208	985	3829	386.0	1800	0	0	0	0
3	323	406	207	980	3832	384.0	1800	0	0	0	0
3	325	408	208	985	3829	386.0	1800	0	0	0	0
3	323	406	207	980	3832	384.0	1800	0	0	0	0
4	323	406	207	980	3832	384.0	1800	0	0	0	1
4	325	409	208	986	3829	387.0	1800	0	0	0	1
4	1372	796	364	2616	2401	544.0	1800	0	0	0	1
4	1388	803	368	2643	2401	547.0	1800	0	0	0	1
4	1381	799	366	2629	2400	544.0	1800	0	0	0	1
4	1391	804	368	2648	2398	548.0	1800	0	0	0	1
4	1385	800	366	2635	2397	545.0	1800	0	0	0	1
4	1388	803	368	2643	2401	547.0	1800	0	0	0	1
4	1388	802	367	2641	2398	546.0	1800	0	0	0	1
4	1387	803	367	2641	2399	548.0	1800	0	0	0	1
4	1386	800	366	2637	2397	544.0	1800	0	0	0	1
4	1390	804	368	2647	2399	548.0	1800	0	0	0	1
4	1385	800	366	2635	2397	545.0	1800	0	0	0	1
4	1388	803	368	2643	2401	547.0	1800	0	0	0	1
4	1348	786	360	2577	2408	539.0	1800	0	0	0	1
4	1350	789	362	2584	2412	542.0	1800	0	0	0	1
4	1348	786	360	2577	2408	539.0	1800	0	0	0	1
4	1350	789	362	2583	2412	542.0	1800	0	0	0	1
4	1350	789	362	2583	2412	542.0	1800	0	0	0	1
4	1347	786	360	2576	2409	539.0	1800	0	0	0	1
4	1354	791	362	2590	2409	543.0	1800	0	0	0	1
4	1348	786	360	2577	2408	539.0	1800	0	0	0	1
4	1350	789	362	2583	2412	542.0	1800	0	0	0	1
4	1348	786	360	2577	2408	539.0	1800	0	0	0	1
4	1350	789	362	2584	2412	542.0	1800	0	0	0	1
4	1389	802	367	2641	2397	546.0	1800	0	0	0	1
4	1387	803	367	2641	2399	548.0	1800	0	0	0	1
4	1386	801	366	2637	2397	546.0	1800	0	0	0	0
4	1386	802	367	2640	2399	547.0	1800	0	0	0	0
4	968	645	303	1984	2583	482.0	1800	0	0	0	0
4	325	409	208	986	3829	387.0	1800	0	0	0	0
4	323	406	207	980	3832	384.0	1800	0	0	0	0
4	325	409	208	986	3829	387.0	1800	0	0	0	0
4	323	406	207	980	3832	384.0	1800	0	0	0	0
5	325	409	208	986	3829	387.0	1800	0	131	0	1
5	323	406	207	980	3832	384.0	1800	0	131	0	1
5	1389	803	368	2645	2400	547.0	1800	0	131	0	1
5	1387	804	369	2644	2404	548.0	1800	0	131	0	1
5	1387	802	368	2641	2401	546.0	1800	0	131	0	1
5	1390	805	369	2649	2402	549.0	1800	0	131	0	1
5	1385	801	368	2639	2403	545.0	1800	0	131	0	1
5	1389	805	369	2647	2403	549.0	1800	0	131	0	1
5	1388	803	368	2644	2401	547.0	1800	0	131	0	1
5	1387	803	369	2643	2404	547.0	1800	0	131	0	1
5	1383	801	368	2635	2404	545.0	1800	0	131	0	1
5	1390	805	369	2648	2402	549.0	1800	0	131	0	1
5	1385	801	368	2638	2403	545.0	1800	0	131	0	1
5	1359	793	365	2600	2414	543.0	1800	0	131	0	1
5	1353	790	363	2589	2413	541.0	1800	0	131	0	1
5	1350	790	363	2586	2415	542.0	1800	0	131	0	1
5	1348	788	362	2582	2414	541.0	1800	0	131	0	1
5	1350	789	363	2586	2415	541.0	1800	0	131	0	1
5	1353	790	363	2588	2413	541.0	1800	0	131	0	1
5	1350	789	363	2585	2415	541.0	1800	0	131	0	1
5	1349	789	363	2581	2416	541.0	1800	0	131	0	1
5	1349	788	363	2582	2416	540.0	1800	0	131	0	1
5	1350	789	363	2585	2415	541.0	1800	0	131	0	1
5	1349	788	363	2582	2416	540.0	1800	0	131	0	1
5	1388	804	369	2645	2403	548.0	1800	0	131	0	1
5	1389	803	369	2645	2403	546.0	1800	0	131	0	1
5	1386	803	369	2642	2405	547.0	1800	0	131	0	1
5	1387	803	368	2642	2401	547.0	1800	0	131	0	0
5	1390	804	369	2647	2402	547.0	1800	0	131	0	0
5	895	619	293	1873	2638	471.0	1800	0	131	0	0
5	325	408	208	984	3829	386.0	1800	0	131	0	0
5	324	407	207	983	3825	385.0	1800	0	131	0	0
5	325	408	208	984	3829	386.0	1800	0	131	0	0
5	324	407	207	983	3825	385.0	1800	0	131	0	0
6	324	408	208	984	3836	386.0	1800	0	263	0	1
6	324	407	207	983	3825	385.0	1800	0	263	0	1
6	325	408	208	984	3829	386.0	1800	0	263	0	1
6	1392	808	378	2663	2425	546.0	1800	0	263	0	1
6	1389	807	377	2658	2425	546.0	1800	0	263	0	1
6	1390	808	378	2660	2427	547.0	1800	0	263	0	1
6	1389	807	377	2658	2425	546.0	1800	0	263	0	1
6	1387	806	377	2654	2426	545.0	1800	0	263	0	1
6	1390	808	378	2659	2427	547.0	1800	0	263	0	1
6	1389	807	377	2657	2425	546.0	1800	0	263	0	1
6	1387	806	377	2654	2426	545.0	1800	0	263	0	1
6	1389	807	377	2657	2425	546.0	1800	0	263	0	1
6	1386	806	377	2653	2427	546.0	1800	0	263	0	1
6	1373	801	375	2632	2431	544.0	1800	0	263	0	1
6	1351	793	372	2599	2440	540.0	1800	0	263	0	1
6	1350	793	372	2597	2440	541.0	1800	0	263	0	1
6	1355	795	373	2606	2439	541.0	1800	0	263	0	1
6	1350	792	372	2597	2440	539.0	1800	0	263	0	1
6	1351	793	372	2599	2440	540.0	1800	0	263	0	1
6	1350	792	372	2596	2440	539.0	1800	0	263	0	1
6	1351	793	372	2599	2440	540.0	1800	0	263	0	1
6	1350	792	372	2596	2440	539.0	1800	0	263	0	1
6	1351	794	372	2599	2440	542.0	1800	0	263	0	1
6	1351	794	372	2600	2440	542.0	1800	0	263	0	1
6	1386	806	377	2653	2427	546.0	1800	0	263	0	1
6	1390	808	378	2660	2427	547.0	1800	0	263	0	1
6	1389	807	377	2657	2425	546.0	1800	0	263	0	1
6	1387	807	377	2656	2426	547.0	1800	0	263	0	0
6	1388	806	377	2655	2425	545.0	1800	0	263	0	0
6	913	627	296	1902	2626	476.0	1800	0	263	0	0
6	324	406	207	981	3825	384.0	1800	0	263	0	0
6	325	408	208	985	3829	386.0	1800	0	263	0	0
6	324	406	207	981	3825	384.0	1800	0	263	0	0
6	325	408	208	985	3829	386.0	1800	0	263	0	0
7	324	406	207	980	3825	384.0	1800	0	394	0	1
7	325	409	208	986	3829	387.0	1800	0	394	0	1
7	324	406	207	981	3825	384.0	1800	0	394	0	1
7	1358	800	381	2623	2459	542.0	1800	0	394	0	1
7	1383	808	385	2660	2451	544.0	1800	0	394	0	1
7	1389	812	387	2672	2452	547.0	1800	0	394	0	1
7	1389	810	386	2669	2449	545.0	1800	0	394	0	1
7	1387	809	386	2665	2451	544.0	1800	0	394	0	1
7	1391	812	387	2675	2451	546.0	1800	0	394	0	1
7	1390	810	386	2670	2449	544.0	1800	0	394	0	1
7	1384	810	386	2663	2453	546.0	1800	0	394	0	1
7	1389	810	386	2668	2449	545.0	1800	0	394	0	1
7	1392	813	387	2677	2450	548.0	1800	0	394	0	1
7	1387	809	386	2665	2451	544.0	1800	0	394	0	1
7	1391	812	387	2675	2451	546.0	1800	0	394	0	1
7	1350	796	381	2609	2466	539.0	1800	0	394	0	1
7	1352	798	382	2615	2467	541.0	1800	0	394	0	1
7	1350	796	381	2609	2466	539.0	1800	0	394	0	1
7	1352	798	382	2616	2467	541.0	1800	0	394	0	1
7	1350	796	381	2610	2466	539.0	1800	0	394	0	1
7	1353	799	382	2617	2466	542.0	1800	0	394	0	1
7	1350	796	381	2610	2466	539.0	1800	0	394	0	1
7	1353	799	382	2617	2466	542.0	1800	0	394	0	1
7	1355	798	382	2617	2465	540.0	1800	0	394	0	1
7	1353	799	382	2617	2466	542.0	1800	0	394	0	1
7	1353	799	383	2618	2469	541.0	1800	0	394	0	1
7	1392	811	387	2674	2450	544.0	1800	0	394	0	1
7	1390	813	387	2675	2451	548.0	1800	0	394	0	1
7	1388	810	386	2668	2450	545.0	1800	0	394	0	0
7	1047	677	317	2112	2544	496.0	1800	0	394	0	0
7	323	406	207	980	3832	384.0	1800	0	394	0	0
7	325	409	208	986	3829	387.0	1800	0	394	0	0
7	323	406	207	979	3832	384.0	1800	0	394	0	0
7	325	408	208	985	3829	386.0	1800	0	394	0	0
8	323	406	207	979	3832	384.0	1800	0	526	0	1
8	325	408	208	985	3829	386.0	1800	0	526	0	1
8	323	406	207	979	3832	384.0	1800	0	526	0	1
8	1369	809	394	2656	2487	544.0	1800	0	526	0	1
8	1388	814	396	2682	2478	544.0	1800	0	526	0	1
8	1392	817	397	2692	2477	547.0	1800	0	526	0	1
8	1389	814	396	2683	2477	544.0	1800	0	526	0	1
8	1394	818	398	2695	2478	547.0	1800	0	526	0	1
8	1390	815	396	2686	2476	545.0	1800	0	526	0	1
8	1393	816	397	2690	2476	545.0	1800	0	526	0	1
8	1391	817	397	2690	2478	547.0	1800	0	526	0	1
8	1389	815	396	2684	2477	545.0	1800	0	526	0	1
8	1390	816	397	2688	2479	546.0	1800	0	526	0	1
8	1390	815	396	2685	2476	545.0	1800	0	526	0	1
8	1354	803	393	2633	2496	540.0	1800	0	526	0	1
8	1352	801	392	2628	2495	538.0	1800	0	526	0	1
8	1354	804	393	2633	2496	541.0	1800	0	526	0	1
8	1352	802	392	2628	2495	540.0	1800	0	526	0	1
8	1354	804	393	2633	2496	541.0	1800	0	526	0	1
8	1352	802	392	2628	2495	540.0	1800	0	526	0	1
8	1358	805	393	2640	2493	542.0	1800	0	526	0	1
8	1352	802	392	2628	2495	540.0	1800	0	526	0	1
8	1354	804	393	2633	2496	541.0	1800	0	526	0	1
8	1352	801	392	2628	2495	538.0	1800	0	526	0	1
8	1353	803	393	2632	2497	540.0	1800	0	526	0	1
8	1352	801	392	2628	2495	538.0	1800	0	526	0	1
8	1390	816	397	2688	2479	546.0	1800	0	526	0	1
8	1392	817	397	2690	2477	547.0	1800	0	526	0	1
8	1389	815	396	2684	2477	545.0	1800	0	526	0	0
8	978	651	308	2006	2590	484.0	1800	0	526	0	0
8	324	407	207	981	3825	385.0	1800	0	526	0	0
8	325	408	208	984	3829	386.0	1800	0	526	0	0
8	324	406	207	981	3825	384.0	1800	0	526	0	0
8	325	408	208	984	3829	386.0	1800	0	526	0	0
8	324	407	207	981	3825	385.0	1800	0	526	0	0
9	325	408	208	984	3829	386.0	1800	0	657	0	1
9	324	407	207	981	3825	385.0	1800	0	657	0	1
9	1356	808	402	2649	2520	540.0	1800	0	657	0	1
9	1394	822	407	2708	2503	546.0	1800	0	657	0	1
9	1394	822	408	2707	2506	546.0	1800	0	657	0	1
9	1386	818	406	2695	2507	543.0	1800	0	657	0	1
9	1395	822	408	2709	2505	545.0	1800	0	657	0	1
9	1393	821	407	2705	2504	545.0	1800	0	657	0	1
9	1391	820	407	2703	2505	544.0	1800	0	657	0	1
9	1394	821	407	2706	2503	545.0	1800	0	657	0	1
9	1392	820	407	2704	2504	544.0	1800	0	657	0	1
9	1394	821	407	2706	2503	545.0	1800	0	657	0	1
9	1392	820	407	2702	2504	544.0	1800	0	657	0	1
9	1362	809	404	2659	2521	539.0	1800	0	657	0	1
9	1353	806	402	2644	2523	538.0	1800	0	657	0	1
9	1353	806	403	2644	2525	537.0	1800	0	657	0	1
9	1353	806	402	2643	2523	538.0	1800	0	657	0	1
9	1357	807	403	2650	2522	538.0	1800	0	657	0	1
9	1353	806	403	2644	2525	537.0	1800	0	657	0	1
9	1353	806	402	2643	2523	538.0	1800	0	657	0	1
9	1353	806	402	2644	2523	538.0	1800	0	657	0	1
9	1357	807	403	2651	2522	538.0	1800	0	657	0	1
9	1353	806	402	2645	2523	538.0	1800	0	657	0	1
9	1353	806	402	2643	2523	538.0	1800	0	657	0	1
9	1353	806	403	2645	2525	537.0	1800	0	657	0	1
9	1386	817	406	2693	2507	542.0	1800	0	657	0	1
9	1393	820	407	2704	2504	544.0	1800	0	657	0	1
9	1389	818	406	2696	2504	542.0	1800	0	657	0	0
9	1391	819	407	2701	2505	543.0	1800	0	657	0	0
9	323	405	207	978	3832	382.0	1800	0	657	0	0
9	322	404	206	976	3828	382.0	1800	0	657	0	0
9	323	405	207	979	3832	382.0	1800	0	657	0	0
9	322	404	206	976	3828	382.0	1800	0	657	0	0
9	323	405	207	979	3832	382.0	1800	0	657	0	0
10	322	404	206	976	3828	382.0	1800	0	789	0	1
10	323	406	207	979	3832	384.0	1800	0	789	0	1
10	1354	807	405	2648	2530	537.0	1800	0	789	0	1
10	1355	811	414	2663	2555	537.0	1800	0	789	0	1
10	1391	823	416	2713	2530	542.0	1800	0	789	0	1
10	1395	825	418	2722	2532	543.0	1800	0	789	0	1
10	1392	823	417	2716	2532	541.0	1800	0	789	0	1
10	1391	824	417	2716	2533	543.0	1800	0	789	0	1
10	1393	824	417	2718	2531	543.0	1800	0	789	0	1
10	1394	825	418	2720	2533	543.0	1800	0	789	0	1
10	1390	822	416	2712	2531	541.0	1800	0	789	0	1
10	1395	825	418	2722	2532	543.0	1800	0	789	0	1
10	1387	821	416	2708	2533	541.0	1800	0	789	0	1
10	1394	824	417	2718	2530	542.0	1800	0	789	0	1
10	1393	825	417	2719	2531	544.0	1800	0	789	0	1
10	1358	811	413	2664	2549	536.0	1800	0	789	0	1
10	1355	811	413	2662	2552	537.0	1800	0	789	0	1
10	1353	809	413	2658	2553	535.0	1800	0	789	0	1
10	1355	811	414	2662	2555	537.0	1800	0	789	0	1
10	1353	809	412	2657	2551	536.0	1800	0	789	0	1
10	1355	811	414	2663	2555	537.0	1800	0	789	0	1
10	1353	809	412	2657	2551	536.0	1800	0	789	0	1
10	1355	811	413	2662	2552	537.0	1800	0	789	0	1
10	1353	809	412	2656	2551	536.0	1800	0	789	0	1
10	1355	811	413	2661	2552	537.0	1800	0	789	0	1
10	1353	809	412	2656	2551	536.0	1800	0	789	0	1
10	1359	813	414	2669	2551	538.0	1800	0	789	0	1
10	1390	822	416	2711	2531	541.0	1800	0	789	0	0
10	1395	825	418	2722	2532	543.0	1800	0	789	0	0
10	1118	699	325	2216	2498	502.0	1800	0	789	0	0
10	323	406	207	979	3832	384.0	1800	0	789	0	0
10	323	406	207	979	3832	384.0	1800	0	789	0	0
10	321	403	206	973	3836	381.0	1800	0	789	0	0
10	323	406	207	979	3832	384.0	1800	0	789	0	0
11	321	403	206	973	3836	381.0	1800	0	921	0	1
11	323	406	207	979	3832	384.0	1800	0	921	0	1
11	1355	812	418	2667	2566	535.0	1800	0	921	0	1
11	1384	826	427	2721	2566	541.0	1800	0	921	0	1
11	1392	827	427	2728	2559	540.0	1800	0	921	0	1
11	1389	828	427	2728	2562	543.0	1800	0	921	0	1
11	1395	828	427	2734	2557	541.0	1800	0	921	0	1
11	1394	830	428	2735	2560	544.0	1800	0	921	0	1
11	1391	826	426	2727	2557	540.0	1800	0	921	0	1
11	1396	830	428	2739	2559	543.0	1800	0	921	0	1
11	1393	827	426	2729	2556	541.0	1800	0	921	0	1
11	1393	829	427	2733	2558	543.0	1800	0	921	0	1
11	1393	827	427	2731	2558	540.0	1800	0	921	0	1
11	1396	830	428	2738	2559	543.0	1800	0	921	0	1
11	1391	826	427	2727	2560	539.0	1800	0	921	0	1
11	1355	814	423	2674	2580	535.0	1800	0	921	0	1
11	1357	817	425	2681	2584	537.0	1800	0	921	0	1
11	1354	814	423	2673	2581	535.0	1800	0	921	0	1
11	1357	817	424	2680	2581	538.0	1800	0	921	0	1
11	1354	814	423	2674	2581	535.0	1800	0	921	0	1
11	1357	817	424	2680	2581	538.0	1800	0	921	0	1
11	1359	815	423	2680	2576	535.0	1800	0	921	0	1
11	1356	817	425	2680	2585	538.0	1800	0	921	0	1
11	1355	814	423	2674	2580	535.0	1800	0	921	0	1
11	1357	817	424	2681	2581	538.0	1800	0	921	0	1
11	1355	814	423	2674	2580	535.0	1800	0	921	0	1
11	1393	829	428	2734	2561	542.0	1800	0	921	0	1
11	1394	828	427	2732	2558	541.0	1800	0	921	0	0
11	1395	830	428	2738	2559	543.0	1800	0	921	0	0
11	1048	675	320	2114	2554	490.0	1800	0	921	0	0
11	323	406	207	980	3832	384.0	1800	0	921	0	0
11	321	403	206	973	3836	381.0	1800	0	921	0	0
11	323	406	207	979	3832	384.0	1800	0	921	0	0
11	323	406	207	973	3832	384.0	1800	0	921	0	0
12	321	403	206	973	3836	381.0	1800	0	1052	0	1
12	323	406	207	980	3832	384.0	1800	0	1052	0	1
12	1356	816	427	2682	2590	535.0	1800	0	1052	0	1
12	1372	827	436	2718	2601	540.0	1800	0	1052	0	1
12	1396	833	437	2750	2583	541.0	1800	0	1052	0	1
12	1397	835	439	2754	2588	543.0	1800	0	1052	0	1
12	1393	832	437	2745	2586	541.0	1800	0	1052	0	1
12	1394	834	438	2750	2588	543.0	1800	0	1052	0	1
12	1394	832	437	2748	2585	540.0	1800	0	1052	0	1
12	1395	835	438	2751	2587	544.0	1800	0	1052	0	1
12	1397	833	438	2751	2585	540.0	1800	0	1052	0	1
12	1396	835	438	2753	2586	544.0	1800	0	1052	0	1
12	1393	832	437	2746	2586	541.0	1800	0	1052	0	1
12	1399	836	439	2757	2586	544.0	1800	0	1052	0	1
12	1393	832	437	2746	2586	541.0	1800	0	1052	0	1
12	1358	822	435	2698	2611	538.0	1800	0	1052	0	1
12	1356	819	434	2692	2610	534.0	1800	0	1052	0	1
12	1358	822	434	2698	2608	538.0	1800	0	1052	0	1
12	1358	822	435	2698	2611	538.0	1800	0	1052	0	1
12	1356	820	434	2692	2610	536.0	1800	0	1052	0	1
12	1358	822	435	2698	2611	538.0	1800	0	1052	0	1
12	1357	820	434	2692	2609	536.0	1800	0	1052	0	1
12	1359	822	436	2699	2613	537.0	1800	0	1052	0	1
12	1361	822	435	2700	2608	537.0	1800	0	1052	0	1
12	1359	823	435	2699	2610	539.0	1800	0	1052	0	1
12	1357	820	435	2694	2612	535.0	1800	0	1052	0	1
12	1395	835	438	2752	2587	544.0	1800	0	1052	0	1
12	1392	832	437	2745	2587	541.0	1800	0	1052	0	0
12	1397	836	439	2755	2588	544.0	1800	0	1052	0	0
12	1062	679	317	2129	2528	494.0	1800	0	1052	0	0
12	324	407	207	981	3825	385.0	1800	0	1052	0	0
12	322	404	206	975	3828	382.0	1800	0	1052	0	0
12	323	406	207	980	3832	384.0	1800	0	1052	0	0
12	321	404	206	975	3836	382.0	1800	0	1052	0	0
13	323	406	207	980	3832	384.0	1800	0	1184	0	1
13	321	404	206	974	3836	382.0	1800	0	1184	0	1
13	1357	816	425	2681	2584	536.0	1800	0	1184	0	1
13	1360	827	447	2717	2643	536.0	1800	0	1184	0	1
13	1358	825	445	2711	2639	535.0	1800	0	1184	0	1
13	1395	839	449	2767	2617	542.0	1800	0	1184	0	1
13	1394	837	448	2763	2615	540.0	1800	0	1184	0	1
13	1398	840	449	2770	2614	543.0	1800	0	1184	0	1
13	1398	839	448	2770	2611	542.0	1800	0	1184	0	1
13	1396	839	449	2768	2616	542.0	1800	0	1184	0	1
13	1396	838	448	2766	2613	541.0	1800	0	1184	0	1
13	1400	841	449	2774	2612	544.0	1800	0	1184	0	1
13	1395	838	448	2764	2614	541.0	1800	0	1184	0	1
13	1398	840	449	2770	2614	543.0	1800	0	1184	0	1
13	1394	838	448	2763	2615	542.0	1800	0	1184	0	1
13	1396	839	448	2767	2613	543.0	1800	0	1184	0	1
13	1396	838	448	2766	2613	541.0	1800	0	1184	0	1
13	1360	827	446	2715	2640	537.0	1800	0	1184	0	1
13	1363	827	446	2718	2637	536.0	1800	0	1184	0	1
13	1360	827	446	2715	2640	537.0	1800	0	1184	0	1
13	1360	827	446	2715	2640	537.0	1800	0	1184	0	1
13	1363	827	446	2719	2637	536.0	1800	0	1184	0	1
13	1360	827	446	2715	2640	537.0	1800	0	1184	0	1
13	1359	826	446	2713	2641	536.0	1800	0	1184	0	1
13	1360	827	446	2716	2640	537.0	1800	0	1184	0	1
13	1359	826	446	2713	2641	536.0	1800	0	1184	0	1
13	1360	828	447	2717	2643	538.0	1800	0	1184	0	1
13	1369	830	446	2728	2632	539.0	1800	0	1184	0	0
13	1400	841	449	2775	2612	544.0	1800	0	1184	0	0
13	1195	729	337	2339	2465	516.0	1800	0	1184	0	0
13	323	406	207	980	3832	384.0	1800	0	1184	0	0
13	322	404	206	976	3828	382.0	1800	0	1184	0	0
13	323	406	207	979	3832	384.0	1800	0	1184	0	0
13	322	404	206	976	3828	382.0	1800	0	1184	0	0
14	323	405	207	979	3832	382.0	1800	0	1315	0	1
14	322	404	206	976	3828	382.0	1800	0	1315	0	1
14	323	406	207	979	3832	384.0	1800	0	1315	0	1
14	1359	824	441	2707	2627	536.0	1800	0	1315	0	1
14	1393	842	458	2776	2643	541.0	1800	0	1315	0	1
14	1401	845	459	2790	2639	542.0	1800	0	1315	0	1
14	1399	844	459	2786	2641	541.0	1800	0	1315	0	1
14	1393	843	459	2778	2646	542.0	1800	0	1315	0	1
14	1400	845	459	2788	2640	543.0	1800	0	1315	0	1
14	1400	845	459	2788	2640	543.0	1800	0	1315	0	1
14	1397	843	459	2783	2642	541.0	1800	0	1315	0	1
14	1396	843	459	2781	2643	541.0	1800	0	1315	0	1
14	1400	844	459	2787	2640	541.0	1800	0	1315	0	1
14	1397	844	459	2783	2642	542.0	1800	0	1315	0	1
14	1399	844	459	2785	2641	541.0	1800	0	1315	0	1
14	1400	845	459	2788	2640	543.0	1800	0	1315	0	1
14	1360	831	457	2731	2671	535.0	1800	0	1315	0	1
14	1361	832	457	2731	2670	536.0	1800	0	1315	0	1
14	1361	831	456	2730	2667	536.0	1800	0	1315	0	1
14	1361	832	457	2732	2670	536.0	1800	0	1315	0	1
14	1361	831	456	2731	2667	536.0	1800	0	1315	0	1
14	1361	832	457	2732	2670	536.0	1800	0	1315	0	1
14	1361	832	457	2732	2670	536.0	1800	0	1315	0	1
14	1365	833	457	2737	2666	537.0	1800	0	1315	0	1
14	1361	832	457	2732	2670	536.0	1800	0	1315	0	1
14	1361	831	457	2731	2670	535.0	1800	0	1315	0	1
14	1361	832	457	2732	2670	536.0	1800	0	1315	0	1
14	1398	844	459	2785	2641	542.0	1800	0	1315	0	1
14	1398	844	459	2785	2641	542.0	1800	0	1315	0	0
14	1132	709	335	2251	2518	506.0	1800	0	1315	0	0
14	323	405	207	979	3832	382.0	1800	0	1315	0	0
14	323	405	207	979	3832	382.0	1800	0	1315	0	0
14	323	405	207	979	3832	382.0	1800	0	1315	0	0
14	323	406	207	979	3832	384.0	1800	0	1315	0	0
15	323	405	207	979	3832	382.0	1800	0	1447	0	1
15	323	405	207	979	3832	382.0	1800	0	1447	0	1
15	323	405	207	978	3832	382.0	1800	0	1447	0	1
15	1361	829	449	2721	2647	537.0	1800	0	1447	0	1
15	1363	837	467	2749	2696	536.0	1800	0	1447	0	1
15	1385	844	469	2782	2681	539.0	1800	0	1447	0	1
15	1403	850	470	2801	2667	542.0	1800	0	1447	0	1
15	1399	849	469	2801	2668	542.0	1800	0	1447	0	1
15	1399	849	469	2802	2668	542.0	1800	0	1447	0	1
15	1398	848	469	2800	2669	541.0	1800	0	1447	0	1
15	1399	849	469	2801	2668	542.0	1800	0	1447	0	1
15	1398	848	469	2800	2669	541.0	1800	0	1447	0	1
15	1402	850	470	2806	2668	542.0	1800	0	1447	0	1
15	1399	848	469	2800	2668	540.0	1800	0	1447	0	1
15	1399	849	469	2800	2668	542.0	1800	0	1447	0	1
15	1402	849	469	2804	2665	541.0	1800	0	1447	0	1
15	1362	837	468	2749	2700	536.0	1800	0	1447	0	1
15	1366	838	468	2754	2696	536.0	1800	0	1447	0	1
15	1362	836	467	2748	2697	535.0	1800	0	1447	0	1
15	1361	836	467	2746	2698	535.0	1800	0	1447	0	1
15	1362	836	468	2748	2700	534.0	1800	0	1447	0	1
15	1361	836	467	2746	2698	535.0	1800	0	1447	0	1
15	1362	836	467	2748	2697	535.0	1800	0	1447	0	1
15	1362	836	467	2747	2697	535.0	1800	0	1447	0	1
15	1362	837	467	2749	2697	537.0	1800	0	1447	0	1
15	1367	839	468	2756	2695	537.0	1800	0	1447	0	1
15	1362	836	467	2747	2697	535.0	1800	0	1447	0	1
15	1401	850	470	2805	2669	542.0	1800	0	1447	0	1
15	1398	848	469	2798	2669	541.0	1800	0	1447	0	0
15	1145	711	330	2260	2489	508.0	1800	0	1447	0	0
15	322	404	206	976	3828	382.0	1800	0	1447	0	0
15	323	405	207	979	3832	382.0	1800	0	1447	0	0
15	322	404	206	975	3828	382.0	1800	0	1447	0	0
15	323	405	207	979	3832	382.0	1800	0	1447	0	0
15	322	404	206	975	3828	382.0	1800	0	1447	0	0
16	323	405	207	979	3832	382.0	1800	0	1578	0	1
16	322	404	206	975	3828	382.0	1800	0	1578	0	1
16	1360	826	443	2712	2632	537.0	1800	0	1578	0	1
16	1368	843	478	2771	2722	536.0	1800	0	1578	0	1
16	1364	843	479	2769	2728	537.0	1800	0	1578	0	1
16	1363	841	478	2764	2727	535.0	1800	0	1578	0	1
16	1404	856	481	2824	2696	543.0	1800	0	1578	0	1
16	1397	852	479	2811	2697	540.0	1800	0	1578	0	1
16	1401	853	479	2817	2693	540.0	1800	0	1578	0	1
16	1401	854	480	2819	2696	541.0	1800	0	1578	0	1
16	1397	851	478	2810	2694	539.0	1800	0	1578	0	1
16	1402	853	480	2820	2695	539.0	1800	0	1578	0	1
16	1398	850	478	2811	2693	537.0	1800	0	1578	0	1
16	1399	852	479	2814	2695	539.0	1800	0	1578	0	1
16	1400	851	479	2814	2694	538.0	1800	0	1578	0	1
16	1395	851	479	2809	2699	539.0	1800	0	1578	0	1
16	1397	850	478	2808	2694	538.0	1800	0	1578	0	1
16	1362	840	478	2762	2728	533.0	1800	0	1578	0	1
16	1361	838	477	2758	2726	531.0	1800	0	1578	0	1
16	1362	840	478	2762	2728	533.0	1800	0	1578	0	1
16	1361	838	477	2757	2726	531.0	1800	0	1578	0	1
16	1362	841	478	2764	2728	535.0	1800	0	1578	0	1
16	1361	838	477	2758	2726	531.0	1800	0	1578	0	1
16	1367	842	478	2770	2723	535.0	1800	0	1578	0	1
16	1361	839	477	2759	2726	533.0	1800	0	1578	0	1
16	1363	841	478	2765	2727	535.0	1800	0	1578	0	1
16	1363	841	479	2765	2729	534.0	1800	0	1578	0	1
16	1380	845	478	2785	2710	535.0	1800	0	1578	0	0
16	1277	760	350	2467	2435	528.0	1800	0	1578	0	0
16	321	403	205	972	3824	381.0	1800	0	1578	0	0
16	323	405	207	979	3832	382.0	1800	0	1578	0	0
16	321	403	205	973	3824	381.0	1800	0	1578	0	0
16	323	406	207	979	3832	384.0	1800	0	1578	0	0
16	321	403	206	973	3836	381.0	1800	0	1578	0	0
17	323	406	207	979	3832	384.0	1800	0	1710	0	1
17	321	403	206	973	3836	381.0	1800	0	1710	0	1
17	1363	834	459	2739	2674	537.0	1800	0	1710	0	1
17	1364	845	488	2780	2754	533.0	1800	0	1710	0	1
17	1366	848	490	2787	2757	536.0	1800	0	1710	0	1
17	1402	858	490	2833	2722	540.0	1800	0	1710	0	1
17	1406	861	492	2844	2724	542.0	1800	0	1710	0	1
17	1400	857	490	2830	2724	539.0	1800	0	1710	0	1
17	1404	860	491	2840	2723	542.0	1800	0	1710	0	1
17	1404	859	491	2837	2723	540.0	1800	0	1710	0	1
17	1402	858	490	2834	2722	540.0	1800	0	1710	0	1
17	1405	861	491	2841	2722	543.0	1800	0	1710	0	1
17	1395	855	489	2823	2726	538.0	1800	0	1710	0	1
17	1404	860	491	2840	2723	542.0	1800	0	1710	0	1
17	1403	858	490	2835	2721	540.0	1800	0	1710	0	1
17	1402	859	491	2836	2725	541.0	1800	0	1710	0	1
17	1368	847	489	2787	2752	534.0	1800	0	1710	0	1
17	1366	848	490	2787	2757	536.0	1800	0	1710	0	1
17	1364	846	489	2781	2756	534.0	1800	0	1710	0	1
17	1366	848	490	2787	2757	536.0	1800	0	1710	0	1
17	1364	846	489	2781	2756	534.0	1800	0	1710	0	1
17	1366	849	490	2788	2757	537.0	1800	0	1710	0	1
17	1364	846	489	2781	2756	534.0	1800	0	1710	0	1
17	1366	849	490	2788	2757	537.0	1800	0	1710	0	1
17	1364	846	489	2782	2756	534.0	1800	0	1710	0	1
17	1366	848	489	2787	2754	537.0	1800	0	1710	0	1
17	1364	846	489	2782	2756	534.0	1800	0	1710	0	1
17	1371	850	490	2794	2752	537.0	1800	0	1710	0	0
17	1208	739	349	2373	2491	518.0	1800	0	1710	0	0
17	321	404	206	974	3836	382.0	1800	0	1710	0	0
17	323	406	207	981	3832	384.0	1800	0	1710	0	0
17	321	404	206	975	3836	382.0	1800	0	1710	0	0
17	323	406	207	981	3832	384.0	1800	0	1710	0	0
17	321	404	206	975	3836	382.0	1800	0	1710	0	0
18	323	406	207	981	3832	384.0	1800	0	1842	0	1
18	322	404	206	975	3828	382.0	1800	0	1842	0	1
18	1364	838	467	2752	2695	538.0	1800	0	1842	0	1
18	1367	852	500	2801	2784	535.0	1800	0	1842	0	1
18	1368	854	501	2806	2786	537.0	1800	0	1842	0	1
18	1402	863	501	2850	2752	540.0	1800	0	1842	0	1
18	1404	865	502	2855	2753	542.0	1800	0	1842	0	1
18	1404	864	501	2853	2750	541.0	1800	0	1842	0	1
18	1407	866	502	2860	2750	542.0	1800	0	1842	0	1
18	1402	863	501	2849	2752	540.0	1800	0	1842	0	1
18	1406	866	502	2858	2751	542.0	1800	0	1842	0	1
18	1401	863	501	2848	2753	540.0	1800	0	1842	0	1
18	1404	864	501	2854	2750	541.0	1800	0	1842	0	1
18	1406	866	502	2858	2751	542.0	1800	0	1842	0	1
18	1397	861	500	2842	2754	539.0	1800	0	1842	0	1
18	1406	866	502	2858	2751	542.0	1800	0	1842	0	1
18	1366	852	500	2800	2785	535.0	1800	0	1842	0	1
18	1368	854	501	2805	2786	537.0	1800	0	1842	0	1
18	1371	853	500	2807	2780	535.0	1800	0	1842	0	1
18	1368	853	501	2805	2786	535.0	1800	0	1842	0	1
18	1367	852	501	2802	2787	534.0	1800	0	1842	0	1
18	1368	853	501	2805	2786	535.0	1800	0	1842	0	1
18	1367	852	500	2802	2784	535.0	1800	0	1842	0	1
18	1368	853	501	2805	2786	535.0	1800	0	1842	0	1
18	1367	852	500	2801	2784	535.0	1800	0	1842	0	1
18	1367	853	501	2804	2787	535.0	1800	0	1842	0	1
18	1367	852	501	2802	2787	534.0	1800	0	1842	0	1
18	1367	853	500	2802	2784	536.0	1800	0	1842	0	0
18	1404	864	501	2853	2750	541.0	1800	0	1842	0	0
18	1213	736	341	2368	2462	518.0	1800	0	1842	0	0
18	322	405	206	977	3828	383.0	1800	0	1842	0	0
18	322	405	206	977	3828	383.0	1800	0	1842	0	0
18	323	405	207	978	3832	382.0	1800	0	1842	0	0
18	322	405	206	977	3828	383.0	1800	0	1842	0	0
19	323	405	207	978	3832	382.0	1800	0	1973	0	1
19	322	405	207	978	3840	383.0	1800	0	1973	0	1
19	1362	831	455	2731	2663	536.0	1800	0	1973	0	1
19	1369	858	512	2822	2815	535.0	1800	0	1973	0	1
19	1369	858	512	2821	2815	535.0	1800	0	1973	0	1
19	1374	860	512	2828	2810	536.0	1800	0	1973	0	1
19	1369	859	512	2822	2815	536.0	1800	0	1973	0	1
19	1408	870	512	2874	2776	541.0	1800	0	1973	0	1
19	1408	870	512	2874	2776	541.0	1800	0	1973	0	1
19	1400	868	512	2863	2784	540.0	1800	0	1973	0	1
19	1407	870	512	2872	2777	541.0	1800	0	1973	0	1
19	1407	870	512	2874	2777	541.0	1800	0	1973	0	1
19	1404	869	512	2868	2780	541.0	1800	0	1973	0	1
19	1407	870	512	2873	2777	541.0	1800	0	1973	0	1
19	1408	870	512	2874	2776	541.0	1800	0	1973	0	1
19	1406	870	512	2872	2778	541.0	1800	0	1973	0	1
19	1408	871	512	2875	2776	542.0	1800	0	1973	0	1
19	1395	866	513	2857	2792	538.0	1800	0	1973	0	1
19	1369	858	512	2822	2815	535.0	1800	0	1973	0	1
19	1368	858	511	2819	2814	536.0	1800	0	1973	0	1
19	1369	859	512	2822	2815	536.0	1800	0	1973	0	1
19	1368	857	511	2819	2814	534.0	1800	0	1973	0	1
19	1369	858	512	2821	2815	535.0	1800	0	1973	0	1
19	1368	857	511	2819	2814	534.0	1800	0	1973	0	1
19	1368	858	512	2821	2816	535.0	1800	0	1973	0	1
19	1372	858	511	2824	2810	534.0	1800	0	1973	0	1
19	1369	858	512	2821	2815	535.0	1800	0	1973	0	1
19	1368	857	511	2818	2814	534.0	1800	0	1973	0	0
19	1369	858	512	2822	2815	535.0	1800	0	1973	0	0
19	1346	785	360	2573	2410	538.0	1800	0	1973	0	0
19	323	406	207	980	3832	384.0	1800	0	1973	0	0
19	322	404	206	976	3828	382.0	1800	0	1973	0	0
19	323	406	207	980	3832	384.0	1800	0	1973	0	0
19	323	406	207	981	3832	384.0	1800	0	1973	0	0
20	322	404	206	976	3828	382.0	1800	0	2105	0	1
20	323	406	207	980	3832	384.0	1800	0	2105	0	1
20	1364	839	473	2758	2712	535.0	1800	0	2105	0	1
20	1371	864	523	2842	2844	535.0	1800	0	2105	0	1
20	1370	862	523	2837	2845	532.0	1800	0	2105	0	1
20	1371	864	523	2841	2844	535.0	1800	0	2105	0	1
20	1402	872	521	2879	2806	539.0	1800	0	2105	0	1
20	1407	875	523	2889	2807	541.0	1800	0	2105	0	1
20	1410	875	522	2890	2801	541.0	1800	0	2105	0	1
20	1407	875	523	2889	2807	541.0	1800	0	2105	0	1
20	1406	873	522	2885	2805	539.0	1800	0	2105	0	1
20	1411	877	524	2895	2805	542.0	1800	0	2105	0	1
20	1405	873	522	2884	2806	539.0	1800	0	2105	0	1
20	1408	876	523	2891	2806	542.0	1800	0	2105	0	1
20	1409	874	522	2889	2802	539.0	1800	0	2105	0	1
20	1403	874	523	2883	2811	541.0	1800	0	2105	0	1
20	1406	873	522	2885	2805	539.0	1800	0	2105	0	1
20	1369	862	522	2836	2843	534.0	1800	0	2105	0	1
20	1376	866	523	2848	2839	537.0	1800	0	2105	0	1
20	1369	862	522	2835	2843	534.0	1800	0	2105	0	1
20	1371	865	524	2842	2847	536.0	1800	0	2105	0	1
20	1369	862	522	2836	2843	534.0	1800	0	2105	0	1
20	1376	866	524	2848	2841	536.0	1800	0	2105	0	1
20	1369	862	522	2835	2843	534.0	1800	0	2105	0	1
20	1371	864	523	2841	2844	535.0	1800	0	2105	0	1
20	1369	862	522	2835	2843	534.0	1800	0	2105	0	1
20	1371	865	524	2842	2847	536.0	1800	0	2105	0	1
20	1369	862	522	2835	2843	534.0	1800	0	2105	0	0
20	1389	870	523	2865	2825	539.0	1800	0	2105	0	0
20	1278	764	362	2483	2470	526.0	1800	0	2105	0	0
20	323	406	207	981	3832	384.0	1800	0	2105	0	0
20	321	404	206	975	3836	382.0	1800	0	2105	0	0
20	324	407	207	982	3825	385.0	1800	0	2105	0	0
20	322	404	206	975	3828	382.0	1800	0	2105	0	0
21	324	407	207	981	3825	385.0	1800	0	2236	0	1
21	324	407	207	981	3825	385.0	1800	0	2236	0	1
21	1364	841	478	2766	2726	534.0	1800	0	2236	0	1
21	1373	870	535	2861	2875	535.0	1800	0	2236	0	1
21	1371	867	533	2853	2872	533.0	1800	0	2236	0	1
21	1373	870	535	2860	2875	535.0	1800	0	2236	0	1
21	1407	878	532	2901	2831	539.0	1800	0	2236	0	1
21	1413	882	534	2913	2830	542.0	1800	0	2236	0	1
21	1408	878	533	2902	2833	538.0	1800	0	2236	0	1
21	1409	881	534	2907	2834	542.0	1800	0	2236	0	1
21	1411	879	533	2907	2830	539.0	1800	0	2236	0	1
21	1410	881	534	2908	2833	541.0	1800	0	2236	0	1
21	1407	878	532	2901	2831	539.0	1800	0	2236	0	1
21	1413	882	535	2914	2833	541.0	1800	0	2236	0	1
21	1408	879	533	2903	2833	540.0	1800	0	2236	0	1
21	1409	881	534	2908	2834	542.0	1800	0	2236	0	1
21	1410	880	533	2907	2831	541.0	1800	0	2236	0	1
21	1406	880	534	2903	2838	541.0	1800	0	2236	0	1
21	1371	868	534	2854	2874	534.0	1800	0	2236	0	1
21	1373	867	533	2860	2870	532.0	1800	0	2236	0	1
21	1377	871	535	2866	2871	536.0	1800	0	2236	0	1
21	1371	867	533	2853	2872	533.0	1800	0	2236	0	1
21	1373	870	535	2860	2875	535.0	1800	0	2236	0	1
21	1371	868	533	2854	2872	534.0	1800	0	2236	0	1
21	1373	870	534	2859	2872	536.0	1800	0	2236	0	1
21	1371	868	533	2854	2872	534.0	1800	0	2236	0	1
21	1373	870	535	2860	2875	535.0	1800	0	2236	0	1
21	1371	867	533	2853	2872	533.0	1800	0	2236	0	0
21	1377	871	534	2865	2868	536.0	1800	0	2236	0	0
21	1290	764	351	2485	2427	530.0	1800	0	2236	0	0
21	323	406	207	980	3832	384.0	1800	0	2236	0	0
21	322	404	206	975	3828	382.0	1800	0	2236	0	0
21	323	406	207	981	3832	384.0	1800	0	2236	0	0
21	322	404	206	976	3828	382.0	1800	0	2236	0	0
22	323	406	207	981	3832	384.0	1800	0	2368	0	1
22	322	404	206	976	3828	382.0	1800	0	2368	0	1
22	323	406	207	981	3832	384.0	1800	0	2368	0	1
22	1362	835	463	2742	2686	536.0	1800	0	2368	0	1
22	1373	873	545	2873	2903	533.0	1800	0	2368	0	1
22	1374	875	546	2878	2905	535.0	1800	0	2368	0	1
22	1373	874	545	2874	2903	534.0	1800	0	2368	0	1
22	1379	876	545	2883	2896	536.0	1800	0	2368	0	1
22	1410	885	544	2923	2860	540.0	1800	0	2368	0	1
22	1410	885	544	2923	2860	540.0	1800	0	2368	0	1
22	1412	885	544	2926	2858	540.0	1800	0	2368	0	1
22	1407	885	545	2920	2866	541.0	1800	0	2368	0	1
22	1409	884	544	2920	2862	539.0	1800	0	2368	0	1
22	1413	886	545	2928	2860	540.0	1800	0	2368	0	1
22	1411	885	544	2923	2859	540.0	1800	0	2368	0	1
22	1405	883	544	2915	2866	539.0	1800	0	2368	0	1
22	1412	885	544	2925	2858	540.0	1800	0	2368	0	1
22	1412	886	545	2926	2861	541.0	1800	0	2368	0	1
22	1409	884	544	2920	2862	539.0	1800	0	2368	0	1
22	1391	879	545	2899	2883	536.0	1800	0	2368	0	1
22	1373	873	545	2873	2903	533.0	1800	0	2368	0	1
22	1373	874	545	2875	2903	534.0	1800	0	2368	0	1
22	1373	874	545	2874	2903	534.0	1800	0	2368	0	1
22	1373	874	545	2874	2903	534.0	1800	0	2368	0	1
22	1373	874	545	2875	2903	534.0	1800	0	2368	0	1
22	1373	874	545	2874	2903	534.0	1800	0	2368	0	1
22	1373	874	545	2875	2903	534.0	1800	0	2368	0	1
22	1378	875	545	2881	2897	534.0	1800	0	2368	0	1
22	1373	874	545	2874	2903	534.0	1800	0	2368	0	0
22	1348	792	374	2597	2448	538.0	1800	0	2368	0	0
22	323	405	207	978	3832	382.0	1800	0	2368	0	0
22	323	406	207	979	3832	384.0	1800	0	2368	0	0
22	323	405	207	978	3832	382.0	1800	0	2368	0	0
22	323	406	207	979	3832	384.0	1800	0	2368	0	0
23	323	405	207	978	3832	382.0	1800	0	2500	0	1
23	323	406	207	979	3832	384.0	1800	0	2500	0	1
23	323	405	206	978	3820	383.0	1800	0	2500	0	1
23	1366	845	482	2776	2735	537.0	1800	0	2500	0	1
23	1375	879	556	2892	2931	534.0	1800	0	2500	0	1
23	1375	880	557	2895	2934	534.0	1800	0	2500	0	1
23	1375	879	556	2893	2931	534.0	1800	0	2500	0	1
23	1410	889	554	2937	2887	539.0	1800	0	2500	0	1
23	1407	889	555	2935	2893	540.0	1800	0	2500	0	1
23	1414	890	555	2942	2886	539.0	1800	0	2500	0	1
23	1411	890	555	2940	2889	540.0	1800	0	2500	0	1
23	1410	888	554	2936	2887	538.0	1800	0	2500	0	1
23	1414	891	555	2945	2886	541.0	1800	0	2500	0	1
23	1409	888	554	2934	2889	538.0	1800	0	2500	0	1
23	1412	890	555	2940	2888	540.0	1800	0	2500	0	1
23	1413	889	555	2940	2887	538.0	1800	0	2500	0	1
23	1410	889	555	2938	2890	539.0	1800	0	2500	0	1
23	1406	887	554	2931	2892	538.0	1800	0	2500	0	1
23	1410	890	556	2939	2893	540.0	1800	0	2500	0	1
23	1373	877	556	2888	2933	531.0	1800	0	2500	0	1
23	1374	879	557	2892	2935	533.0	1800	0	2500	0	1
23	1373	876	554	2886	2928	531.0	1800	0	2500	0	1
23	1375	879	557	2893	2934	533.0	1800	0	2500	0	1
23	1373	876	555	2886	2931	530.0	1800	0	2500	0	1
23	1377	878	556	2893	2929	531.0	1800	0	2500	0	1
23	1375	880	557	2894	2934	534.0	1800	0	2500	0	1
23	1373	877	555	2888	2931	532.0	1800	0	2500	0	1
23	1376	880	557	2896	2933	534.0	1800	0	2500	0	1
