Stim	R	G	B	C	Temp	HueLux	Yellow	Red	Blue	Blue2	Trig
1	382	362	276	1052	4143	245.0	0	1500	0	0	1
1	2214	466	476	2995	2098	0.0	0	1500	0	0	1
1	3026	511	565	3855	1971	0.0	0	1500	0	0	1
1	3030	511	565	3859	1970	0.0	0	1500	0	0	1
1	3030	511	565	3859	1970	0.0	0	1500	0	0	1
1	3026	511	565	3855	1971	0.0	0	1500	0	0	1
1	3029	511	565	3858	1970	0.0	0	1500	0	0	1
1	3031	511	565	3859	1968	0.0	0	1500	0	0	1
1	3026	511	565	3854	1969	0.0	0	1500	0	0	1
1	3026	511	565	3854	1969	0.0	0	1500	0	0	1
1	3032	512	565	3861	1968	0.0	0	1500	0	0	1
1	3026	511	564	3854	1969	0.0	0	1500	0	0	1
1	3026	511	565	3855	1971	0.0	0	1500	0	0	1
1	3029	511	565	3857	1969	0.0	0	1500	0	0	1
1	3028	510	564	3857	1970	0.0	0	1500	0	0	1
1	3029	512	565	3858	1969	0.0	0	1500	0	0	1
1	3026	510	564	3853	1969	0.0	0	1500	0	0	1
1	3024	512	565	3854	1971	0.0	0	1500	0	0	1
1	3025	510	564	3852	1969	0.0	0	1500	0	0	1
1	3028	512	566	3858	1970	0.0	0	1500	0	0	1
1	3022	510	564	3848	1969	0.0	0	1500	0	0	1
1	3026	512	565	3856	1971	0.0	0	1500	0	0	1
1	3028	510	564	3854	1968	0.0	0	1500	0	0	1
1	3025	512	565	3855	1971	0.0	0	1500	0	0	1
1	3023	510	564	3849	1969	0.0	0	1500	0	0	1
1	3030	512	566	3860	1970	0.0	0	1500	0	0	1
1	3025	510	564	3850	1968	0.0	0	1500	0	0	1
1	3025	512	565	3855	1971	0.0	0	1500	0	0	0
1	3025	510	564	3851	1968	0.0	0	1500	0	0	0
1	590	376	300	1276	3328	182.0	0	1500	0	0	0
1	381	362	275	1050	4141	246.0	0	1500	0	0	0
1	383	364	277	1057	4146	247.0	0	1500	0	0	0
1	381	362	275	1050	4141	246.0	0	1500	0	0	0
1	381	362	275	1050	4141	246.0	0	1500	0	0	0
2	383	364	277	1057	4146	247.0	0	1500	0	0	1
2	2292	469	484	3074	2079	0.0	0	1500	0	0	1
2	3024	512	565	3854	1971	0.0	0	1500	0	0	1
2	3026	510	564	3851	1968	0.0	0	1500	0	0	1
2	3026	512	565	3857	1971	0.0	0	1500	0	0	1
2	3022	509	563	3847	1969	0.0	0	1500	0	0	1
2	3027	512	565	3858	1970	0.0	0	1500	0	0	1
2	3026	510	564	3852	1968	0.0	0	1500	0	0	1
2	3024	512	565	3854	1971	0.0	0	1500	0	0	1
2	3023	510	564	3849	1969	0.0	0	1500	0	0	1
2	3030	512	566	3859	1970	0.0	0	1500	0	0	1
2	3022	510	564	3848	1969	0.0	0	1500	0	0	1
2	3025	512	565	3855	1971	0.0	0	1500	0	0	1
2	3028	510	564	3855	1969	0.0	0	1500	0	0	1
2	3025	512	565	3855	1971	0.0	0	1500	0	0	1
2	3023	510	564	3850	1970	0.0	0	1500	0	0	1
2	3030	512	566	3860	1970	0.0	0	1500	0	0	1
2	3024	512	565	3853	1970	0.0	0	1500	0	0	1
2	3028	511	564	3855	1968	0.0	0	1500	0	0	1
2	3025	512	565	3854	1970	0.0	0	1500	0	0	1
2	3022	510	564	3850	1970	0.0	0	1500	0	0	1
2	3028	511	565	3857	1970	0.0	0	1500	0	0	1
2	3025	510	564	3852	1969	0.0	0	1500	0	0	1
2	3021	511	564	3850	1970	0.0	0	1500	0	0	1
2	3024	511	564	3852	1970	0.0	0	1500	0	0	1
2	3025	511	565	3854	1971	0.0	0	1500	0	0	1
2	3020	510	564	3847	1970	0.0	0	1500	0	0	1
2	3021	510	564	3847	1969	0.0	0	1500	0	0	0
2	3025	510	564	3851	1968	0.0	0	1500	0	0	0
2	607	374	300	1290	3274	173.0	0	1500	0	0	0
2	381	362	275	1051	4141	246.0	0	1500	0	0	0
2	380	361	275	1049	4148	245.0	0	1500	0	0	0
2	381	362	276	1051	4151	245.0	0	1500	0	0	0
2	380	361	275	1049	4148	245.0	0	1500	0	0	0
3	381	362	276	1052	4151	245.0	0	1500	0	0	1
3	2275	468	482	3058	2084	0.0	0	1500	0	0	1
3	3023	509	563	3848	1969	0.0	0	1500	0	0	1
3	3027	511	565	3855	1969	0.0	0	1500	0	0	1
3	3020	509	563	3845	1969	0.0	0	1500	0	0	1
3	3024	511	564	3852	1970	0.0	0	1500	0	0	1
3	3026	509	563	3850	1967	0.0	0	1500	0	0	1
3	3023	511	564	3851	1970	0.0	0	1500	0	0	1
3	3021	509	563	3845	1968	0.0	0	1500	0	0	1
3	3028	511	565	3857	1970	0.0	0	1500	0	0	1
3	3021	509	563	3846	1969	0.0	0	1500	0	0	1
3	3022	511	564	3850	1970	0.0	0	1500	0	0	1
3	3024	509	563	3848	1967	0.0	0	1500	0	0	1
3	3025	511	565	3853	1970	0.0	0	1500	0	0	1
3	3019	508	563	3843	1969	0.0	0	1500	0	0	1
3	3026	511	565	3854	1969	0.0	0	1500	0	0	1
3	3023	509	563	3847	1967	0.0	0	1500	0	0	1
3	3022	511	564	3850	1970	0.0	0	1500	0	0	1
3	3021	509	563	3845	1968	0.0	0	1500	0	0	1
3	3019	508	563	3843	1969	0.0	0	1500	0	0	1
3	3023	511	565	3852	1971	0.0	0	1500	0	0	1
3	3025	509	563	3850	1968	0.0	0	1500	0	0	1
3	3023	511	565	3852	1971	0.0	0	1500	0	0	1
3	3020	509	563	3845	1969	0.0	0	1500	0	0	1
3	3027	512	565	3857	1970	0.0	0	1500	0	0	1
3	3020	509	563	3845	1969	0.0	0	1500	0	0	1
3	3020	511	564	3849	1970	0.0	0	1500	0	0	1
3	3022	509	563	3847	1969	0.0	0	1500	0	0	0
3	3021	511	564	3849	1970	0.0	0	1500	0	0	0
3	518	369	290	1195	3524	201.0	0	1500	0	0	0
3	381	363	276	1053	4151	247.0	0	1500	0	0	0
3	380	361	275	1048	4148	245.0	0	1500	0	0	0
3	381	362	276	1052	4151	245.0	0	1500	0	0	0
3	380	361	275	1049	4148	245.0	0	1500	0	0	0
4	382	363	276	1053	4143	246.0	0	1500	0	0	1
4	380	362	275	1050	4148	246.0	0	1500	0	0	1
4	801	386	322	1497	2905	113.0	0	1500	0	0	1
4	1723	437	422	2473	2231	0.0	0	1500	0	0	1
4	1725	437	422	2475	2230	0.0	0	1500	0	0	1
4	1728	438	423	2478	2229	0.0	0	1500	0	0	1
4	1724	438	422	2474	2228	0.0	0	1500	0	0	1
4	1725	438	422	2476	2230	0.0	0	1500	0	0	1
4	1731	439	423	2482	2227	0.0	0	1500	0	0	1
4	1719	437	422	2469	2233	0.0	0	1500	0	0	1
4	1679	436	418	2428	2248	0.0	0	1500	0	0	1
4	1677	435	417	2425	2246	0.0	0	1500	0	0	1
4	1679	436	418	2429	2248	0.0	0	1500	0	0	1
4	1678	435	417	2425	2246	0.0	0	1500	0	0	1
4	1679	436	418	2429	2248	0.0	0	1500	0	0	1
4	1677	435	417	2424	2246	0.0	0	1500	0	0	1
4	1685	437	419	2436	2247	0.0	0	1500	0	0	1
4	1677	434	417	2424	2246	0.0	0	1500	0	0	1
4	1679	437	418	2430	2248	0.0	0	1500	0	0	1
4	1677	435	417	2424	2246	0.0	0	1500	0	0	1
4	1685	438	419	2437	2247	0.0	0	1500	0	0	1
4	1712	440	424	2461	2235	0.0	0	1500	0	0	1
4	1729	438	423	2479	2228	0.0	0	1500	0	0	1
4	1721	440	423	2476	2234	0.0	0	1500	0	0	1
4	1728	438	422	2478	2226	0.0	0	1500	0	0	1
4	1730	440	424	2485	2232	0.0	0	1500	0	0	1
4	1723	437	422	2473	2231	0.0	0	1500	0	0	1
4	1731	440	424	2486	2231	0.0	0	1500	0	0	0
4	1726	438	422	2476	2227	0.0	0	1500	0	0	0
4	696	382	311	1390	3093	149.0	0	1500	0	0	0
4	381	362	276	1052	4151	245.0	0	1500	0	0	0
4	384	364	277	1059	4139	247.0	0	1500	0	0	0
4	381	362	276	1052	4151	245.0	0	1500	0	0	0
4	383	364	277	1058	4146	247.0	0	1500	0	0	0
5	381	362	276	1052	4151	245.0	0	1500	131	0	1
5	383	364	277	1057	4146	247.0	0	1500	131	0	1
5	892	394	344	1610	2833	80.0	0	1500	131	0	1
5	1730	448	458	2528	2309	0.0	0	1500	131	0	1
5	1730	447	457	2525	2307	0.0	0	1500	131	0	1
5	1735	449	458	2533	2306	0.0	0	1500	131	0	1
5	1732	448	458	2529	2308	0.0	0	1500	131	0	1
5	1735	448	458	2533	2306	0.0	0	1500	131	0	1
5	1730	448	457	2528	2308	0.0	0	1500	131	0	1
5	1689	445	452	2482	2321	0.0	0	1500	131	0	1
5	1683	445	451	2475	2323	0.0	0	1500	131	0	1
5	1683	445	451	2476	2324	0.0	0	1500	131	0	1
5	1682	444	451	2474	2325	0.0	0	1500	131	0	1
5	1689	446	452	2482	2321	0.0	0	1500	131	0	1
5	1682	444	450	2473	2323	0.0	0	1500	131	0	1
5	1683	445	451	2477	2324	0.0	0	1500	131	0	1
5	1682	444	450	2473	2323	0.0	0	1500	131	0	1
5	1684	446	452	2477	2324	0.0	0	1500	131	0	1
5	1681	444	450	2472	2323	0.0	0	1500	131	0	1
5	1684	446	452	2478	2324	0.0	0	1500	131	0	1
5	1701	445	453	2493	2315	0.0	0	1500	131	0	1
5	1735	449	459	2535	2308	0.0	0	1500	131	0	1
5	1728	446	456	2522	2305	0.0	0	1500	131	0	1
5	1735	449	458	2534	2306	0.0	0	1500	131	0	1
5	1731	449	458	2530	2308	0.0	0	1500	131	0	1
5	1734	447	457	2528	2303	0.0	0	1500	131	0	1
5	1732	449	458	2532	2310	0.0	0	1500	131	0	1
5	1728	447	456	2523	2305	0.0	0	1500	131	0	0
5	1737	449	459	2537	2307	0.0	0	1500	131	0	0
5	598	376	304	1288	3327	176.0	0	1500	131	0	0
5	384	364	277	1058	4139	247.0	0	1500	131	0	0
5	381	362	275	1052	4141	246.0	0	1500	131	0	0
5	384	364	277	1058	4139	247.0	0	1500	131	0	0
5	381	362	276	1052	4151	245.0	0	1500	131	0	0
6	383	364	277	1058	4146	247.0	0	1500	263	0	1
6	382	362	276	1053	4143	245.0	0	1500	263	0	1
6	892	409	393	1675	3047	68.0	0	1500	263	0	1
6	1752	483	588	2719	2592	0.0	0	1500	263	0	1
6	1748	484	588	2716	2595	0.0	0	1500	263	0	1
6	1750	483	587	2715	2591	0.0	0	1500	263	0	1
6	1753	484	588	2721	2591	0.0	0	1500	263	0	1
6	1747	483	587	2714	2595	0.0	0	1500	263	0	1
6	1752	483	588	2719	2592	0.0	0	1500	263	0	1
6	1700	479	576	2656	2607	0.0	0	1500	263	0	1
6	1700	479	576	2656	2607	0.0	0	1500	263	0	1
6	1706	479	577	2663	2605	0.0	0	1500	263	0	1
6	1701	479	576	2658	2606	0.0	0	1500	263	0	1
6	1700	479	576	2656	2607	0.0	0	1500	263	0	1
6	1701	480	577	2658	2607	0.0	0	1500	263	0	1
6	1706	479	576	2661	2601	0.0	0	1500	263	0	1
6	1701	480	577	2659	2608	0.0	0	1500	263	0	1
6	1699	478	576	2654	2607	0.0	0	1500	263	0	1
6	1701	480	577	2659	2608	0.0	0	1500	263	0	1
6	1699	478	575	2653	2605	0.0	0	1500	263	0	1
6	1707	480	578	2666	2606	0.0	0	1500	263	0	1
6	1747	482	586	2711	2591	0.0	0	1500	263	0	1
6	1754	484	589	2723	2593	0.0	0	1500	263	0	1
6	1746	482	586	2711	2593	0.0	0	1500	263	0	1
6	1750	484	588	2718	2593	0.0	0	1500	263	0	1
6	1751	482	587	2716	2590	0.0	0	1500	263	0	1
6	1749	482	586	2713	2589	0.0	0	1500	263	0	1
6	1746	484	587	2715	2595	0.0	0	1500	263	0	0
6	1745	482	586	2709	2592	0.0	0	1500	263	0	0
6	619	385	330	1343	3422	165.0	0	1500	263	0	0
6	381	362	275	1051	4141	246.0	0	1500	263	0	0
6	384	364	277	1059	4139	247.0	0	1500	263	0	0
6	381	362	275	1052	4141	246.0	0	1500	263	0	0
6	384	364	277	1058	4139	247.0	0	1500	263	0	0
7	381	362	275	1052	4141	246.0	0	1500	394	0	1
7	383	364	277	1058	4146	247.0	0	1500	394	0	1
7	721	402	388	1511	3441	116.0	0	1500	394	0	1
7	1769	523	733	2927	2906	0.0	0	1500	394	0	1
7	1771	522	733	2927	2904	0.0	0	1500	394	0	1
7	1767	523	733	2926	2909	0.0	0	1500	394	0	1
7	1763	521	731	2917	2906	0.0	0	1500	394	0	1
7	1771	523	734	2930	2906	0.0	0	1500	394	0	1
7	1766	522	731	2921	2904	0.0	0	1500	394	0	1
7	1771	523	732	2927	2902	0.0	0	1500	394	0	1
7	1737	518	721	2926	2939	0.0	0	1500	394	0	1
7	1718	516	716	2857	2917	0.0	0	1500	394	0	1
7	1718	516	716	2856	2916	0.0	0	1500	394	0	1
7	1718	517	716	2857	2916	0.0	0	1500	394	0	1
7	1718	516	716	2856	2916	0.0	0	1500	394	0	1
7	1718	517	716	2858	2917	0.0	0	1500	394	0	1
7	1718	516	716	2856	2916	0.0	0	1500	394	0	1
7	1719	517	716	2858	2915	0.0	0	1500	394	0	1
7	1724	517	717	2863	2913	0.0	0	1500	394	0	1
7	1719	517	716	2858	2915	0.0	0	1500	394	0	1
7	1717	516	715	2855	2916	0.0	0	1500	394	0	1
7	1719	517	716	2859	2916	0.0	0	1500	394	0	1
7	1766	521	731	2919	2904	0.0	0	1500	394	0	1
7	1773	523	733	2930	2902	0.0	0	1500	394	0	1
7	1766	521	732	2921	2906	0.0	0	1500	394	0	1
7	1767	523	732	2924	2905	0.0	0	1500	394	0	1
7	1764	520	729	2916	2903	0.0	0	1500	394	0	1
7	1768	523	734	2927	2909	0.0	0	1500	394	0	1
7	1765	520	733	2917	2908	0.0	0	1500	394	0	0
7	787	408	409	1598	3364	89.0	0	1500	394	0	0
7	383	364	277	1057	4146	247.0	0	1500	394	0	0
7	381	361	275	1050	4141	244.0	0	1500	394	0	0
7	383	364	277	1057	4146	247.0	0	1500	394	0	0
7	381	362	275	1050	4141	246.0	0	1500	394	0	0
8	383	364	277	1058	4146	247.0	0	1500	526	0	1
8	381	362	275	1050	4141	246.0	0	1500	526	0	1
8	826	428	471	1719	3557	62.0	0	1500	526	0	1
8	1792	563	889	3151	3230	0.0	0	1500	526	0	1
8	1790	566	892	3155	3239	0.0	0	1500	526	0	1
8	1787	563	888	3146	3233	0.0	0	1500	526	0	1
8	1794	566	891	3158	3232	0.0	0	1500	526	0	1
8	1786	564	890	3148	3239	0.0	0	1500	526	0	1
8	1784	565	887	3144	3234	0.0	0	1500	526	0	1
8	1792	564	890	3154	3232	0.0	0	1500	526	0	1
8	1777	564	885	3134	3237	0.0	0	1500	526	0	1
8	1739	557	868	3075	3243	0.0	0	1500	526	0	1
8	1740	559	871	3082	3248	0.0	0	1500	526	0	1
8	1739	558	868	3078	3244	0.0	0	1500	526	0	1
8	1738	557	868	3074	3244	0.0	0	1500	526	0	1
8	1746	559	871	3087	3242	0.0	0	1500	526	0	1
8	1738	557	868	3075	3244	0.0	0	1500	526	0	1
8	1739	558	868	3078	3244	0.0	0	1500	526	0	1
8	1739	558	868	3077	3243	0.0	0	1500	526	0	1
8	1739	558	869	3079	3246	0.0	0	1500	526	0	1
8	1739	558	868	3078	3244	0.0	0	1500	526	0	1
8	1782	565	888	3143	3238	0.0	0	1500	526	0	1
8	1791	565	890	3153	3233	0.0	0	1500	526	0	1
8	1787	565	891	3151	3240	0.0	0	1500	526	0	1
8	1788	566	891	3152	3239	0.0	0	1500	526	0	1
8	1789	565	889	3151	3233	0.0	0	1500	526	0	1
8	1793	566	892	3158	3236	0.0	0	1500	526	0	1
8	1787	565	890	3149	3238	0.0	0	1500	526	0	1
8	1791	566	890	3153	3232	0.0	0	1500	526	0	0
8	1791	565	891	3154	3235	0.0	0	1500	526	0	0
8	704	410	416	1534	3642	114.0	0	1500	526	0	0
8	383	364	277	1056	4146	247.0	0	1500	526	0	0
8	381	362	275	1051	4141	246.0	0	1500	526	0	0
8	383	364	277	1056	4146	247.0	0	1500	526	0	0
8	381	362	275	1050	4141	246.0	0	1500	526	0	0
9	383	364	277	1056	4146	247.0	0	1500	657	0	1
9	815	436	511	1759	3778	49.0	0	1500	657	0	1
9	1815	610	1053	3391	3562	0.0	0	1500	657	0	1
9	1809	607	1049	3378	3561	0.0	0	1500	657	0	1
9	1816	610	1050	3389	3554	0.0	0	1500	657	0	1
9	1812	608	1051	3384	3561	0.0	0	1500	657	0	1
9	1811	610	1050	3384	3561	0.0	0	1500	657	0	1
9	1813	607	1048	3381	3554	0.0	0	1500	657	0	1
9	1814	610	1053	3391	3563	0.0	0	1500	657	0	1
9	1802	606	1044	3366	3559	0.0	0	1500	657	0	1
9	1762	601	1023	3304	3564	0.0	0	1500	657	0	1
9	1760	599	1021	3297	3563	0.0	0	1500	657	0	1
9	1762	601	1023	3304	3564	0.0	0	1500	657	0	1
9	1766	600	1024	3306	3561	0.0	0	1500	657	0	1
9	1759	598	1021	3296	3564	0.0	0	1500	657	0	1
9	1762	600	1022	3302	3562	0.0	0	1500	657	0	1
9	1765	599	1024	3306	3563	0.0	0	1500	657	0	1
9	1761	600	1022	3302	3564	0.0	0	1500	657	0	1
9	1759	598	1021	3297	3565	0.0	0	1500	657	0	1
9	1761	600	1022	3302	3564	0.0	0	1500	657	0	1
9	1785	603	1037	3340	3565	0.0	0	1500	657	0	1
9	1817	609	1050	3389	3553	0.0	0	1500	657	0	1
9	1810	608	1051	3383	3564	0.0	0	1500	657	0	1
9	1811	609	1049	3383	3558	0.0	0	1500	657	0	1
9	1815	608	1049	3385	3554	0.0	0	1500	657	0	1
9	1811	610	1052	3386	3565	0.0	0	1500	657	0	1
9	1811	608	1048	3381	3556	0.0	0	1500	657	0	1
9	1815	609	1052	3390	3560	0.0	0	1500	657	0	0
9	1810	608	1050	3382	3562	0.0	0	1500	657	0	0
9	726	421	458	1609	3794	93.0	0	1500	657	0	0
9	382	363	276	1055	4143	246.0	0	1500	657	0	0
9	382	363	276	1055	4143	246.0	0	1500	657	0	0
9	382	363	276	1054	4143	246.0	0	1500	657	0	0
9	382	363	276	1055	4143	246.0	0	1500	657	0	0
10	381	363	276	1053	4151	247.0	0	1500	789	0	1
10	645	416	447	1520	4031	120.0	0	1500	789	0	1
10	1831	651	1210	3611	3879	0.0	0	1500	789	0	1
10	1834	651	1205	3609	3865	0.0	0	1500	789	0	1
10	1835	651	1211	3616	3876	0.0	0	1500	789	0	1
10	1832	652	1211	3615	3880	0.0	0	1500	789	0	1
10	1834	650	1208	3611	3871	0.0	0	1500	789	0	1
10	1829	652	1208	3609	3878	0.0	0	1500	789	0	1
10	1830	650	1209	3608	3879	0.0	0	1500	789	0	1
10	1836	652	1209	3615	3870	0.0	0	1500	789	0	1
10	1832	651	1210	3613	3878	0.0	0	1500	789	0	1
10	1787	643	1180	3533	3878	0.0	0	1500	789	0	1
10	1779	639	1174	3516	3877	0.0	0	1500	789	0	1
10	1781	641	1176	3522	3878	0.0	0	1500	789	0	1
10	1779	639	1174	3515	3877	0.0	0	1500	789	0	1
10	1781	642	1176	3522	3878	0.0	0	1500	789	0	1
10	1781	641	1176	3515	3876	0.0	0	1500	789	0	1
10	1778	639	1174	3514	3878	0.0	0	1500	789	0	1
10	1781	641	1176	3521	3878	0.0	0	1500	789	0	1
10	1778	639	1174	3514	3878	0.0	0	1500	789	0	1
10	1781	641	1176	3521	3878	0.0	0	1500	789	0	1
10	1778	639	1174	3513	3877	0.0	0	1500	789	0	1
10	1836	651	1208	3614	3868	0.0	0	1500	789	0	1
10	1830	650	1210	3608	3880	0.0	0	1500	789	0	1
10	1832	651	1208	3610	3874	0.0	0	1500	789	0	1
10	1834	649	1208	3609	3870	0.0	0	1500	789	0	1
10	1831	652	1211	3613	3882	0.0	0	1500	789	0	1
10	1824	648	1202	3593	3872	0.0	0	1500	789	0	0
10	1835	652	1211	3617	3876	0.0	0	1500	789	0	0
10	904	465	612	1972	3964	0.0	0	1500	789	0	0
10	381	363	276	1053	4151	247.0	0	1500	789	0	0
10	379	361	275	1048	4155	245.0	0	1500	789	0	0
10	382	363	276	1054	4143	246.0	0	1500	789	0	0
10	380	362	275	1050	4148	246.0	0	1500	789	0	0
11	383	364	277	1056	4146	247.0	0	1500	921	0	1
11	750	447	549	1752	4179	60.0	0	1500	921	0	1
11	1857	696	1372	3849	4185	0.0	0	1500	921	0	1
11	1855	696	1369	3847	4183	0.0	0	1500	921	0	1
11	1859	695	1368	3847	4174	0.0	0	1500	921	0	1
11	1857	697	1373	3853	4187	0.0	0	1500	921	0	1
11	1855	695	1368	3843	4180	0.0	0	1500	921	0	1
11	1861	696	1369	3851	4173	0.0	0	1500	921	0	1
11	1856	696	1372	3850	4187	0.0	0	1500	921	0	1
11	1855	695	1364	3840	4172	0.0	0	1500	921	0	1
11	1822	687	1340	3778	4173	0.0	0	1500	921	0	1
11	1804	684	1331	3748	4182	0.0	0	1500	921	0	1
11	1804	684	1330	3748	4180	0.0	0	1500	921	0	1
11	1804	684	1330	3748	4180	0.0	0	1500	921	0	1
11	1804	684	1330	3748	4180	0.0	0	1500	921	0	1
11	1803	684	1330	3747	4181	0.0	0	1500	921	0	1
11	1804	684	1330	3747	4180	0.0	0	1500	921	0	1
11	1810	685	1335	3758	4180	0.0	0	1500	921	0	1
11	1804	684	1331	3748	4182	0.0	0	1500	921	0	1
11	1804	684	1331	3748	4182	0.0	0	1500	921	0	1
11	1803	683	1330	3745	4181	0.0	0	1500	921	0	1
11	1860	697	1371	3852	4178	0.0	0	1500	921	0	1
11	1854	695	1371	3846	4188	0.0	0	1500	921	0	1
11	1857	696	1368	3846	4177	0.0	0	1500	921	0	1
11	1851	693	1365	3835	4180	0.0	0	1500	921	0	1
11	1854	696	1371	3848	4188	0.0	0	1500	921	0	1
11	1854	694	1367	3840	4179	0.0	0	1500	921	0	1
11	1859	696	1370	3850	4178	0.0	0	1500	921	0	0
11	1852	694	1370	3842	4189	0.0	0	1500	921	0	0
11	820	461	597	1879	4164	24.0	0	1500	921	0	0
11	380	361	275	1050	4148	245.0	0	1500	921	0	0
11	383	364	277	1056	4146	247.0	0	1500	921	0	0
11	380	361	275	1050	4148	245.0	0	1500	921	0	0
11	382	364	277	1056	4153	247.0	0	1500	921	0	0
12	381	362	275	1050	4141	246.0	0	1500	1052	0	1
12	383	364	277	1056	4146	247.0	0	1500	1052	0	1
12	740	452	576	1776	4356	51.0	0	1500	1052	0	1
12	1873	735	1525	4065	4480	0.0	0	1500	1052	0	1
12	1881	738	1527	4077	4470	0.0	0	1500	1052	0	1
12	1875	736	1529	4072	4484	0.0	0	1500	1052	0	1
12	1876	739	1528	4074	4481	0.0	0	1500	1052	0	1
12	1878	735	1525	4069	4471	0.0	0	1500	1052	0	1
12	1876	739	1531	4077	4487	0.0	0	1500	1052	0	1
12	1872	735	1525	4063	4481	0.0	0	1500	1052	0	1
12	1854	731	1505	4023	4470	0.0	0	1500	1052	0	1
12	1821	722	1481	3958	4476	0.0	0	1500	1052	0	1
12	1823	724	1483	3966	4477	0.0	0	1500	1052	0	1
12	1821	722	1481	3959	4476	0.0	0	1500	1052	0	1
12	1823	725	1483	3966	4477	0.0	0	1500	1052	0	1
12	1821	722	1481	3959	4476	0.0	0	1500	1052	0	1
12	1823	725	1483	3967	4477	0.0	0	1500	1052	0	1
12	1821	723	1482	3960	4478	0.0	0	1500	1052	0	1
12	1823	725	1483	3966	4477	0.0	0	1500	1052	0	1
12	1827	724	1487	3973	4479	0.0	0	1500	1052	0	1
12	1823	725	1483	3965	4477	0.0	0	1500	1052	0	1
12	1880	738	1527	4075	4472	0.0	0	1500	1052	0	1
12	1868	735	1524	4060	4486	0.0	0	1500	1052	0	1
12	1875	738	1527	4071	4480	0.0	0	1500	1052	0	1
12	1877	736	1525	4070	4473	0.0	0	1500	1052	0	1
12	1877	739	1531	4078	4485	0.0	0	1500	1052	0	1
12	1867	736	1527	4062	4494	0.0	0	1500	1052	0	1
12	1878	737	1526	4073	4473	0.0	0	1500	1052	0	0
12	1876	737	1529	4073	4483	0.0	0	1500	1052	0	0
12	839	477	657	1975	4374	0.0	0	1500	1052	0	0
12	381	362	275	1052	4141	246.0	0	1500	1052	0	0
12	382	363	276	1055	4143	246.0	0	1500	1052	0	0
12	381	362	276	1052	4151	245.0	0	1500	1052	0	0
12	382	363	276	1054	4143	246.0	0	1500	1052	0	0
13	382	362	276	1053	4143	245.0	0	1500	1184	0	1
13	382	363	276	1054	4143	246.0	0	1500	1184	0	1
13	546	409	432	1410	4405	152.0	0	1500	1184	0	1
13	1902	780	1686	4305	4761	0.0	0	1500	1184	0	1
13	1897	781	1691	4307	4780	0.0	0	1500	1184	0	1
13	1901	780	1686	4303	4762	0.0	0	1500	1184	0	1
13	1898	781	1691	4307	4778	0.0	0	1500	1184	0	1
13	1895	781	1688	4301	4777	0.0	0	1500	1184	0	1
13	1899	780	1686	4300	4766	0.0	0	1500	1184	0	1
13	1892	779	1683	4291	4773	0.0	0	1500	1184	0	1
13	1895	781	1689	4302	4779	0.0	0	1500	1184	0	1
13	1898	781	1686	4302	4768	0.0	0	1500	1184	0	1
13	1842	765	1636	4184	4768	0.0	0	1500	1184	0	1
13	1850	768	1643	4202	4767	0.0	0	1500	1184	0	1
13	1843	765	1636	4185	4766	0.0	0	1500	1184	0	1
13	1844	766	1637	4188	4766	0.0	0	1500	1184	0	1
13	1842	765	1636	4184	4768	0.0	0	1500	1184	0	1
13	1850	767	1638	4194	4757	0.0	0	1500	1184	0	1
13	1842	765	1636	4184	4768	0.0	0	1500	1184	0	1
13	1843	766	1637	4187	4768	0.0	0	1500	1184	0	1
13	1841	765	1636	4182	4769	0.0	0	1500	1184	0	1
13	1843	766	1637	4187	4768	0.0	0	1500	1184	0	1
13	1841	764	1636	4182	4769	0.0	0	1500	1184	0	1
13	1843	779	1685	4188	4863	0.0	0	1500	1184	0	1
13	1900	782	1689	4308	4770	0.0	0	1500	1184	0	1
13	1894	780	1689	4300	4781	0.0	0	1500	1184	0	1
13	1898	781	1686	4303	4768	0.0	0	1500	1184	0	1
13	1898	779	1687	4300	4770	0.0	0	1500	1184	0	0
13	1896	782	1691	4306	4782	0.0	0	1500	1184	0	0
13	1044	542	884	2460	4614	0.0	0	1500	1184	0	0
13	383	364	277	1056	4146	247.0	0	1500	1184	0	0
13	380	361	275	1049	4148	245.0	0	1500	1184	0	0
13	383	364	277	1056	4146	247.0	0	1500	1184	0	0
13	380	361	275	1049	4148	245.0	0	1500	1184	0	0
14	383	364	277	1056	4146	247.0	0	1500	1315	0	1
14	380	361	275	1049	4148	245.0	0	1500	1315	0	1
14	653	445	553	1668	4617	85.0	0	1500	1315	0	1
14	1911	821	1842	4518	5061	0.0	0	1500	1315	0	1
14	1918	825	1848	4535	5059	0.0	0	1500	1315	0	1
14	1920	822	1844	4528	5047	0.0	0	1500	1315	0	1
14	1921	825	1850	4539	5058	0.0	0	1500	1315	0	1
14	1910	822	1846	4522	5071	0.0	0	1500	1315	0	1
14	1920	823	1847	4532	5053	0.0	0	1500	1315	0	1
14	1919	825	1850	4537	5061	0.0	0	1500	1315	0	1
14	1919	822	1844	4528	5049	0.0	0	1500	1315	0	1
14	1876	811	1798	4430	5040	0.0	0	1500	1315	0	1
14	1863	806	1789	4404	5047	0.0	0	1500	1315	0	1
14	1865	808	1791	4410	5047	0.0	0	1500	1315	0	1
14	1862	806	1789	4404	5049	0.0	0	1500	1315	0	1
14	1864	808	1791	4409	5049	0.0	0	1500	1315	0	1
14	1862	806	1789	4404	5049	0.0	0	1500	1315	0	1
14	1864	808	1791	4409	5049	0.0	0	1500	1315	0	1
14	1862	806	1789	4404	5049	0.0	0	1500	1315	0	1
14	1871	810	1797	4424	5048	0.0	0	1500	1315	0	1
14	1863	806	1789	4404	5047	0.0	0	1500	1315	0	1
14	1864	808	1791	4409	5049	0.0	0	1500	1315	0	1
14	1863	806	1789	4404	5047	0.0	0	1500	1315	0	1
14	1921	825	1848	4537	5054	0.0	0	1500	1315	0	1
14	1917	823	1848	4531	5061	0.0	0	1500	1315	0	1
14	1921	823	1845	4532	5048	0.0	0	1500	1315	0	1
14	1911	822	1842	4519	5061	0.0	0	1500	1315	0	1
14	1921	823	1844	4531	5046	0.0	0	1500	1315	0	1
14	1920	825	1849	4537	5058	0.0	0	1500	1315	0	0
14	950	532	854	2337	4815	0.0	0	1500	1315	0	0
14	382	363	276	1054	4143	246.0	0	1500	1315	0	0
14	382	363	276	1053	4143	246.0	0	1500	1315	0	0
14	381	362	276	1052	4151	245.0	0	1500	1315	0	0
14	381	362	276	1052	4151	245.0	0	1500	1315	0	0
15	381	362	275	1051	4141	246.0	0	1500	1447	0	1
15	381	362	276	1051	4151	245.0	0	1500	1447	0	1
15	635	444	558	1656	4739	86.0	0	1500	1447	0	1
15	1939	868	2011	4767	5344	0.0	0	1500	1447	0	1
15	1939	865	2005	4757	5332	0.0	0	1500	1447	0	1
15	1936	865	2000	4749	5328	0.0	0	1500	1447	0	1
15	1938	867	2010	4764	5344	0.0	0	1500	1447	0	1
15	1941	867	2005	4762	5328	0.0	0	1500	1447	0	1
15	1942	866	2006	4763	5328	0.0	0	1500	1447	0	1
15	1939	868	2011	4768	5344	0.0	0	1500	1447	0	1
15	1943	867	2007	4767	5328	0.0	0	1500	1447	0	1
15	1903	854	1966	4674	5328	0.0	0	1500	1447	0	1
15	1890	850	1946	4637	5315	0.0	0	1500	1447	0	1
15	1882	847	1944	4625	5328	0.0	0	1500	1447	0	1
15	1884	849	1945	4631	5325	0.0	0	1500	1447	0	1
15	1882	847	1944	4625	5328	0.0	0	1500	1447	0	1
15	1885	849	1945	4631	5323	0.0	0	1500	1447	0	1
15	1882	847	1944	4624	5328	0.0	0	1500	1447	0	1
15	1884	849	1945	4631	5325	0.0	0	1500	1447	0	1
15	1882	847	1943	4624	5326	0.0	0	1500	1447	0	1
15	1885	849	1945	4631	5323	0.0	0	1500	1447	0	1
15	1889	849	1951	4640	5327	0.0	0	1500	1447	0	1
15	1885	849	1945	4631	5323	0.0	0	1500	1447	0	1
15	1937	866	2010	4762	5346	0.0	0	1500	1447	0	1
15	1941	867	2006	4763	5330	0.0	0	1500	1447	0	1
15	1941	864	1999	4752	5316	0.0	0	1500	1447	0	1
15	1940	869	2012	4770	5344	0.0	0	1500	1447	0	1
15	1939	865	2004	4756	5330	0.0	0	1500	1447	0	1
15	1931	864	2003	4747	5344	0.0	0	1500	1447	0	0
15	979	555	934	2468	5025	0.0	0	1500	1447	0	0
15	380	361	275	1049	4148	245.0	0	1500	1447	0	0
15	383	364	277	1056	4146	247.0	0	1500	1447	0	0
15	380	361	275	1049	4148	245.0	0	1500	1447	0	0
15	383	363	277	1056	4146	245.0	0	1500	1447	0	0
15	380	361	275	1049	4148	245.0	0	1500	1447	0	0
16	383	363	276	1055	4136	246.0	0	1500	1578	0	1
16	440	382	347	1199	4395	206.0	0	1500	1578	0	1
16	1958	909	2161	4983	5600	0.0	0	1500	1578	0	1
16	1959	909	2168	4992	5612	0.0	0	1500	1578	0	1
16	1965	910	2165	4995	5593	0.0	0	1500	1578	0	1
16	1962	909	2167	4993	5603	0.0	0	1500	1578	0	1
16	1961	912	2170	4998	5611	0.0	0	1500	1578	0	1
16	1961	908	2163	4987	5597	0.0	0	1500	1578	0	1
16	1965	911	2167	4998	5597	0.0	0	1500	1578	0	1
16	1959	910	2170	4995	5616	0.0	0	1500	1578	0	1
16	1962	910	2165	4993	5599	0.0	0	1500	1578	0	1
16	1961	912	2172	5000	5615	0.0	0	1500	1578	0	1
16	1904	889	2098	4849	5593	0.0	0	1500	1578	0	1
16	1905	891	2099	4853	5593	0.0	0	1500	1578	0	1
16	1905	891	2106	4860	5607	0.0	0	1500	1578	0	1
16	1905	891	2099	4853	5593	0.0	0	1500	1578	0	1
16	1904	890	2098	4849	5593	0.0	0	1500	1578	0	1
16	1905	891	2099	4853	5593	0.0	0	1500	1578	0	1
16	1911	892	2106	4866	5594	0.0	0	1500	1578	0	1
16	1905	891	2099	4852	5593	0.0	0	1500	1578	0	1
16	1904	890	2099	4850	5595	0.0	0	1500	1578	0	1
16	1905	891	2099	4852	5593	0.0	0	1500	1578	0	1
16	1904	890	2098	4851	5593	0.0	0	1500	1578	0	1
16	1905	890	2099	4852	5593	0.0	0	1500	1578	0	1
16	1960	911	2170	4996	5613	0.0	0	1500	1578	0	1
16	1962	910	2164	4991	5597	0.0	0	1500	1578	0	1
16	1959	910	2166	4990	5608	0.0	0	1500	1578	0	1
16	1960	911	2171	4997	5615	0.0	0	1500	1578	0	0
16	1962	910	2164	4991	5597	0.0	0	1500	1578	0	0
16	1189	363	276	3059	2275	0.0	0	1500	1578	0	0
16	381	362	276	1052	4151	245.0	0	1500	1578	0	0
16	382	363	276	1054	4143	246.0	0	1500	1578	0	0
16	381	362	276	1052	4151	245.0	0	1500	1578	0	0
16	382	363	276	1054	4143	246.0	0	1500	1578	0	0
17	381	362	275	1051	4141	246.0	0	1500	1710	0	1
17	541	424	487	1478	4820	137.0	0	1500	1710	0	1
17	1984	953	2326	5223	5864	0.0	0	1500	1710	0	1
17	1987	954	2328	5230	5861	0.0	0	1500	1710	0	1
17	1980	952	2324	5217	5869	0.0	0	1500	1710	0	1
17	1984	954	2327	5227	5866	0.0	0	1500	1710	0	1
17	1985	953	2327	5225	5864	0.0	0	1500	1710	0	1
17	1983	956	2334	5235	5881	0.0	0	1500	1710	0	1
17	1976	950	2317	5204	5864	0.0	0	1500	1710	0	1
17	1988	955	2328	5231	5859	0.0	0	1500	1710	0	1
17	1981	954	2332	5229	5882	0.0	0	1500	1710	0	1
17	1985	955	2328	5229	5865	0.0	0	1500	1710	0	1
17	1932	934	2262	5092	5857	0.0	0	1500	1710	0	1
17	1928	934	2255	5080	5853	0.0	0	1500	1710	0	1
17	1927	934	2255	5080	5855	0.0	0	1500	1710	0	1
17	1925	932	2254	5074	5858	0.0	0	1500	1710	0	1
17	1927	934	2255	5080	5855	0.0	0	1500	1710	0	1
17	1925	931	2253	5073	5856	0.0	0	1500	1710	0	1
17	1927	934	2255	5080	5855	0.0	0	1500	1710	0	1
17	1925	931	2253	5072	5856	0.0	0	1500	1710	0	1
17	1928	935	2263	5090	5869	0.0	0	1500	1710	0	1
17	1924	931	2253	5072	5858	0.0	0	1500	1710	0	1
17	1925	933	2255	5077	5860	0.0	0	1500	1710	0	1
17	1985	952	2325	5222	5860	0.0	0	1500	1710	0	1
17	1983	956	2333	5234	5879	0.0	0	1500	1710	0	1
17	1981	952	2326	5221	5870	0.0	0	1500	1710	0	1
17	1988	954	2327	5229	5857	0.0	0	1500	1710	0	1
17	1981	954	2331	5227	5880	0.0	0	1500	1710	0	0
17	1977	952	2320	5211	5868	0.0	0	1500	1710	0	0
17	1096	624	1186	2906	5513	0.0	0	1500	1710	0	0
17	383	364	277	1056	4146	247.0	0	1500	1710	0	0
17	380	361	275	1049	4148	245.0	0	1500	1710	0	0
17	380	361	275	1049	4148	245.0	0	1500	1710	0	0
17	382	363	277	1055	4153	246.0	0	1500	1710	0	0
18	381	362	275	1050	4141	246.0	0	1500	1842	0	1
18	529	422	482	1460	4862	141.0	0	1500	1842	0	1
18	2004	997	2491	5459	6134	0.0	0	1500	1842	0	1
18	2010	998	2488	5462	6114	0.0	0	1500	1842	0	1
18	2005	998	2492	5462	6133	0.0	0	1500	1842	0	1
18	2005	999	2493	5464	6135	0.0	0	1500	1842	0	1
18	2001	994	2477	5439	6114	0.0	0	1500	1842	0	1
18	2007	999	2493	5466	6131	0.0	0	1500	1842	0	1
18	2004	998	2492	5461	6136	0.0	0	1500	1842	0	1
18	2009	998	2488	5461	6117	0.0	0	1500	1842	0	1
18	2001	998	2492	5457	6143	0.0	0	1500	1842	0	1
18	2005	999	2493	5464	6135	0.0	0	1500	1842	0	1
18	1960	978	2420	5327	6102	0.0	0	1500	1842	0	1
18	1947	975	2411	5302	6116	0.0	0	1500	1842	0	1
18	1954	977	2420	5320	6116	0.0	0	1500	1842	0	1
18	1947	975	2410	5302	6114	0.0	0	1500	1842	0	1
18	1947	975	2410	5301	6114	0.0	0	1500	1842	0	1
18	1947	975	2410	5301	6114	0.0	0	1500	1842	0	1
18	1946	974	2410	5300	6116	0.0	0	1500	1842	0	1
18	1947	974	2410	5301	6114	0.0	0	1500	1842	0	1
18	1946	974	2410	5299	6116	0.0	0	1500	1842	0	1
18	1946	974	2410	5300	6116	0.0	0	1500	1842	0	1
18	1947	976	2418	5311	6129	0.0	0	1500	1842	0	1
18	2005	997	2488	5456	6126	0.0	0	1500	1842	0	1
18	2006	996	2488	5457	6123	0.0	0	1500	1842	0	1
18	2003	998	2495	5463	6144	0.0	0	1500	1842	0	1
18	2003	995	2487	5453	6129	0.0	0	1500	1842	0	1
18	2007	997	2489	5459	6123	0.0	0	1500	1842	0	0
18	2002	997	2494	5460	6144	0.0	0	1500	1842	0	0
18	1121	650	1279	3052	5738	0.0	0	1500	1842	0	0
18	379	360	274	1047	4145	244.0	0	1500	1842	0	0
18	381	362	276	1052	4151	245.0	0	1500	1842	0	0
18	379	360	274	1046	4145	244.0	0	1500	1842	0	0
18	381	362	276	1052	4151	245.0	0	1500	1842	0	0
19	381	362	276	1052	4151	245.0	0	1500	1973	0	1
19	379	360	274	1046	4145	244.0	0	1500	1973	0	1
19	2026	1042	2656	5696	6393	0.0	0	1500	1973	0	1
19	2026	1038	2647	5683	6376	0.0	0	1500	1973	0	1
19	2022	1038	2640	5673	6373	0.0	0	1500	1973	0	1
19	2024	1041	2655	5692	6397	0.0	0	1500	1973	0	1
19	2029	1041	2650	5693	6374	0.0	0	1500	1973	0	1
19	2027	1039	2649	5689	6377	0.0	0	1500	1973	0	1
19	2027	1043	2657	5700	6392	0.0	0	1500	1973	0	1
19	2026	1039	2648	5687	6378	0.0	0	1500	1973	0	1
19	2031	1042	2651	5696	6372	0.0	0	1500	1973	0	1
19	2024	1041	2655	5694	6396	0.0	0	1500	1973	0	1
19	2029	1042	2651	5695	6376	0.0	0	1500	1973	0	1
19	2027	1037	2639	5676	6358	0.0	0	1500	1973	0	1
19	1969	1018	2566	5529	6363	0.0	0	1500	1973	0	1
19	1967	1016	2565	5522	6367	0.0	0	1500	1973	0	1
19	1969	1018	2566	5529	6363	0.0	0	1500	1973	0	1
19	1966	1016	2564	5521	6367	0.0	0	1500	1973	0	1
19	1967	1016	2564	5522	6364	0.0	0	1500	1973	0	1
19	1969	1018	2566	5528	6363	0.0	0	1500	1973	0	1
19	1973	1019	2575	5541	6371	0.0	0	1500	1973	0	1
19	1969	1018	2566	5528	6363	0.0	0	1500	1973	0	1
19	1967	1016	2565	5522	6367	0.0	0	1500	1973	0	1
19	1969	1018	2566	5528	6363	0.0	0	1500	1973	0	1
19	1973	1019	2577	5545	6374	0.0	0	1500	1973	0	1
19	2026	1043	2656	5699	6393	0.0	0	1500	1973	0	1
19	2028	1040	2648	5688	6373	0.0	0	1500	1973	0	1
19	2029	1042	2652	5696	6378	0.0	0	1500	1973	0	0
19	2017	1038	2644	5674	6392	0.0	0	1500	1973	0	0
19	1344	758	1658	3757	6091	0.0	0	1500	1973	0	0
19	381	362	275	1051	4141	246.0	0	1500	1973	0	0
19	382	363	276	1054	4143	246.0	0	1500	1973	0	0
19	381	362	275	1051	4141	246.0	0	1500	1973	0	0
19	382	363	276	1053	4143	246.0	0	1500	1973	0	0
20	381	362	275	1051	4141	246.0	0	1500	2105	0	1
20	381	363	276	1053	4151	247.0	0	1500	2105	0	1
20	425	1086	2818	1196	1465	0.0	0	1500	2105	0	1
20	2052	1084	2811	5926	6617	0.0	0	1500	2105	0	1
20	2050	1086	2815	5930	6629	0.0	0	1500	2105	0	1
20	2048	1086	2817	5931	6638	0.0	0	1500	2105	0	1
20	2052	1084	2811	5925	6617	0.0	0	1500	2105	0	1
20	2050	1086	2816	5930	6632	0.0	0	1500	2105	0	1
20	2047	1086	2817	5929	6641	0.0	0	1500	2105	0	1
20	2052	1085	2811	5926	6617	0.0	0	1500	2105	0	1
20	2042	1082	2804	5907	6629	0.0	0	1500	2105	0	1
20	2048	1087	2818	5932	6640	0.0	0	1500	2105	0	1
20	2050	1084	2811	5923	6622	0.0	0	1500	2105	0	1
20	1989	1060	2723	5753	6613	0.0	0	1500	2105	0	1
20	1995	1062	2733	5771	6616	0.0	0	1500	2105	0	1
20	1990	1060	2723	5753	6611	0.0	0	1500	2105	0	1
20	1988	1058	2722	5749	6614	0.0	0	1500	2105	0	1
20	1990	1060	2723	5754	6610	0.0	0	1500	2105	0	1
20	1993	1059	2722	5755	6600	0.0	0	1500	2105	0	1
20	1990	1060	2723	5754	6610	0.0	0	1500	2105	0	1
20	1988	1058	2722	5749	6614	0.0	0	1500	2105	0	1
20	1987	1058	2721	5748	6614	0.0	0	1500	2105	0	1
20	1990	1060	2723	5754	6610	0.0	0	1500	2105	0	1
20	1988	1058	2721	5748	6612	0.0	0	1500	2105	0	1
20	2052	1086	2814	5931	6622	0.0	0	1500	2105	0	1
20	2047	1085	2817	5928	6641	0.0	0	1500	2105	0	1
20	2051	1087	2814	5930	6626	0.0	0	1500	2105	0	1
20	2051	1084	2811	5925	6619	0.0	0	1500	2105	0	0
20	2049	1087	2819	5935	6639	0.0	0	1500	2105	0	0
20	1241	733	1580	3558	6241	0.0	0	1500	2105	0	0
20	383	364	277	1056	4146	247.0	0	1500	2105	0	0
20	380	361	275	1049	4148	245.0	0	1500	2105	0	0
20	383	364	277	1056	4146	247.0	0	1500	2105	0	0
20	380	361	275	1049	4148	245.0	0	1500	2105	0	0
21	383	364	277	1057	4146	247.0	0	1500	2236	0	1
21	380	361	275	1050	4148	245.0	0	1500	2236	0	1
21	411	377	322	1142	4375	225.0	0	1500	2236	0	1
21	2072	1129	2977	6163	6870	0.0	0	1500	2236	0	1
21	2073	1132	2981	6172	6875	0.0	0	1500	2236	0	1
21	2074	1131	2978	6169	6867	0.0	0	1500	2236	0	1
21	2070	1130	2980	6165	6881	0.0	0	1500	2236	0	1
21	2075	1131	2976	6167	6860	0.0	0	1500	2236	0	1
21	2072	1126	2964	6146	6847	0.0	0	1500	2236	0	1
21	2073	1132	2983	6173	6879	0.0	0	1500	2236	0	1
21	2073	1129	2976	6162	6867	0.0	0	1500	2236	0	1
21	2076	1130	2975	6167	6856	0.0	0	1500	2236	0	1
21	2063	1127	2968	6143	6878	0.0	0	1500	2236	0	1
21	2013	1103	2880	5983	6846	0.0	0	1500	2236	0	1
21	2011	1101	2879	5978	6850	0.0	0	1500	2236	0	1
21	2013	1103	2880	5983	6846	0.0	0	1500	2236	0	1
21	2018	1105	2891	6000	6854	0.0	0	1500	2236	0	1
21	2013	1103	2880	5982	6847	0.0	0	1500	2236	0	1
21	2011	1102	2879	5978	6851	0.0	0	1500	2236	0	1
21	2012	1103	2880	5982	6849	0.0	0	1500	2236	0	1
21	2011	1101	2879	5978	6850	0.0	0	1500	2236	0	1
21	2012	1102	2880	5981	6849	0.0	0	1500	2236	0	1
21	2011	1102	2879	5978	6851	0.0	0	1500	2236	0	1
21	2011	1102	2879	5978	6851	0.0	0	1500	2236	0	1
21	2073	1130	2977	6164	6868	0.0	0	1500	2236	0	1
21	2070	1130	2980	6166	6881	0.0	0	1500	2236	0	1
21	2073	1129	2974	6161	6862	0.0	0	1500	2236	0	1
21	2074	1129	2975	6162	6862	0.0	0	1500	2236	0	0
21	2070	1130	2980	6166	6881	0.0	0	1500	2236	0	0
21	1283	770	1711	3771	6471	0.0	0	1500	2236	0	0
21	381	362	276	1052	4151	245.0	0	1500	2236	0	0
21	381	363	276	1053	4151	247.0	0	1500	2236	0	0
21	381	362	276	1051	4151	245.0	0	1500	2236	0	0
21	381	363	276	1053	4151	247.0	0	1500	2236	0	0
22	381	362	275	1051	4141	246.0	0	1500	2368	0	1
22	382	363	276	1053	4143	246.0	0	1500	2368	0	1
22	380	362	275	1050	4148	246.0	0	1500	2368	0	1
22	2044	1148	3050	6235	7078	0.0	0	1500	2368	0	1
22	2096	1174	3143	6404	7107	0.0	0	1500	2368	0	1
22	2097	1175	3143	6405	7106	0.0	0	1500	2368	0	1
22	2100	1172	3136	6398	7085	0.0	0	1500	2368	0	1
22	2095	1174	3144	6404	7112	0.0	0	1500	2368	0	1
22	2101	1174	3139	6404	7087	0.0	0	1500	2368	0	1
22	2098	1173	3140	6402	7096	0.0	0	1500	2368	0	1
22	2091	1176	3145	6403	7125	0.0	0	1500	2368	0	1
22	2098	1173	3138	6399	7094	0.0	0	1500	2368	0	1
22	2100	1175	3141	6406	7094	0.0	0	1500	2368	0	1
22	2095	1174	3144	6404	7112	0.0	0	1500	2368	0	1
22	2099	1175	3142	6407	7097	0.0	0	1500	2368	0	1
22	2035	1144	3037	6208	7080	0.0	0	1500	2368	0	1
22	2037	1146	3039	6214	7078	0.0	0	1500	2368	0	1
22	2035	1144	3037	6206	7081	0.0	0	1500	2368	0	1
22	2037	1146	3038	6213	7076	0.0	0	1500	2368	0	1
22	2034	1143	3036	6205	7081	0.0	0	1500	2368	0	1
22	2037	1146	3038	6212	7076	0.0	0	1500	2368	0	1
22	2034	1143	3036	6205	7081	0.0	0	1500	2368	0	1
22	2037	1146	3038	6212	7076	0.0	0	1500	2368	0	1
22	2041	1146	3048	6227	7084	0.0	0	1500	2368	0	1
22	2036	1145	3038	6211	7079	0.0	0	1500	2368	0	1
22	2052	1154	3069	6267	7092	0.0	0	1500	2368	0	1
22	2095	1172	3141	6398	7107	0.0	0	1500	2368	0	1
22	2101	1174	3137	6402	7084	0.0	0	1500	2368	0	1
22	2095	1173	3142	6400	7109	0.0	0	1500	2368	0	0
22	1519	900	2171	4595	6836	0.0	0	1500	2368	0	0
22	380	361	275	1049	4148	245.0	0	1500	2368	0	0
22	383	364	277	1056	4146	247.0	0	1500	2368	0	0
22	380	361	275	1049	4148	245.0	0	1500	2368	0	0
22	383	364	277	1056	4146	247.0	0	1500	2368	0	0
23	380	361	275	1050	4148	245.0	0	1500	2500	0	1
23	383	364	277	1056	4146	247.0	0	1500	2500	0	1
23	381	362	275	1050	4141	246.0	0	1500	2500	0	1
23	2104	1215	3291	6608	7351	0.0	0	1500	2500	0	1
23	2103	1215	3295	6611	7361	0.0	0	1500	2500	0	1
23	2116	1219	3305	6637	7342	0.0	0	1500	2500	0	1
23	2113	1217	3304	6631	7349	0.0	0	1500	2500	0	1
23	2112	1220	3310	6639	7363	0.0	0	1500	2500	0	1
23	2113	1218	3305	6632	7352	0.0	0	1500	2500	0	1
23	2110	1219	3308	6635	7365	0.0	0	1500	2500	0	1
23	2113	1219	3306	6635	7353	0.0	0	1500	2500	0	1
23	2115	1217	3301	6629	7339	0.0	0	1500	2500	0	1
23	2104	1215	3294	6611	7356	0.0	0	1500	2500	0	1
23	2110	1218	3307	6633	7363	0.0	0	1500	2500	0	1
23	2050	1187	3196	6431	7331	0.0	0	1500	2500	0	1
23	2049	1187	3195	6429	7332	0.0	0	1500	2500	0	1
23	2051	1190	3208	6448	7350	0.0	0	1500	2500	0	1
23	2049	1187	3195	6429	7332	0.0	0	1500	2500	0	1
23	2049	1186	3195	6429	7331	0.0	0	1500	2500	0	1
23	2049	1187	3195	6430	7331	0.0	0	1500	2500	0	1
23	2057	1190	3208	6453	7333	0.0	0	1500	2500	0	1
23	2048	1186	3195	6427	7335	0.0	0	1500	2500	0	1
23	2048	1186	3194	6426	7334	0.0	0	1500	2500	0	1
23	2049	1186	3195	6428	7332	0.0	0	1500	2500	0	1
23	2048	1186	3194	6426	7334	0.0	0	1500	2500	0	1
23	2049	1186	3195	6428	7332	0.0	0	1500	2500	0	1
23	2109	1218	3307	6631	7366	0.0	0	1500	2500	0	1
23	2113	1217	3302	6630	7345	0.0	0	1500	2500	0	1
