Stim	R	G	B	C	Temp	HueLux	Yellow	Red	Blue	Blue2	Trig
1	179	98	104	371	3558	20.0	0	1500	0	0	1
1	1521	170	251	1788	1850	0.0	0	1500	0	0	1
1	2740	235	383	3072	1743	0.0	0	1500	0	0	1
1	2745	236	384	3078	1743	0.0	0	1500	0	0	1
1	2740	235	383	3072	1743	0.0	0	1500	0	0	1
1	2739	236	383	3072	1743	0.0	0	1500	0	0	1
1	2743	236	383	3075	1742	0.0	0	1500	0	0	1
1	2738	236	383	3071	1743	0.0	0	1500	0	0	1
1	2741	236	383	3074	1742	0.0	0	1500	0	0	1
1	2741	236	383	3074	1742	0.0	0	1500	0	0	1
1	2738	235	383	3070	1743	0.0	0	1500	0	0	1
1	2745	236	383	3078	1742	0.0	0	1500	0	0	1
1	2742	236	383	3075	1742	0.0	0	1500	0	0	1
1	2743	236	384	3076	1744	0.0	0	1500	0	0	1
1	2740	236	383	3072	1743	0.0	0	1500	0	0	1
1	2744	236	384	3077	1744	0.0	0	1500	0	0	1
1	2740	235	383	3072	1743	0.0	0	1500	0	0	1
1	2741	236	383	3074	1742	0.0	0	1500	0	0	1
1	2745	236	383	3077	1742	0.0	0	1500	0	0	1
1	2740	236	383	3073	1743	0.0	0	1500	0	0	1
1	2742	235	383	3075	1744	0.0	0	1500	0	0	1
1	2743	236	384	3076	1744	0.0	0	1500	0	0	1
1	2739	235	383	3071	1743	0.0	0	1500	0	0	1
1	2745	236	384	3078	1743	0.0	0	1500	0	0	1
1	2739	235	383	3071	1743	0.0	0	1500	0	0	1
1	2741	236	383	3074	1742	0.0	0	1500	0	0	1
1	2743	235	383	3075	1742	0.0	0	1500	0	0	1
1	2736	236	383	3069	1743	0.0	0	1500	0	0	0
1	2739	235	383	3071	1743	0.0	0	1500	0	0	0
1	799	131	172	1026	2061	0.0	0	1500	0	0	0
1	180	98	104	373	3555	20.0	0	1500	0	0	0
1	179	97	104	370	3558	18.0	0	1500	0	0	0
1	180	98	104	373	3555	20.0	0	1500	0	0	0
1	179	98	104	370	3558	20.0	0	1500	0	0	0
2	180	98	104	373	3555	20.0	0	1500	0	0	1
2	1615	175	260	1886	1833	0.0	0	1500	0	0	1
2	2737	236	383	3070	1743	0.0	0	1500	0	0	1
2	2740	235	383	3072	1743	0.0	0	1500	0	0	1
2	2741	236	383	3074	1742	0.0	0	1500	0	0	1
2	2739	235	383	3071	1743	0.0	0	1500	0	0	1
2	2744	236	384	3077	1744	0.0	0	1500	0	0	1
2	2738	235	383	3070	1743	0.0	0	1500	0	0	1
2	2742	236	383	3075	1742	0.0	0	1500	0	0	1
2	2741	236	383	3074	1742	0.0	0	1500	0	0	1
2	2739	235	383	3071	1743	0.0	0	1500	0	0	1
2	2743	236	383	3076	1742	0.0	0	1500	0	0	1
2	2738	235	383	3070	1743	0.0	0	1500	0	0	1
2	2741	236	383	3074	1742	0.0	0	1500	0	0	1
2	2738	235	383	3070	1743	0.0	0	1500	0	0	1
2	2741	235	383	3073	1742	0.0	0	1500	0	0	1
2	2740	236	383	3072	1743	0.0	0	1500	0	0	1
2	2739	235	383	3071	1743	0.0	0	1500	0	0	1
2	2743	236	384	3076	1744	0.0	0	1500	0	0	1
2	2737	235	383	3069	1743	0.0	0	1500	0	0	1
2	2743	236	384	3076	1744	0.0	0	1500	0	0	1
2	2739	235	383	3071	1743	0.0	0	1500	0	0	1
2	2739	236	383	3072	1743	0.0	0	1500	0	0	1
2	2742	235	383	3074	1742	0.0	0	1500	0	0	1
2	2738	236	383	3071	1743	0.0	0	1500	0	0	1
2	2741	235	383	3073	1742	0.0	0	1500	0	0	1
2	2741	236	384	3074	1744	0.0	0	1500	0	0	1
2	2737	235	383	3069	1743	0.0	0	1500	0	0	0
2	2743	236	384	3077	1744	0.0	0	1500	0	0	0
2	796	131	171	1022	2059	0.0	0	1500	0	0	0
2	181	98	104	374	3543	19.0	0	1500	0	0	0
2	179	98	104	371	3558	20.0	0	1500	0	0	0
2	179	98	104	371	3558	20.0	0	1500	0	0	0
2	181	98	104	374	3543	19.0	0	1500	0	0	0
3	180	98	104	372	3546	20.0	0	1500	0	0	1
3	1617	175	261	1888	1835	0.0	0	1500	0	0	1
3	2738	235	383	3070	1743	0.0	0	1500	0	0	1
3	2744	236	384	3077	1744	0.0	0	1500	0	0	1
3	2738	235	383	3071	1744	0.0	0	1500	0	0	1
3	2741	236	383	3074	1742	0.0	0	1500	0	0	1
3	2742	236	383	3074	1742	0.0	0	1500	0	0	1
3	2737	236	383	3070	1743	0.0	0	1500	0	0	1
3	2742	236	383	3075	1742	0.0	0	1500	0	0	1
3	2738	236	383	3071	1743	0.0	0	1500	0	0	1
3	2740	236	383	3072	1743	0.0	0	1500	0	0	1
3	2741	236	383	3074	1742	0.0	0	1500	0	0	1
3	2737	236	383	3069	1743	0.0	0	1500	0	0	1
3	2742	236	383	3075	1742	0.0	0	1500	0	0	1
3	2737	236	383	3070	1743	0.0	0	1500	0	0	1
3	2740	235	383	3072	1743	0.0	0	1500	0	0	1
3	2736	235	383	3074	1747	0.0	0	1500	0	0	1
3	2743	236	384	3076	1744	0.0	0	1500	0	0	1
3	2737	235	383	3069	1743	0.0	0	1500	0	0	1
3	2739	236	383	3072	1743	0.0	0	1500	0	0	1
3	2740	235	383	3073	1744	0.0	0	1500	0	0	1
3	2737	236	383	3070	1743	0.0	0	1500	0	0	1
3	2741	235	383	3073	1742	0.0	0	1500	0	0	1
3	2738	236	383	3072	1744	0.0	0	1500	0	0	1
3	2737	235	383	3068	1743	0.0	0	1500	0	0	1
3	2742	236	384	3075	1744	0.0	0	1500	0	0	1
3	2735	235	382	3067	1743	0.0	0	1500	0	0	1
3	2741	236	384	3074	1744	0.0	0	1500	0	0	0
3	2737	235	382	3068	1742	0.0	0	1500	0	0	0
3	702	126	161	923	2119	0.0	0	1500	0	0	0
3	179	97	104	371	3568	18.0	0	1500	0	0	0
3	180	98	104	374	3555	20.0	0	1500	0	0	0
3	179	98	104	371	3558	20.0	0	1500	0	0	0
3	180	98	104	374	3555	20.0	0	1500	0	0	0
4	179	98	104	371	3558	20.0	0	1500	0	0	1
4	201	99	106	395	3354	13.0	0	1500	0	0	1
4	1484	168	246	1748	1853	0.0	0	1500	0	0	1
4	1484	168	246	1748	1853	0.0	0	1500	0	0	1
4	1481	168	246	1745	1854	0.0	0	1500	0	0	1
4	1486	168	246	1750	1852	0.0	0	1500	0	0	1
4	1482	168	246	1746	1854	0.0	0	1500	0	0	1
4	1482	168	246	1746	1854	0.0	0	1500	0	0	1
4	1486	168	247	1750	1855	0.0	0	1500	0	0	1
4	1475	167	245	1738	1856	0.0	0	1500	0	0	1
4	1485	168	246	1749	1853	0.0	0	1500	0	0	1
4	1484	168	246	1747	1853	0.0	0	1500	0	0	1
4	1481	168	246	1744	1854	0.0	0	1500	0	0	1
4	1441	166	242	1703	1861	0.0	0	1500	0	0	1
4	1435	165	241	1697	1863	0.0	0	1500	0	0	1
4	1436	166	241	1697	1860	0.0	0	1500	0	0	1
4	1435	165	241	1696	1863	0.0	0	1500	0	0	1
4	1436	166	241	1698	1863	0.0	0	1500	0	0	1
4	1436	165	241	1697	1863	0.0	0	1500	0	0	1
4	1434	165	241	1695	1863	0.0	0	1500	0	0	1
4	1435	166	241	1697	1863	0.0	0	1500	0	0	1
4	1435	165	241	1696	1863	0.0	0	1500	0	0	1
4	1435	166	241	1697	1863	0.0	0	1500	0	0	1
4	1436	165	241	1696	1860	0.0	0	1500	0	0	1
4	1481	168	246	1745	1854	0.0	0	1500	0	0	1
4	1485	168	246	1749	1853	0.0	0	1500	0	0	1
4	1483	168	246	1748	1856	0.0	0	1500	0	0	1
4	1481	168	246	1744	1854	0.0	0	1500	0	0	0
4	1487	169	247	1752	1855	0.0	0	1500	0	0	0
4	854	134	177	1083	2028	0.0	0	1500	0	0	0
4	181	98	104	374	3543	19.0	0	1500	0	0	0
4	180	98	104	372	3546	20.0	0	1500	0	0	0
4	181	98	104	374	3543	19.0	0	1500	0	0	0
4	180	98	104	371	3546	20.0	0	1500	0	0	0
5	181	98	104	374	3543	19.0	0	1500	131	0	1
5	180	98	104	372	3546	20.0	0	1500	131	0	1
5	301	105	118	501	2796	0.0	0	1500	131	0	1
5	1482	169	248	1749	1859	0.0	0	1500	131	0	1
5	1485	168	248	1751	1858	0.0	0	1500	131	0	1
5	1485	169	249	1752	1861	0.0	0	1500	131	0	1
5	1481	168	248	1747	1859	0.0	0	1500	131	0	1
5	1487	169	249	1754	1860	0.0	0	1500	131	0	1
5	1483	168	248	1749	1859	0.0	0	1500	131	0	1
5	1482	169	248	1749	1859	0.0	0	1500	131	0	1
5	1486	168	248	1753	1860	0.0	0	1500	131	0	1
5	1482	168	248	1749	1861	0.0	0	1500	131	0	1
5	1442	166	244	1706	1866	0.0	0	1500	131	0	1
5	1437	166	243	1701	1868	0.0	0	1500	131	0	1
5	1436	166	243	1700	1868	0.0	0	1500	131	0	1
5	1436	166	243	1700	1868	0.0	0	1500	131	0	1
5	1437	166	243	1701	1868	0.0	0	1500	131	0	1
5	1436	166	243	1700	1868	0.0	0	1500	131	0	1
5	1436	166	243	1701	1868	0.0	0	1500	131	0	1
5	1442	166	244	1706	1866	0.0	0	1500	131	0	1
5	1437	166	243	1701	1868	0.0	0	1500	131	0	1
5	1437	166	243	1701	1868	0.0	0	1500	131	0	1
5	1436	166	243	1700	1868	0.0	0	1500	131	0	1
5	1486	169	249	1752	1858	0.0	0	1500	131	0	1
5	1481	168	248	1747	1859	0.0	0	1500	131	0	1
5	1486	169	249	1753	1860	0.0	0	1500	131	0	1
5	1478	168	247	1743	1858	0.0	0	1500	131	0	1
5	1481	169	248	1748	1859	0.0	0	1500	131	0	0
5	1486	168	248	1752	1858	0.0	0	1500	131	0	0
5	766	130	168	991	2079	0.0	0	1500	131	0	0
5	180	98	104	372	3546	20.0	0	1500	131	0	0
5	181	98	104	374	3543	19.0	0	1500	131	0	0
5	180	98	104	372	3546	20.0	0	1500	131	0	0
5	181	98	104	374	3543	19.0	0	1500	131	0	0
6	180	98	104	372	3546	20.0	0	1500	263	0	1
6	181	98	104	374	3543	19.0	0	1500	263	0	1
6	291	104	116	489	2819	0.0	0	1500	263	0	1
6	1485	171	261	1767	1893	0.0	0	1500	263	0	1
6	1483	170	260	1763	1891	0.0	0	1500	263	0	1
6	1482	170	260	1765	1896	0.0	0	1500	263	0	1
6	1485	171	261	1767	1893	0.0	0	1500	263	0	1
6	1486	170	261	1767	1893	0.0	0	1500	263	0	1
6	1482	171	261	1764	1894	0.0	0	1500	263	0	1
6	1486	170	261	1767	1893	0.0	0	1500	263	0	1
6	1485	171	261	1767	1893	0.0	0	1500	263	0	1
6	1482	170	260	1763	1894	0.0	0	1500	263	0	1
6	1449	169	257	1729	1900	0.0	0	1500	263	0	1
6	1437	168	256	1716	1904	0.0	0	1500	263	0	1
6	1438	168	256	1717	1904	0.0	0	1500	263	0	1
6	1436	168	256	1715	1904	0.0	0	1500	263	0	1
6	1437	168	256	1717	1904	0.0	0	1500	263	0	1
6	1437	168	256	1716	1904	0.0	0	1500	263	0	1
6	1437	168	256	1717	1904	0.0	0	1500	263	0	1
6	1437	168	256	1716	1904	0.0	0	1500	263	0	1
6	1437	168	256	1717	1904	0.0	0	1500	263	0	1
6	1443	168	257	1722	1902	0.0	0	1500	263	0	1
6	1436	168	256	1715	1904	0.0	0	1500	263	0	1
6	1437	168	256	1717	1904	0.0	0	1500	263	0	1
6	1477	170	260	1758	1896	0.0	0	1500	263	0	1
6	1486	171	261	1768	1893	0.0	0	1500	263	0	1
6	1481	171	260	1762	1892	0.0	0	1500	263	0	1
6	1483	170	260	1764	1893	0.0	0	1500	263	0	0
6	1480	171	260	1761	1892	0.0	0	1500	263	0	0
6	774	130	169	998	2073	0.0	0	1500	263	0	0
6	181	98	104	374	3543	19.0	0	1500	263	0	0
6	180	98	104	372	3546	20.0	0	1500	263	0	0
6	181	98	104	374	3543	19.0	0	1500	263	0	0
6	180	98	104	372	3546	20.0	0	1500	263	0	0
7	181	98	104	374	3543	19.0	0	1500	394	0	1
7	180	98	104	372	3546	20.0	0	1500	394	0	1
7	181	98	104	374	3543	19.0	0	1500	394	0	1
7	1483	173	274	1781	1931	0.0	0	1500	394	0	1
7	1486	173	275	1785	1933	0.0	0	1500	394	0	1
7	1486	173	274	1783	1928	0.0	0	1500	394	0	1
7	1483	173	275	1781	1932	0.0	0	1500	394	0	1
7	1487	173	274	1785	1930	0.0	0	1500	394	0	1
7	1482	173	274	1779	1929	0.0	0	1500	394	0	1
7	1488	174	275	1787	1930	0.0	0	1500	394	0	1
7	1482	173	274	1779	1929	0.0	0	1500	394	0	1
7	1478	173	274	1777	1933	0.0	0	1500	394	0	1
7	1486	173	274	1784	1930	0.0	0	1500	394	0	1
7	1482	173	275	1781	1934	0.0	0	1500	394	0	1
7	1436	170	270	1733	1946	0.0	0	1500	394	0	1
7	1443	171	271	1741	1944	0.0	0	1500	394	0	1
7	1437	170	270	1732	1943	0.0	0	1500	394	0	1
7	1437	171	271	1735	1946	0.0	0	1500	394	0	1
7	1436	170	270	1733	1946	0.0	0	1500	394	0	1
7	1443	171	271	1741	1944	0.0	0	1500	394	0	1
7	1436	170	270	1733	1946	0.0	0	1500	394	0	1
7	1437	171	271	1735	1946	0.0	0	1500	394	0	1
7	1437	170	270	1733	1943	0.0	0	1500	394	0	1
7	1437	171	271	1734	1946	0.0	0	1500	394	0	1
7	1437	170	270	1733	1943	0.0	0	1500	394	0	1
7	1452	171	272	1749	1940	0.0	0	1500	394	0	1
7	1482	173	274	1780	1932	0.0	0	1500	394	0	1
7	1487	173	275	1785	1930	0.0	0	1500	394	0	1
7	1482	173	274	1780	1932	0.0	0	1500	394	0	0
7	931	138	186	1164	1997	0.0	0	1500	394	0	0
7	180	98	104	373	3555	20.0	0	1500	394	0	0
7	180	98	104	373	3555	20.0	0	1500	394	0	0
7	180	98	104	373	3555	20.0	0	1500	394	0	0
7	180	98	104	373	3555	20.0	0	1500	394	0	0
8	180	98	104	372	3546	20.0	0	1500	526	0	1
8	180	98	104	373	3555	20.0	0	1500	526	0	1
8	224	100	109	419	3181	5.0	0	1500	526	0	1
8	1486	176	290	1803	1973	0.0	0	1500	526	0	1
8	1488	175	290	1804	1973	0.0	0	1500	526	0	1
8	1477	175	289	1794	1977	0.0	0	1500	526	0	1
8	1485	175	289	1800	1971	0.0	0	1500	526	0	1
8	1488	176	290	1804	1970	0.0	0	1500	526	0	1
8	1482	175	289	1798	1972	0.0	0	1500	526	0	1
8	1482	176	289	1798	1972	0.0	0	1500	526	0	1
8	1483	176	290	1800	1975	0.0	0	1500	526	0	1
8	1487	175	289	1803	1970	0.0	0	1500	526	0	1
8	1485	176	290	1802	1974	0.0	0	1500	526	0	1
8	1437	173	286	1752	1988	0.0	0	1500	526	0	1
8	1438	174	286	1754	1987	0.0	0	1500	526	0	1
8	1437	173	286	1752	1988	0.0	0	1500	526	0	1
8	1438	174	286	1754	1987	0.0	0	1500	526	0	1
8	1437	173	286	1752	1988	0.0	0	1500	526	0	1
8	1438	174	286	1755	1990	0.0	0	1500	526	0	1
8	1437	173	286	1752	1988	0.0	0	1500	526	0	1
8	1438	174	286	1754	1987	0.0	0	1500	526	0	1
8	1443	173	286	1757	1985	0.0	0	1500	526	0	1
8	1438	174	286	1754	1987	0.0	0	1500	526	0	1
8	1437	173	286	1752	1988	0.0	0	1500	526	0	1
8	1438	174	286	1754	1987	0.0	0	1500	526	0	1
8	1485	175	289	1801	1971	0.0	0	1500	526	0	1
8	1487	176	290	1804	1973	0.0	0	1500	526	0	1
8	1482	175	289	1797	1972	0.0	0	1500	526	0	1
8	1480	175	289	1804	1982	0.0	0	1500	526	0	0
8	842	134	180	1075	2056	0.0	0	1500	526	0	0
8	180	98	104	372	3546	20.0	0	1500	526	0	0
8	180	98	104	373	3555	20.0	0	1500	526	0	0
8	180	98	104	372	3546	20.0	0	1500	526	0	0
8	181	98	104	373	3534	19.0	0	1500	526	0	0
8	180	98	104	372	3546	20.0	0	1500	526	0	0
9	180	98	104	373	3555	20.0	0	1500	657	0	1
9	218	100	108	412	3214	8.0	0	1500	657	0	1
9	1488	178	305	1823	2013	0.0	0	1500	657	0	1
9	1485	178	305	1820	2014	0.0	0	1500	657	0	1
9	1489	178	305	1824	2012	0.0	0	1500	657	0	1
9	1488	178	305	1823	2013	0.0	0	1500	657	0	1
9	1479	178	304	1813	2014	0.0	0	1500	657	0	1
9	1488	178	305	1823	2013	0.0	0	1500	657	0	1
9	1488	178	305	1822	2013	0.0	0	1500	657	0	1
9	1485	178	305	1820	2014	0.0	0	1500	657	0	1
9	1488	178	305	1822	2013	0.0	0	1500	657	0	1
9	1487	178	305	1822	2013	0.0	0	1500	657	0	1
9	1439	176	302	1774	2034	0.0	0	1500	657	0	1
9	1444	176	303	1779	2032	0.0	0	1500	657	0	1
9	1439	176	302	1774	2034	0.0	0	1500	657	0	1
9	1440	176	302	1774	2031	0.0	0	1500	657	0	1
9	1441	176	303	1777	2036	0.0	0	1500	657	0	1
9	1440	176	302	1774	2031	0.0	0	1500	657	0	1
9	1440	176	302	1776	2033	0.0	0	1500	657	0	1
9	1440	176	302	1774	2031	0.0	0	1500	657	0	1
9	1441	176	302	1776	2033	0.0	0	1500	657	0	1
9	1439	176	302	1773	2032	0.0	0	1500	657	0	1
9	1445	177	303	1781	2032	0.0	0	1500	657	0	1
9	1440	176	302	1774	2031	0.0	0	1500	657	0	1
9	1490	179	306	1825	2012	0.0	0	1500	657	0	1
9	1484	178	304	1818	2012	0.0	0	1500	657	0	1
9	1490	179	306	1825	2012	0.0	0	1500	657	0	1
9	1487	178	305	1821	2013	0.0	0	1500	657	0	0
9	1484	178	305	1819	2015	0.0	0	1500	657	0	0
9	852	134	177	1080	2029	0.0	0	1500	657	0	0
9	179	98	104	372	3568	20.0	0	1500	657	0	0
9	181	98	104	374	3543	19.0	0	1500	657	0	0
9	180	98	104	372	3546	20.0	0	1500	657	0	0
9	181	98	104	374	3543	19.0	0	1500	657	0	0
10	180	98	104	372	3546	20.0	0	1500	789	0	1
10	181	98	104	374	3543	19.0	0	1500	789	0	1
10	1440	178	314	1789	2067	0.0	0	1500	789	0	1
10	1491	181	321	1845	2055	0.0	0	1500	789	0	1
10	1480	180	320	1832	2057	0.0	0	1500	789	0	1
10	1490	181	321	1844	2055	0.0	0	1500	789	0	1
10	1488	181	320	1841	2053	0.0	0	1500	789	0	1
10	1485	181	320	1839	2057	0.0	0	1500	789	0	1
10	1490	181	321	1843	2055	0.0	0	1500	789	0	1
10	1488	181	321	1841	2056	0.0	0	1500	789	0	1
10	1485	181	320	1838	2055	0.0	0	1500	789	0	1
10	1491	181	321	1845	2055	0.0	0	1500	789	0	1
10	1486	181	320	1839	2054	0.0	0	1500	789	0	1
10	1481	181	320	1834	2057	0.0	0	1500	789	0	1
10	1441	179	318	1795	2077	0.0	0	1500	789	0	1
10	1440	179	318	1794	2078	0.0	0	1500	789	0	1
10	1440	179	318	1794	2078	0.0	0	1500	789	0	1
10	1441	179	318	1795	2077	0.0	0	1500	789	0	1
10	1441	179	318	1795	2077	0.0	0	1500	789	0	1
10	1441	179	318	1795	2077	0.0	0	1500	789	0	1
10	1446	179	318	1800	2075	0.0	0	1500	789	0	1
10	1441	179	318	1795	2077	0.0	0	1500	789	0	1
10	1441	179	318	1794	2075	0.0	0	1500	789	0	1
10	1441	179	318	1795	2077	0.0	0	1500	789	0	1
10	1440	179	318	1793	2076	0.0	0	1500	789	0	1
10	1479	181	320	1832	2058	0.0	0	1500	789	0	1
10	1485	181	320	1838	2055	0.0	0	1500	789	0	1
10	1490	181	321	1844	2055	0.0	0	1500	789	0	0
10	1484	180	320	1837	2057	0.0	0	1500	789	0	0
10	1015	143	195	1253	1963	0.0	0	1500	789	0	0
10	180	98	104	371	3546	20.0	0	1500	789	0	0
10	181	98	104	374	3543	19.0	0	1500	789	0	0
10	181	98	104	374	3543	19.0	0	1500	789	0	0
10	180	98	104	371	3546	20.0	0	1500	789	0	0
11	181	98	104	374	3543	19.0	0	1500	921	0	1
11	179	98	104	371	3558	20.0	0	1500	921	0	1
11	1487	184	336	1859	2097	0.0	0	1500	921	0	1
11	1491	183	336	1863	2097	0.0	0	1500	921	0	1
11	1488	184	336	1861	2099	0.0	0	1500	921	0	1
11	1487	183	335	1858	2096	0.0	0	1500	921	0	1
11	1493	184	337	1866	2097	0.0	0	1500	921	0	1
11	1486	183	335	1857	2097	0.0	0	1500	921	0	1
11	1490	184	336	1862	2095	0.0	0	1500	921	0	1
11	1491	183	336	1862	2095	0.0	0	1500	921	0	1
11	1482	183	336	1854	2102	0.0	0	1500	921	0	1
11	1490	183	336	1861	2095	0.0	0	1500	921	0	1
11	1490	184	336	1862	2095	0.0	0	1500	921	0	1
11	1486	183	335	1857	2097	0.0	0	1500	921	0	1
11	1448	182	334	1821	2118	0.0	0	1500	921	0	1
11	1442	181	334	1815	2121	0.0	0	1500	921	0	1
11	1441	181	334	1814	2122	0.0	0	1500	921	0	1
11	1443	182	335	1817	2124	0.0	0	1500	921	0	1
11	1442	181	334	1815	2121	0.0	0	1500	921	0	1
11	1443	182	335	1817	2124	0.0	0	1500	921	0	1
11	1442	181	334	1815	2121	0.0	0	1500	921	0	1
11	1442	182	334	1815	2121	0.0	0	1500	921	0	1
11	1442	182	334	1815	2121	0.0	0	1500	921	0	1
11	1442	182	334	1816	2121	0.0	0	1500	921	0	1
11	1469	183	335	1841	2106	0.0	0	1500	921	0	1
11	1487	184	336	1858	2097	0.0	0	1500	921	0	1
11	1492	184	336	1864	2094	0.0	0	1500	921	0	1
11	1487	184	336	1859	2097	0.0	0	1500	921	0	0
11	1489	184	336	1861	2096	0.0	0	1500	921	0	0
11	919	139	192	1161	2035	0.0	0	1500	921	0	0
11	180	98	104	373	3555	20.0	0	1500	921	0	0
11	180	98	104	372	3546	20.0	0	1500	921	0	0
11	180	98	104	373	3555	20.0	0	1500	921	0	0
11	180	98	104	372	3546	20.0	0	1500	921	0	0
12	180	98	104	373	3555	20.0	0	1500	1052	0	1
12	181	98	104	374	3543	19.0	0	1500	1052	0	1
12	1491	186	351	1881	2137	0.0	0	1500	1052	0	1
12	1488	186	351	1879	2139	0.0	0	1500	1052	0	1
12	1493	186	351	1883	2136	0.0	0	1500	1052	0	1
12	1489	186	351	1880	2139	0.0	0	1500	1052	0	1
12	1490	186	351	1879	2136	0.0	0	1500	1052	0	1
12	1493	187	352	1884	2137	0.0	0	1500	1052	0	1
12	1482	186	350	1871	2140	0.0	0	1500	1052	0	1
12	1493	187	352	1884	2137	0.0	0	1500	1052	0	1
12	1490	186	351	1879	2136	0.0	0	1500	1052	0	1
12	1489	186	351	1880	2139	0.0	0	1500	1052	0	1
12	1488	186	351	1877	2137	0.0	0	1500	1052	0	1
12	1489	186	351	1880	2139	0.0	0	1500	1052	0	1
12	1443	184	350	1834	2165	0.0	0	1500	1052	0	1
12	1444	185	351	1837	2167	0.0	0	1500	1052	0	1
12	1448	184	350	1840	2162	0.0	0	1500	1052	0	1
12	1444	185	350	1837	2165	0.0	0	1500	1052	0	1
12	1442	184	350	1834	2166	0.0	0	1500	1052	0	1
12	1443	184	350	1834	2165	0.0	0	1500	1052	0	1
12	1444	185	351	1837	2167	0.0	0	1500	1052	0	1
12	1442	184	349	1833	2163	0.0	0	1500	1052	0	1
12	1443	185	350	1836	2165	0.0	0	1500	1052	0	1
12	1442	184	350	1834	2166	0.0	0	1500	1052	0	1
12	1469	186	351	1860	2149	0.0	0	1500	1052	0	1
12	1490	186	351	1880	2138	0.0	0	1500	1052	0	1
12	1487	186	351	1878	2140	0.0	0	1500	1052	0	1
12	1492	186	351	1882	2137	0.0	0	1500	1052	0	0
12	1489	186	351	1879	2139	0.0	0	1500	1052	0	0
12	925	138	185	1158	1997	0.0	0	1500	1052	0	0
12	180	98	104	373	3555	20.0	0	1500	1052	0	0
12	179	98	104	372	3568	20.0	0	1500	1052	0	0
12	180	98	104	373	3555	20.0	0	1500	1052	0	0
12	180	98	104	372	3546	20.0	0	1500	1052	0	0
13	180	98	104	372	3546	20.0	0	1500	1184	0	1
13	180	98	104	372	3546	20.0	0	1500	1184	0	1
13	180	98	104	372	3546	20.0	0	1500	1184	0	1
13	1461	188	366	1871	2197	0.0	0	1500	1184	0	1
13	1490	189	367	1899	2181	0.0	0	1500	1184	0	1
13	1490	189	366	1898	2178	0.0	0	1500	1184	0	1
13	1489	189	367	1898	2182	0.0	0	1500	1184	0	1
13	1488	189	366	1896	2179	0.0	0	1500	1184	0	1
13	1492	189	367	1901	2180	0.0	0	1500	1184	0	1
13	1493	189	367	1901	2177	0.0	0	1500	1184	0	1
13	1488	189	366	1897	2179	0.0	0	1500	1184	0	1
13	1492	189	367	1900	2178	0.0	0	1500	1184	0	1
13	1492	189	367	1901	2180	0.0	0	1500	1184	0	1
13	1488	188	366	1896	2179	0.0	0	1500	1184	0	1
13	1494	189	367	1903	2179	0.0	0	1500	1184	0	1
13	1445	187	366	1857	2211	0.0	0	1500	1184	0	1
13	1444	187	366	1855	2209	0.0	0	1500	1184	0	1
13	1444	187	366	1854	2209	0.0	0	1500	1184	0	1
13	1443	187	366	1856	2212	0.0	0	1500	1184	0	1
13	1442	187	365	1853	2210	0.0	0	1500	1184	0	1
13	1445	187	366	1857	2211	0.0	0	1500	1184	0	1
13	1443	187	366	1855	2212	0.0	0	1500	1184	0	1
13	1449	187	366	1860	2206	0.0	0	1500	1184	0	1
13	1445	187	366	1857	2211	0.0	0	1500	1184	0	1
13	1443	187	365	1853	2207	0.0	0	1500	1184	0	1
13	1445	187	367	1857	2211	0.0	0	1500	1184	0	1
13	1483	188	366	1891	2182	0.0	0	1500	1184	0	1
13	1495	189	367	1905	2178	0.0	0	1500	1184	0	0
13	1489	188	366	1897	2179	0.0	0	1500	1184	0	0
13	1082	147	203	1325	1946	0.0	0	1500	1184	0	0
13	179	98	104	371	3558	20.0	0	1500	1184	0	0
13	180	98	104	373	3555	20.0	0	1500	1184	0	0
13	179	97	104	371	3568	18.0	0	1500	1184	0	0
13	180	98	104	373	3555	20.0	0	1500	1184	0	0
14	179	98	104	371	3558	20.0	0	1500	1315	0	1
14	180	98	104	373	3555	20.0	0	1500	1315	0	1
14	179	98	104	371	3558	20.0	0	1500	1315	0	1
14	1446	189	377	1871	2241	0.0	0	1500	1315	0	1
14	1495	191	382	1922	2218	0.0	0	1500	1315	0	1
14	1490	191	382	1917	2221	0.0	0	1500	1315	0	1
14	1496	192	383	1924	2221	0.0	0	1500	1315	0	1
14	1490	191	382	1917	2221	0.0	0	1500	1315	0	1
14	1492	192	382	1919	2220	0.0	0	1500	1315	0	1
14	1495	192	382	1922	2218	0.0	0	1500	1315	0	1
14	1490	192	382	1917	2221	0.0	0	1500	1315	0	1
14	1492	191	382	1919	2220	0.0	0	1500	1315	0	1
14	1489	192	382	1917	2222	0.0	0	1500	1315	0	1
14	1489	191	382	1916	2222	0.0	0	1500	1315	0	1
14	1462	191	382	1892	2242	0.0	0	1500	1315	0	1
14	1445	190	382	1876	2255	0.0	0	1500	1315	0	1
14	1451	190	382	1881	2249	0.0	0	1500	1315	0	1
14	1445	190	382	1875	2253	0.0	0	1500	1315	0	1
14	1445	190	382	1876	2255	0.0	0	1500	1315	0	1
14	1445	190	382	1876	2255	0.0	0	1500	1315	0	1
14	1450	190	382	1881	2252	0.0	0	1500	1315	0	1
14	1445	190	382	1877	2255	0.0	0	1500	1315	0	1
14	1445	190	382	1875	2253	0.0	0	1500	1315	0	1
14	1445	190	382	1876	2255	0.0	0	1500	1315	0	1
14	1445	190	382	1876	2255	0.0	0	1500	1315	0	1
14	1494	191	382	1921	2219	0.0	0	1500	1315	0	1
14	1490	192	382	1917	2221	0.0	0	1500	1315	0	1
14	1493	191	382	1919	2220	0.0	0	1500	1315	0	1
14	1493	192	382	1921	2220	0.0	0	1500	1315	0	0
14	992	143	203	1242	2016	0.0	0	1500	1315	0	0
14	180	98	104	373	3555	20.0	0	1500	1315	0	0
14	179	98	104	371	3558	20.0	0	1500	1315	0	0
14	180	98	104	373	3555	20.0	0	1500	1315	0	0
14	179	97	104	371	3568	18.0	0	1500	1315	0	0
15	180	98	104	373	3555	20.0	0	1500	1447	0	1
15	179	97	104	371	3568	18.0	0	1500	1447	0	1
15	180	98	104	373	3555	20.0	0	1500	1447	0	1
15	1445	191	391	1887	2280	0.0	0	1500	1447	0	1
15	1496	195	398	1942	2261	0.0	0	1500	1447	0	1
15	1493	194	397	1938	2260	0.0	0	1500	1447	0	1
15	1492	194	398	1938	2263	0.0	0	1500	1447	0	1
15	1496	194	398	1941	2261	0.0	0	1500	1447	0	1
15	1492	194	397	1937	2260	0.0	0	1500	1447	0	1
15	1496	195	398	1943	2261	0.0	0	1500	1447	0	1
15	1490	194	398	1936	2264	0.0	0	1500	1447	0	1
15	1494	195	398	1941	2262	0.0	0	1500	1447	0	1
15	1494	194	397	1940	2261	0.0	0	1500	1447	0	1
15	1491	194	398	1937	2264	0.0	0	1500	1447	0	1
15	1468	193	398	1916	2282	0.0	0	1500	1447	0	1
15	1447	193	398	1897	2298	0.0	0	1500	1447	0	1
15	1445	192	398	1895	2299	0.0	0	1500	1447	0	1
15	1447	193	398	1897	2298	0.0	0	1500	1447	0	1
15	1451	193	398	1900	2293	0.0	0	1500	1447	0	1
15	1446	193	398	1897	2299	0.0	0	1500	1447	0	1
15	1446	192	398	1895	2299	0.0	0	1500	1447	0	1
15	1446	193	399	1897	2301	0.0	0	1500	1447	0	1
15	1446	192	398	1896	2299	0.0	0	1500	1447	0	1
15	1446	193	398	1896	2299	0.0	0	1500	1447	0	1
15	1446	192	398	1896	2299	0.0	0	1500	1447	0	1
15	1446	193	398	1896	2299	0.0	0	1500	1447	0	1
15	1492	194	397	1937	2260	0.0	0	1500	1447	0	1
15	1490	194	397	1935	2262	0.0	0	1500	1447	0	1
15	1495	194	398	1941	2261	0.0	0	1500	1447	0	0
15	1000	142	193	1237	1967	0.0	0	1500	1447	0	0
15	180	98	104	372	3546	20.0	0	1500	1447	0	0
15	180	98	104	372	3546	20.0	0	1500	1447	0	0
15	180	98	104	372	3546	20.0	0	1500	1447	0	0
15	180	98	104	372	3546	20.0	0	1500	1447	0	0
15	180	98	104	372	3546	20.0	0	1500	1447	0	0
16	180	98	104	372	3546	20.0	0	1500	1578	0	1
16	180	98	104	372	3546	20.0	0	1500	1578	0	1
16	1445	190	385	1880	2263	0.0	0	1500	1578	0	1
16	1447	195	414	1915	2342	0.0	0	1500	1578	0	1
16	1491	197	413	1956	2306	0.0	0	1500	1578	0	1
16	1491	196	412	1955	2303	0.0	0	1500	1578	0	1
16	1496	197	413	1960	2301	0.0	0	1500	1578	0	1
16	1494	197	413	1958	2302	0.0	0	1500	1578	0	1
16	1486	197	413	1951	2309	0.0	0	1500	1578	0	1
16	1495	197	413	1960	2304	0.0	0	1500	1578	0	1
16	1490	196	412	1954	2304	0.0	0	1500	1578	0	1
16	1487	197	412	1952	2306	0.0	0	1500	1578	0	1
16	1496	197	413	1960	2301	0.0	0	1500	1578	0	1
16	1492	197	413	1957	2305	0.0	0	1500	1578	0	1
16	1490	196	412	1954	2304	0.0	0	1500	1578	0	1
16	1453	196	414	1922	2338	0.0	0	1500	1578	0	1
16	1446	195	414	1915	2343	0.0	0	1500	1578	0	1
16	1447	196	414	1917	2342	0.0	0	1500	1578	0	1
16	1446	195	413	1914	2340	0.0	0	1500	1578	0	1
16	1447	196	414	1916	2342	0.0	0	1500	1578	0	1
16	1446	195	414	1915	2343	0.0	0	1500	1578	0	1
16	1447	196	414	1916	2342	0.0	0	1500	1578	0	1
16	1446	195	413	1914	2340	0.0	0	1500	1578	0	1
16	1447	196	415	1918	2345	0.0	0	1500	1578	0	1
16	1451	195	413	1919	2337	0.0	0	1500	1578	0	1
16	1447	196	414	1916	2342	0.0	0	1500	1578	0	1
16	1445	195	414	1914	2344	0.0	0	1500	1578	0	1
16	1495	197	413	1959	2301	0.0	0	1500	1578	0	0
16	1173	152	213	1420	1917	0.0	0	1500	1578	0	0
16	179	97	104	371	3568	18.0	0	1500	1578	0	0
16	180	98	104	373	3555	20.0	0	1500	1578	0	0
16	179	98	104	371	3558	20.0	0	1500	1578	0	0
16	180	98	104	373	3555	20.0	0	1500	1578	0	0
16	179	98	104	371	3558	20.0	0	1500	1578	0	0
17	180	98	104	373	3555	20.0	0	1500	1710	0	1
17	179	98	104	371	3558	20.0	0	1500	1710	0	1
17	1446	195	410	1911	2332	0.0	0	1500	1710	0	1
17	1462	198	429	1948	2373	0.0	0	1500	1710	0	1
17	1496	200	429	1980	2346	0.0	0	1500	1710	0	1
17	1486	199	428	1969	2350	0.0	0	1500	1710	0	1
17	1494	200	429	1978	2347	0.0	0	1500	1710	0	1
17	1497	199	429	1979	2343	0.0	0	1500	1710	0	1
17	1491	200	428	1975	2346	0.0	0	1500	1710	0	1
17	1493	199	428	1976	2345	0.0	0	1500	1710	0	1
17	1498	200	429	1981	2342	0.0	0	1500	1710	0	1
17	1493	200	428	1976	2345	0.0	0	1500	1710	0	1
17	1497	200	429	1980	2343	0.0	0	1500	1710	0	1
17	1489	199	429	1973	2350	0.0	0	1500	1710	0	1
17	1453	198	430	1941	2382	0.0	0	1500	1710	0	1
17	1448	198	430	1937	2388	0.0	0	1500	1710	0	1
17	1448	198	430	1937	2388	0.0	0	1500	1710	0	1
17	1448	198	430	1937	2388	0.0	0	1500	1710	0	1
17	1447	198	430	1935	2387	0.0	0	1500	1710	0	1
17	1448	198	430	1937	2388	0.0	0	1500	1710	0	1
17	1447	198	430	1936	2389	0.0	0	1500	1710	0	1
17	1452	198	429	1940	2382	0.0	0	1500	1710	0	1
17	1447	198	430	1935	2387	0.0	0	1500	1710	0	1
17	1447	198	430	1936	2389	0.0	0	1500	1710	0	1
17	1448	198	430	1937	2388	0.0	0	1500	1710	0	1
17	1448	198	430	1936	2386	0.0	0	1500	1710	0	1
17	1493	199	428	1976	2345	0.0	0	1500	1710	0	1
17	1492	199	428	1974	2346	0.0	0	1500	1710	0	0
17	1498	200	429	1982	2344	0.0	0	1500	1710	0	0
17	1089	98	104	1348	1754	0.0	0	1500	1710	0	0
17	179	98	104	371	3558	20.0	0	1500	1710	0	0
17	180	98	104	373	3555	20.0	0	1500	1710	0	0
17	179	98	104	371	3558	20.0	0	1500	1710	0	0
17	180	98	104	373	3555	20.0	0	1500	1710	0	0
18	179	98	104	371	3558	20.0	0	1500	1842	0	1
18	180	98	104	373	3555	20.0	0	1500	1842	0	1
18	1448	197	422	1926	2364	0.0	0	1500	1842	0	1
18	1450	201	447	1959	2433	0.0	0	1500	1842	0	1
18	1493	202	444	1994	2388	0.0	0	1500	1842	0	1
18	1497	203	444	2000	2385	0.0	0	1500	1842	0	1
18	1498	202	444	2000	2384	0.0	0	1500	1842	0	1
18	1488	202	444	1990	2391	0.0	0	1500	1842	0	1
18	1493	202	443	1994	2385	0.0	0	1500	1842	0	1
18	1500	203	445	2003	2386	0.0	0	1500	1842	0	1
18	1494	202	444	1995	2387	0.0	0	1500	1842	0	1
18	1495	202	444	1998	2388	0.0	0	1500	1842	0	1
18	1499	202	444	2000	2384	0.0	0	1500	1842	0	1
18	1495	202	444	1997	2387	0.0	0	1500	1842	0	1
18	1472	202	446	1979	2412	0.0	0	1500	1842	0	1
18	1449	201	446	1956	2429	0.0	0	1500	1842	0	1
18	1450	201	447	1959	2433	0.0	0	1500	1842	0	1
18	1448	201	446	1955	2430	0.0	0	1500	1842	0	1
18	1450	201	446	1959	2431	0.0	0	1500	1842	0	1
18	1455	201	446	1962	2425	0.0	0	1500	1842	0	1
18	1450	201	447	1959	2433	0.0	0	1500	1842	0	1
18	1449	201	446	1956	2429	0.0	0	1500	1842	0	1
18	1450	201	447	1959	2433	0.0	0	1500	1842	0	1
18	1455	201	447	1963	2428	0.0	0	1500	1842	0	1
18	1449	201	446	1958	2431	0.0	0	1500	1842	0	1
18	1449	201	446	1956	2429	0.0	0	1500	1842	0	1
18	1494	202	444	1996	2387	0.0	0	1500	1842	0	1
18	1489	202	444	1991	2391	0.0	0	1500	1842	0	0
18	1500	203	445	2002	2384	0.0	0	1500	1842	0	0
18	1110	148	205	1352	1932	0.0	0	1500	1842	0	0
18	180	98	104	373	3555	20.0	0	1500	1842	0	0
18	179	98	104	371	3558	20.0	0	1500	1842	0	0
18	179	98	104	372	3568	20.0	0	1500	1842	0	0
18	180	98	104	373	3555	20.0	0	1500	1842	0	0
19	180	98	104	372	3546	20.0	0	1500	1973	0	1
19	180	98	104	373	3555	20.0	0	1500	1973	0	1
19	1446	194	407	1907	2324	0.0	0	1500	1973	0	1
19	1450	204	462	1977	2475	0.0	0	1500	1973	0	1
19	1451	204	463	1979	2477	0.0	0	1500	1973	0	1
19	1489	205	459	2009	2431	0.0	0	1500	1973	0	1
19	1499	205	460	2020	2426	0.0	0	1500	1973	0	1
19	1499	205	460	2019	2426	0.0	0	1500	1973	0	1
19	1495	205	460	2016	2429	0.0	0	1500	1973	0	1
19	1495	205	459	2016	2429	0.0	0	1500	1973	0	1
19	1502	205	461	2024	2427	0.0	0	1500	1973	0	1
19	1496	205	459	2016	2426	0.0	0	1500	1973	0	1
19	1496	205	460	2016	2429	0.0	0	1500	1973	0	1
19	1500	205	460	2020	2426	0.0	0	1500	1973	0	1
19	1491	205	460	2012	2432	0.0	0	1500	1973	0	1
19	1495	205	459	2015	2427	0.0	0	1500	1973	0	1
19	1451	204	462	1978	2474	0.0	0	1500	1973	0	1
19	1457	204	463	1985	2472	0.0	0	1500	1973	0	1
19	1450	203	462	1977	2475	0.0	0	1500	1973	0	1
19	1451	204	463	1979	2477	0.0	0	1500	1973	0	1
19	1451	204	463	1978	2475	0.0	0	1500	1973	0	1
19	1452	204	463	1980	2476	0.0	0	1500	1973	0	1
19	1450	203	462	1977	2475	0.0	0	1500	1973	0	1
19	1452	204	463	1980	2476	0.0	0	1500	1973	0	1
19	1450	204	462	1977	2475	0.0	0	1500	1973	0	1
19	1450	204	463	1978	2477	0.0	0	1500	1973	0	1
19	1449	203	462	1975	2476	0.0	0	1500	1973	0	1
19	1452	204	463	1980	2476	0.0	0	1500	1973	0	0
19	1500	205	460	2020	2426	0.0	0	1500	1973	0	0
19	1278	157	224	1531	1893	0.0	0	1500	1973	0	0
19	180	98	104	371	3546	20.0	0	1500	1973	0	0
19	181	98	104	374	3543	19.0	0	1500	1973	0	0
19	179	98	104	371	3558	20.0	0	1500	1973	0	0
19	180	98	104	374	3555	20.0	0	1500	1973	0	0
20	180	98	104	373	3555	20.0	0	1500	2105	0	1
20	179	98	104	371	3558	20.0	0	1500	2105	0	1
20	1450	199	435	1944	2398	0.0	0	1500	2105	0	1
20	1457	207	480	2005	2519	0.0	0	1500	2105	0	1
20	1464	207	477	2008	2503	0.0	0	1500	2105	0	1
20	1499	208	475	2038	2466	0.0	0	1500	2105	0	1
20	1495	208	475	2035	2471	0.0	0	1500	2105	0	1
20	1492	207	476	2032	2476	0.0	0	1500	2105	0	1
20	1501	208	476	2042	2470	0.0	0	1500	2105	0	1
20	1496	208	475	2035	2469	0.0	0	1500	2105	0	1
20	1498	208	476	2038	2470	0.0	0	1500	2105	0	1
20	1500	208	476	2040	2468	0.0	0	1500	2105	0	1
20	1496	208	475	2036	2471	0.0	0	1500	2105	0	1
20	1498	208	475	2038	2469	0.0	0	1500	2105	0	1
20	1501	208	476	2041	2468	0.0	0	1500	2105	0	1
20	1496	208	475	2035	2469	0.0	0	1500	2105	0	1
20	1457	207	480	2005	2519	0.0	0	1500	2105	0	1
20	1451	206	478	1998	2520	0.0	0	1500	2105	0	1
20	1452	207	479	1999	2520	0.0	0	1500	2105	0	1
20	1452	206	478	1998	2517	0.0	0	1500	2105	0	1
20	1452	207	479	2000	2520	0.0	0	1500	2105	0	1
20	1452	207	479	1999	2520	0.0	0	1500	2105	0	1
20	1452	207	479	1999	2520	0.0	0	1500	2105	0	1
20	1457	207	478	2003	2513	0.0	0	1500	2105	0	1
20	1452	207	479	2000	2520	0.0	0	1500	2105	0	1
20	1451	207	478	1998	2518	0.0	0	1500	2105	0	1
20	1452	207	479	2000	2520	0.0	0	1500	2105	0	1
20	1490	207	475	2030	2475	0.0	0	1500	2105	0	0
20	1500	208	476	2040	2468	0.0	0	1500	2105	0	0
20	1198	156	233	1467	1970	0.0	0	1500	2105	0	0
20	181	98	104	374	3543	19.0	0	1500	2105	0	0
20	180	98	104	371	3546	20.0	0	1500	2105	0	0
20	181	98	104	374	3543	19.0	0	1500	2105	0	0
20	179	98	104	371	3558	20.0	0	1500	2105	0	0
21	181	98	104	374	3543	19.0	0	1500	2236	0	1
21	179	98	104	371	3558	20.0	0	1500	2236	0	1
21	1449	200	444	374	28702	0.0	0	1500	2236	0	1
21	1454	210	495	2021	2562	0.0	0	1500	2236	0	1
21	1453	209	494	2018	2560	0.0	0	1500	2236	0	1
21	1498	211	492	2058	2515	0.0	0	1500	2236	0	1
21	1501	210	491	2059	2510	0.0	0	1500	2236	0	1
21	1500	211	492	2059	2511	0.0	0	1500	2236	0	1
21	1496	210	491	2054	2513	0.0	0	1500	2236	0	1
21	1495	211	492	2055	2517	0.0	0	1500	2236	0	1
21	1499	210	491	2057	2511	0.0	0	1500	2236	0	1
21	1497	211	491	2056	2513	0.0	0	1500	2236	0	1
21	1499	210	491	2056	2509	0.0	0	1500	2236	0	1
21	1501	211	492	2060	2510	0.0	0	1500	2236	0	1
21	1496	210	491	2053	2512	0.0	0	1500	2236	0	1
21	1498	210	491	2057	2512	0.0	0	1500	2236	0	1
21	1473	210	494	2036	2542	0.0	0	1500	2236	0	1
21	1453	210	496	2020	2566	0.0	0	1500	2236	0	1
21	1452	209	495	2018	2564	0.0	0	1500	2236	0	1
21	1453	209	495	2019	2563	0.0	0	1500	2236	0	1
21	1452	209	495	2019	2566	0.0	0	1500	2236	0	1
21	1452	209	494	2017	2561	0.0	0	1500	2236	0	1
21	1453	210	495	2020	2563	0.0	0	1500	2236	0	1
21	1453	209	495	2020	2565	0.0	0	1500	2236	0	1
21	1453	209	495	2019	2563	0.0	0	1500	2236	0	1
21	1458	210	495	2024	2559	0.0	0	1500	2236	0	1
21	1452	209	495	2020	2566	0.0	0	1500	2236	0	1
21	1501	211	491	2060	2510	0.0	0	1500	2236	0	0
21	1499	210	491	2057	2511	0.0	0	1500	2236	0	0
21	1209	153	216	1458	1908	0.0	0	1500	2236	0	0
21	179	98	104	371	3558	20.0	0	1500	2236	0	0
21	180	98	104	373	3555	20.0	0	1500	2236	0	0
21	179	98	104	371	3558	20.0	0	1500	2236	0	0
21	180	98	104	373	3555	20.0	0	1500	2236	0	0
22	179	98	104	371	3558	20.0	0	1500	2368	0	1
22	180	98	104	373	3555	20.0	0	1500	2368	0	1
22	179	98	104	371	3558	20.0	0	1500	2368	0	1
22	1448	197	423	1929	2369	0.0	0	1500	2368	0	1
22	1454	212	512	2040	2609	0.0	0	1500	2368	0	1
22	1454	212	511	2040	2608	0.0	0	1500	2368	0	1
22	1499	213	507	2077	2554	0.0	0	1500	2368	0	1
22	1503	213	507	2080	2551	0.0	0	1500	2368	0	1
22	1501	214	507	2079	2552	0.0	0	1500	2368	0	1
22	1498	213	506	2074	2552	0.0	0	1500	2368	0	1
22	1504	214	508	2082	2551	0.0	0	1500	2368	0	1
22	1499	213	507	2076	2554	0.0	0	1500	2368	0	1
22	1498	213	507	2076	2555	0.0	0	1500	2368	0	1
22	1502	213	507	2080	2551	0.0	0	1500	2368	0	1
22	1500	213	507	2078	2553	0.0	0	1500	2368	0	1
22	1497	213	506	2074	2553	0.0	0	1500	2368	0	1
22	1498	214	508	2077	2557	0.0	0	1500	2368	0	1
22	1499	213	507	2076	2554	0.0	0	1500	2368	0	1
22	1454	213	512	2041	2609	0.0	0	1500	2368	0	1
22	1453	212	511	2038	2607	0.0	0	1500	2368	0	1
22	1459	213	511	2045	2602	0.0	0	1500	2368	0	1
22	1453	212	512	2039	2610	0.0	0	1500	2368	0	1
22	1453	212	511	2039	2609	0.0	0	1500	2368	0	1
22	1460	213	513	2047	2607	0.0	0	1500	2368	0	1
22	1453	212	511	2039	2609	0.0	0	1500	2368	0	1
22	1454	212	512	2041	2611	0.0	0	1500	2368	0	1
22	1453	212	512	2040	2612	0.0	0	1500	2368	0	1
22	1454	212	511	2040	2608	0.0	0	1500	2368	0	1
22	1454	212	512	2041	2611	0.0	0	1500	2368	0	0
22	1377	162	235	1635	1874	0.0	0	1500	2368	0	0
22	180	98	104	373	3555	20.0	0	1500	2368	0	0
22	180	98	104	372	3546	20.0	0	1500	2368	0	0
22	180	98	104	373	3555	20.0	0	1500	2368	0	0
22	180	98	104	372	3546	20.0	0	1500	2368	0	0
23	180	98	104	373	3555	20.0	0	1500	2500	0	1
23	180	98	104	371	3546	20.0	0	1500	2500	0	1
23	180	98	104	373	3555	20.0	0	1500	2500	0	1
23	1448	202	453	1964	2451	0.0	0	1500	2500	0	1
23	1455	215	528	2062	2654	0.0	0	1500	2500	0	1
23	1454	215	528	2059	2653	0.0	0	1500	2500	0	1
23	1482	216	525	2082	2618	0.0	0	1500	2500	0	1
23	1501	216	523	2099	2597	0.0	0	1500	2500	0	1
23	1497	215	522	2093	2597	0.0	0	1500	2500	0	1
23	1497	216	524	2096	2603	0.0	0	1500	2500	0	1
23	1500	216	522	2096	2593	0.0	0	1500	2500	0	1
23	1499	216	523	2096	2596	0.0	0	1500	2500	0	1
23	1501	216	523	2097	2595	0.0	0	1500	2500	0	1
23	1496	216	522	2093	2598	0.0	0	1500	2500	0	1
23	1498	215	522	2093	2595	0.0	0	1500	2500	0	1
23	1503	216	523	2100	2593	0.0	0	1500	2500	0	1
23	1501	216	523	2097	2595	0.0	0	1500	2500	0	1
23	1461	216	528	2067	2647	0.0	0	1500	2500	0	1
23	1454	215	528	2060	2655	0.0	0	1500	2500	0	1
23	1456	216	528	2063	2653	0.0	0	1500	2500	0	1
23	1455	215	528	2061	2654	0.0	0	1500	2500	0	1
23	1455	215	528	2062	2654	0.0	0	1500	2500	0	1
23	1454	215	528	2060	2655	0.0	0	1500	2500	0	1
23	1456	215	529	2063	2656	0.0	0	1500	2500	0	1
23	1454	215	528	2059	2653	0.0	0	1500	2500	0	1
23	1460	215	527	2065	2647	0.0	0	1500	2500	0	1
23	1455	215	528	2062	2654	0.0	0	1500	2500	0	1
23	1454	215	528	2061	2655	0.0	0	1500	2500	0	1
