Stim	R	G	B	C	Temp	HueLux	Yellow	Red	Blue	Blue2	Trig
1	353	472	407	1272	5783	332.0	0	0	0	0	1
1	350	468	404	1264	5788	329.0	0	0	0	0	1
1	353	472	407	1272	5783	332.0	0	0	0	0	1
1	350	468	404	1264	5788	329.0	0	0	0	0	1
1	353	472	407	1272	5783	332.0	0	0	0	0	1
1	350	468	404	1264	5788	329.0	0	0	0	0	1
1	353	472	407	1272	5783	332.0	0	0	0	0	1
1	350	468	404	1263	5788	329.0	0	0	0	0	1
1	353	471	407	1271	5783	330.0	0	0	0	0	1
1	353	472	407	1272	5783	332.0	0	0	0	0	1
1	351	469	404	1264	5776	330.0	0	0	0	0	1
1	353	472	407	1272	5783	332.0	0	0	0	0	1
1	351	469	405	1265	5787	329.0	0	0	0	0	1
1	353	472	407	1273	5783	332.0	0	0	0	0	1
1	351	469	405	1265	5787	329.0	0	0	0	0	1
1	353	472	407	1273	5783	332.0	0	0	0	0	1
1	351	469	405	1266	5787	329.0	0	0	0	0	1
1	353	472	407	1273	5783	332.0	0	0	0	0	1
1	351	469	405	1266	5787	329.0	0	0	0	0	1
1	352	471	407	1271	5796	331.0	0	0	0	0	1
1	350	468	404	1262	5788	329.0	0	0	0	0	1
1	350	468	405	1263	5799	328.0	0	0	0	0	1
1	348	465	402	1256	5792	326.0	0	0	0	0	1
1	349	466	403	1258	5790	327.0	0	0	0	0	1
1	347	464	401	1253	5793	326.0	0	0	0	0	1
1	348	465	402	1256	5792	326.0	0	0	0	0	1
1	347	464	401	1252	5793	326.0	0	0	0	0	1
1	347	464	401	1252	5793	326.0	0	0	0	0	0
1	348	465	402	1254	5792	326.0	0	0	0	0	0
1	347	465	402	1253	5804	327.0	0	0	0	0	0
1	348	466	403	1256	5803	327.0	0	0	0	0	0
1	348	466	403	1257	5803	327.0	0	0	0	0	0
1	349	467	404	1259	5801	328.0	0	0	0	0	0
1	349	468	404	1262	5801	329.0	0	0	0	0	0
2	350	469	405	1263	5799	330.0	0	0	0	0	1
2	351	470	406	1267	5798	330.0	0	0	0	0	1
2	351	470	406	1268	5798	330.0	0	0	0	0	1
2	352	472	407	1272	5796	332.0	0	0	0	0	1
2	352	472	407	1271	5796	332.0	0	0	0	0	1
2	353	474	409	1277	5805	334.0	0	0	0	0	1
2	353	473	408	1275	5794	333.0	0	0	0	0	1
2	354	475	410	1280	5803	334.0	0	0	0	0	1
2	354	474	409	1277	5792	333.0	0	0	0	0	1
2	355	476	410	1282	5791	335.0	0	0	0	0	1
2	354	474	409	1278	5792	333.0	0	0	0	0	1
2	354	474	409	1278	5792	333.0	0	0	0	0	1
2	356	477	411	1285	5789	336.0	0	0	0	0	1
2	354	475	409	1279	5792	335.0	0	0	0	0	1
2	356	477	411	1286	5789	336.0	0	0	0	0	1
2	355	475	409	1280	5780	335.0	0	0	0	0	1
2	357	478	412	1288	5787	337.0	0	0	0	0	1
2	355	475	409	1280	5780	335.0	0	0	0	0	1
2	357	478	412	1288	5787	337.0	0	0	0	0	1
2	355	475	410	1281	5791	334.0	0	0	0	0	1
2	357	478	412	1288	5787	337.0	0	0	0	0	1
2	355	475	409	1280	5780	335.0	0	0	0	0	1
2	357	478	412	1288	5787	337.0	0	0	0	0	1
2	355	475	409	1280	5780	335.0	0	0	0	0	1
2	357	478	412	1289	5787	337.0	0	0	0	0	1
2	355	475	409	1280	5780	335.0	0	0	0	0	1
2	356	478	412	1287	5800	337.0	0	0	0	0	1
2	354	474	409	1278	5792	333.0	0	0	0	0	0
2	356	478	412	1287	5800	337.0	0	0	0	0	0
2	356	477	412	1286	5800	335.0	0	0	0	0	0
2	353	474	409	1277	5805	334.0	0	0	0	0	0
2	356	477	411	1286	5789	336.0	0	0	0	0	0
2	353	474	409	1276	5805	334.0	0	0	0	0	0
2	355	477	411	1284	5802	336.0	0	0	0	0	0
3	353	473	408	1275	5794	333.0	0	0	0	0	1
3	355	476	411	1283	5802	335.0	0	0	0	0	1
3	352	473	408	1274	5807	333.0	0	0	0	0	1
3	354	476	410	1281	5803	336.0	0	0	0	0	1
3	352	472	408	1273	5807	332.0	0	0	0	0	1
3	354	475	410	1279	5803	334.0	0	0	0	0	1
3	351	472	407	1271	5808	333.0	0	0	0	0	1
3	353	473	409	1275	5805	332.0	0	0	0	0	1
3	350	470	406	1267	5810	331.0	0	0	0	0	1
3	351	471	407	1270	5808	331.0	0	0	0	0	1
3	349	468	405	1262	5812	328.0	0	0	0	0	1
3	349	470	406	1265	5823	331.0	0	0	0	0	1
3	347	467	403	1258	5815	329.0	0	0	0	0	1
3	347	466	403	1262	5815	327.0	0	0	0	0	1
3	348	467	404	1259	5814	328.0	0	0	0	0	1
3	347	465	402	1254	5804	327.0	0	0	0	0	1
3	348	466	403	1257	5803	327.0	0	0	0	0	1
3	346	464	402	1253	5817	325.0	0	0	0	0	1
3	347	465	402	1255	5804	327.0	0	0	0	0	1
3	347	465	402	1253	5804	327.0	0	0	0	0	1
3	347	465	402	1255	5804	327.0	0	0	0	0	1
3	347	465	402	1254	5804	327.0	0	0	0	0	1
3	348	466	403	1256	5803	327.0	0	0	0	0	1
3	348	466	403	1256	5803	327.0	0	0	0	0	1
3	348	466	403	1256	5803	327.0	0	0	0	0	1
3	348	466	403	1256	5803	327.0	0	0	0	0	1
3	347	465	402	1254	5804	327.0	0	0	0	0	1
3	348	466	403	1256	5803	327.0	0	0	0	0	0
3	347	465	402	1253	5804	327.0	0	0	0	0	0
3	348	465	402	1255	5792	326.0	0	0	0	0	0
3	347	464	401	1252	5793	326.0	0	0	0	0	0
3	347	465	401	1255	5793	327.0	0	0	0	0	0
3	347	465	402	1254	5804	327.0	0	0	0	0	0
3	346	463	401	1249	5806	324.0	0	0	0	0	0
4	347	465	402	1255	5804	327.0	0	0	0	0	1
4	346	463	401	1250	5806	324.0	0	0	0	0	1
4	348	466	403	1258	5803	327.0	0	0	0	0	1
4	347	464	402	1253	5804	325.0	0	0	0	0	1
4	348	466	403	1258	5803	327.0	0	0	0	0	1
4	346	463	401	1249	5806	324.0	0	0	0	0	1
4	348	466	403	1257	5803	327.0	0	0	0	0	1
4	346	464	401	1251	5806	326.0	0	0	0	0	1
4	348	467	404	1259	5814	328.0	0	0	0	0	1
4	346	464	401	1251	5806	326.0	0	0	0	0	1
4	348	467	404	1259	5814	328.0	0	0	0	0	1
4	346	464	401	1250	5806	326.0	0	0	0	0	1
4	348	467	404	1258	5814	328.0	0	0	0	0	1
4	346	463	401	1250	5806	324.0	0	0	0	0	1
4	348	466	403	1257	5803	327.0	0	0	0	0	1
4	345	463	400	1248	5808	326.0	0	0	0	0	1
4	345	462	400	1247	5808	324.0	0	0	0	0	1
4	348	466	403	1257	5803	327.0	0	0	0	0	1
4	347	464	401	1252	5793	326.0	0	0	0	0	1
4	349	468	404	1261	5801	329.0	0	0	0	0	1
4	347	464	401	1252	5793	326.0	0	0	0	0	1
4	349	467	404	1261	5801	328.0	0	0	0	0	1
4	347	464	401	1252	5793	326.0	0	0	0	0	1
4	349	467	404	1260	5801	328.0	0	0	0	0	1
4	347	465	402	1254	5804	327.0	0	0	0	0	1
4	350	469	405	1264	5799	330.0	0	0	0	0	1
4	349	467	403	1259	5790	328.0	0	0	0	0	1
4	352	471	407	1270	5796	331.0	0	0	0	0	0
4	351	469	405	1266	5787	329.0	0	0	0	0	0
4	353	473	408	1275	5794	333.0	0	0	0	0	0
4	352	471	407	1271	5796	331.0	0	0	0	0	0
4	354	474	409	1278	5792	333.0	0	0	0	0	0
4	353	472	407	1273	5783	332.0	0	0	0	0	0
4	354	474	409	1278	5792	333.0	0	0	0	0	0
5	353	473	408	1275	5794	333.0	0	0	131	0	1
5	352	471	407	1271	5796	331.0	0	0	131	0	1
5	354	479	438	1312	6105	320.0	0	0	131	0	1
5	353	478	437	1309	6107	320.0	0	0	131	0	1
5	354	479	438	1313	6105	320.0	0	0	131	0	1
5	354	478	438	1311	6105	318.0	0	0	131	0	1
5	355	480	439	1316	6102	321.0	0	0	131	0	1
5	354	479	439	1314	6115	319.0	0	0	131	0	1
5	355	480	439	1315	6102	321.0	0	0	131	0	1
5	355	480	439	1315	6102	321.0	0	0	131	0	1
5	355	480	439	1316	6102	321.0	0	0	131	0	1
5	355	480	439	1315	6102	321.0	0	0	131	0	1
5	355	480	439	1315	6102	321.0	0	0	131	0	1
5	355	480	439	1316	6102	321.0	0	0	131	0	1
5	354	479	439	1314	6115	319.0	0	0	131	0	1
5	355	480	439	1316	6102	321.0	0	0	131	0	1
5	355	479	438	1314	6091	320.0	0	0	131	0	1
5	355	480	439	1316	6102	321.0	0	0	131	0	1
5	355	480	439	1316	6102	321.0	0	0	131	0	1
5	354	478	437	1311	6094	319.0	0	0	131	0	1
5	355	480	439	1316	6102	321.0	0	0	131	0	1
5	354	478	437	1311	6094	319.0	0	0	131	0	1
5	355	480	439	1316	6102	321.0	0	0	131	0	1
5	354	478	437	1310	6094	319.0	0	0	131	0	1
5	355	480	439	1315	6102	321.0	0	0	131	0	1
5	353	478	437	1309	6107	320.0	0	0	131	0	1
5	355	480	439	1315	6102	321.0	0	0	131	0	1
5	353	478	437	1310	6107	320.0	0	0	131	0	0
5	355	480	440	1317	6113	320.0	0	0	131	0	0
5	353	477	432	1303	6053	322.0	0	0	131	0	0
5	354	475	409	1279	5792	335.0	0	0	131	0	0
5	352	471	406	1270	5785	331.0	0	0	131	0	0
5	354	474	409	1279	5792	333.0	0	0	131	0	0
5	353	472	407	1272	5783	332.0	0	0	131	0	0
6	355	475	410	1281	5791	334.0	0	0	263	0	1
6	353	472	407	1272	5783	332.0	0	0	263	0	1
6	360	512	615	1534	7899	241.0	0	0	263	0	1
6	362	515	618	1544	7895	243.0	0	0	263	0	1
6	360	512	616	1535	7910	240.0	0	0	263	0	1
6	363	517	626	1553	7961	239.0	0	0	263	0	1
6	360	514	624	1545	7995	237.0	0	0	263	0	1
6	362	516	625	1552	7969	239.0	0	0	263	0	1
6	360	513	623	1544	7984	236.0	0	0	263	0	1
6	362	516	625	1552	7969	239.0	0	0	263	0	1
6	360	513	623	1543	7984	236.0	0	0	263	0	1
6	362	516	626	1552	7979	238.0	0	0	263	0	1
6	360	514	624	1545	7995	237.0	0	0	263	0	1
6	362	517	626	1552	7979	240.0	0	0	263	0	1
6	360	514	623	1545	7984	238.0	0	0	263	0	1
6	363	517	627	1554	7971	239.0	0	0	263	0	1
6	361	514	623	1545	7966	238.0	0	0	263	0	1
6	362	515	619	1544	7905	242.0	0	0	263	0	1
6	360	513	616	1536	7910	241.0	0	0	263	0	1
6	362	515	618	1542	7895	243.0	0	0	263	0	1
6	362	515	618	1537	7895	243.0	0	0	263	0	1
6	361	513	616	1537	7892	241.0	0	0	263	0	1
6	362	514	618	1541	7895	241.0	0	0	263	0	1
6	361	513	616	1537	7892	241.0	0	0	263	0	1
6	361	514	617	1540	7902	242.0	0	0	263	0	1
6	361	513	617	1538	7902	240.0	0	0	263	0	1
6	361	514	617	1539	7902	242.0	0	0	263	0	1
6	361	514	622	1544	7955	238.0	0	0	263	0	0
6	361	515	625	1549	7987	238.0	0	0	263	0	0
6	360	507	584	1497	7571	255.0	0	0	263	0	0
6	354	473	408	1276	5782	333.0	0	0	263	0	0
6	354	474	409	1277	5792	333.0	0	0	263	0	0
6	354	474	409	1277	5792	333.0	0	0	263	0	0
6	354	474	409	1278	5792	333.0	0	0	263	0	0
7	354	473	408	1276	5782	333.0	0	0	394	0	1
7	354	474	409	1278	5792	333.0	0	0	394	0	1
7	353	473	408	1275	5794	333.0	0	0	394	0	1
7	369	552	817	1792	9826	153.0	0	0	394	0	1
7	368	551	818	1792	9859	151.0	0	0	394	0	1
7	367	551	816	1788	9862	153.0	0	0	394	0	1
7	369	554	826	1804	9919	150.0	0	0	394	0	1
7	368	553	829	1804	9973	146.0	0	0	394	0	1
7	369	556	834	1814	10002	147.0	0	0	394	0	1
7	368	553	831	1805	9994	145.0	0	0	394	0	1
7	369	555	833	1812	9991	146.0	0	0	394	0	1
7	368	553	832	1808	10004	144.0	0	0	394	0	1
7	370	556	833	1813	9968	147.0	0	0	394	0	1
7	368	553	831	1807	9994	145.0	0	0	394	0	1
7	370	556	835	1816	9989	146.0	0	0	394	0	1
7	368	553	831	1805	9994	145.0	0	0	394	0	1
7	370	556	833	1814	9968	147.0	0	0	394	0	1
7	368	554	833	1809	10015	145.0	0	0	394	0	1
7	370	554	819	1796	9824	154.0	0	0	394	0	1
7	367	550	816	1787	9862	151.0	0	0	394	0	1
7	369	553	819	1796	9847	153.0	0	0	394	0	1
7	367	550	816	1787	9862	151.0	0	0	394	0	1
7	370	553	819	1796	9824	153.0	0	0	394	0	1
7	370	554	821	1799	9845	153.0	0	0	394	0	1
7	367	550	816	1788	9862	151.0	0	0	394	0	1
7	370	554	819	1796	9824	154.0	0	0	394	0	1
7	367	550	816	1788	9862	151.0	0	0	394	0	1
7	369	553	819	1796	9847	153.0	0	0	394	0	1
7	367	550	816	1786	9862	151.0	0	0	394	0	0
7	369	551	806	1779	9713	159.0	0	0	394	0	0
7	352	472	407	1272	5796	332.0	0	0	394	0	0
7	354	475	409	1279	5792	335.0	0	0	394	0	0
7	352	472	407	1272	5796	332.0	0	0	394	0	0
7	354	475	409	1279	5792	335.0	0	0	394	0	0
8	353	472	407	1273	5783	332.0	0	0	526	0	1
8	355	475	410	1280	5791	334.0	0	0	526	0	1
8	353	472	408	1273	5794	331.0	0	0	526	0	1
8	377	594	1035	2068	11850	57.0	0	0	526	0	1
8	375	592	1034	2063	11896	55.0	0	0	526	0	1
8	377	594	1036	2068	11860	56.0	0	0	526	0	1
8	376	593	1039	2070	11919	53.0	0	0	526	0	1
8	376	597	1058	2094	12111	45.0	0	0	526	0	1
8	377	598	1060	2098	12103	45.0	0	0	526	0	1
8	376	596	1057	2091	12101	45.0	0	0	526	0	1
8	377	598	1060	2098	12103	45.0	0	0	526	0	1
8	377	597	1060	2096	12103	44.0	0	0	526	0	1
8	377	597	1058	2094	12083	45.0	0	0	526	0	1
8	377	597	1057	2093	12073	46.0	0	0	526	0	1
8	377	598	1059	2096	12093	46.0	0	0	526	0	1
8	377	597	1057	2094	12073	46.0	0	0	526	0	1
8	377	597	1060	2097	12103	44.0	0	0	526	0	1
8	377	595	1042	2075	11921	54.0	0	0	526	0	1
8	376	593	1035	2065	11878	56.0	0	0	526	0	1
8	376	593	1035	2066	11878	56.0	0	0	526	0	1
8	376	592	1035	2064	11878	54.0	0	0	526	0	1
8	377	594	1036	2067	11860	56.0	0	0	526	0	1
8	376	592	1034	2064	11868	55.0	0	0	526	0	1
8	377	594	1036	2068	11860	56.0	0	0	526	0	1
8	375	592	1034	2063	11896	55.0	0	0	526	0	1
8	375	592	1034	2062	11896	55.0	0	0	526	0	1
8	376	593	1035	2067	11878	56.0	0	0	526	0	1
8	375	591	1034	2062	11896	54.0	0	0	526	0	1
8	378	598	1059	2098	12065	46.0	0	0	526	0	0
8	373	580	973	1985	11329	82.0	0	0	526	0	0
8	354	475	409	1279	5792	335.0	0	0	526	0	0
8	352	472	407	1272	5796	332.0	0	0	526	0	0
8	355	475	409	1280	5780	335.0	0	0	526	0	0
8	352	472	407	1272	5796	332.0	0	0	526	0	0
8	355	475	409	1280	5780	335.0	0	0	526	0	0
9	352	472	407	1272	5796	332.0	0	0	657	0	1
9	355	475	410	1280	5791	334.0	0	0	657	0	1
9	383	633	1252	2337	13845	0.0	0	0	657	0	1
9	385	636	1255	2346	13810	0.0	0	0	657	0	1
9	383	633	1252	2337	13845	0.0	0	0	657	0	1
9	385	636	1255	2346	13810	0.0	0	0	657	0	1
9	384	639	1282	2375	14110	0.0	0	0	657	0	1
9	386	642	1286	2384	14084	0.0	0	0	657	0	1
9	386	642	1285	2383	14074	0.0	0	0	657	0	1
9	384	638	1282	2374	14110	0.0	0	0	657	0	1
9	386	642	1285	2383	14074	0.0	0	0	657	0	1
9	384	638	1282	2375	14110	0.0	0	0	657	0	1
9	386	642	1285	2383	14074	0.0	0	0	657	0	1
9	384	639	1286	2379	14150	0.0	0	0	657	0	1
9	386	641	1282	2379	14044	0.0	0	0	657	0	1
9	384	639	1282	2375	14110	0.0	0	0	657	0	1
9	386	640	1274	2369	13965	0.0	0	0	657	0	1
9	383	633	1252	2338	13845	0.0	0	0	657	0	1
9	385	637	1259	2351	13850	0.0	0	0	657	0	1
9	383	634	1253	2338	13855	0.0	0	0	657	0	1
9	385	636	1255	2346	13810	0.0	0	0	657	0	1
9	383	634	1253	2339	13855	0.0	0	0	657	0	1
9	385	636	1255	2345	13810	0.0	0	0	657	0	1
9	384	634	1253	2339	13823	0.0	0	0	657	0	1
9	385	636	1255	2345	13810	0.0	0	0	657	0	1
9	383	634	1253	2339	13855	0.0	0	0	657	0	1
9	384	634	1253	2343	13823	0.0	0	0	657	0	1
9	386	642	1287	2385	14094	0.0	0	0	657	0	0
9	381	620	1178	2245	13171	0.0	0	0	657	0	0
9	354	474	409	1278	5792	333.0	0	0	657	0	0
9	353	473	408	1275	5794	333.0	0	0	657	0	0
9	354	474	409	1277	5792	333.0	0	0	657	0	0
9	354	473	408	1276	5782	333.0	0	0	657	0	0
9	354	474	409	1278	5792	333.0	0	0	657	0	0
10	354	474	409	1277	5792	333.0	0	0	789	0	1
10	354	474	409	1277	5792	333.0	0	0	789	0	1
10	392	676	1473	2618	15707	0.0	0	0	789	0	1
10	392	676	1473	2618	15707	0.0	0	0	789	0	1
10	392	677	1473	2619	15707	0.0	0	0	789	0	1
10	392	677	1478	2623	15756	0.0	0	0	789	0	1
10	393	677	1473	2619	15671	0.0	0	0	789	0	1
10	393	682	1505	2658	15981	0.0	0	0	789	0	1
10	394	685	1516	2673	16050	0.0	0	0	789	0	1
10	393	682	1507	2659	16000	0.0	0	0	789	0	1
10	394	684	1515	2667	16041	0.0	0	0	789	0	1
10	394	684	1513	2670	16021	0.0	0	0	789	0	1
10	393	682	1510	2663	16029	0.0	0	0	789	0	1
10	394	685	1517	2674	16060	0.0	0	0	789	0	1
10	393	682	1512	2665	16049	0.0	0	0	789	0	1
10	394	685	1512	2669	16012	0.0	0	0	789	0	1
10	393	683	1515	2669	16078	0.0	0	0	789	0	1
10	394	685	1514	2672	16031	0.0	0	0	789	0	1
10	391	675	1472	2614	15734	0.0	0	0	789	0	1
10	393	677	1474	2621	15680	0.0	0	0	789	0	1
10	391	675	1472	2614	15734	0.0	0	0	789	0	1
10	393	677	1474	2621	15680	0.0	0	0	789	0	1
10	391	675	1472	2614	15734	0.0	0	0	789	0	1
10	393	677	1474	2621	15680	0.0	0	0	789	0	1
10	391	674	1472	2613	15734	0.0	0	0	789	0	1
10	393	678	1479	2627	15729	0.0	0	0	789	0	1
10	391	674	1471	2613	15724	0.0	0	0	789	0	1
10	393	677	1474	2621	15680	0.0	0	0	789	0	0
10	391	674	1472	2613	15734	0.0	0	0	789	0	0
10	352	471	407	1270	5796	331.0	0	0	789	0	0
10	354	475	409	1279	5792	335.0	0	0	789	0	0
10	352	472	407	1271	5796	332.0	0	0	789	0	0
10	355	475	410	1280	5791	334.0	0	0	789	0	0
10	352	472	407	1271	5796	332.0	0	0	789	0	0
11	355	475	410	1280	5791	334.0	0	0	921	0	1
11	352	472	407	1271	5796	332.0	0	0	921	0	1
11	401	719	1693	2898	17476	0.0	0	0	921	0	1
11	399	716	1691	2891	17538	0.0	0	0	921	0	1
11	401	720	1694	2899	17486	0.0	0	0	921	0	1
11	399	717	1692	2891	17547	0.0	0	0	921	0	1
11	402	723	1711	2920	17607	0.0	0	0	921	0	1
11	401	725	1737	2949	17894	0.0	0	0	921	0	1
11	403	729	1743	2961	17869	0.0	0	0	921	0	1
11	401	726	1742	2955	17942	0.0	0	0	921	0	1
11	403	728	1740	2956	17841	0.0	0	0	921	0	1
11	401	726	1742	2955	17942	0.0	0	0	921	0	1
11	403	728	1743	2960	17869	0.0	0	0	921	0	1
11	403	729	1745	2963	17888	0.0	0	0	921	0	1
11	401	725	1735	2946	17875	0.0	0	0	921	0	1
11	403	728	1739	2955	17831	0.0	0	0	921	0	1
11	401	727	1744	2957	17961	0.0	0	0	921	0	1
11	401	719	1693	2897	17476	0.0	0	0	921	0	1
11	400	718	1698	2900	17564	0.0	0	0	921	0	1
11	401	719	1693	2897	17476	0.0	0	0	921	0	1
11	400	717	1692	2893	17507	0.0	0	0	921	0	1
11	401	719	1693	2896	17476	0.0	0	0	921	0	1
11	400	718	1698	2901	17564	0.0	0	0	921	0	1
11	400	718	1693	2896	17516	0.0	0	0	921	0	1
11	400	717	1692	2893	17507	0.0	0	0	921	0	1
11	400	718	1693	2895	17516	0.0	0	0	921	0	1
11	400	717	1692	2893	17507	0.0	0	0	921	0	1
11	400	718	1693	2894	17516	0.0	0	0	921	0	0
11	400	718	1693	2894	17516	0.0	0	0	921	0	0
11	399	711	1659	2852	17232	0.0	0	0	921	0	0
11	353	473	408	1276	5794	333.0	0	0	921	0	0
11	353	473	408	1275	5794	333.0	0	0	921	0	0
11	353	472	407	1273	5783	332.0	0	0	921	0	0
11	354	473	408	1276	5782	333.0	0	0	921	0	0
12	353	472	408	1274	5794	331.0	0	0	1052	0	1
12	354	474	409	1278	5792	333.0	0	0	1052	0	1
12	408	759	1910	3168	19227	0.0	0	0	1052	0	1
12	409	760	1912	3173	19202	0.0	0	0	1052	0	1
12	407	758	1910	3167	19270	0.0	0	0	1052	0	1
12	409	760	1912	3172	19202	0.0	0	0	1052	0	1
12	407	759	1916	3175	19327	0.0	0	0	1052	0	1
12	411	771	1972	3247	19671	0.0	0	0	1052	0	1
12	409	768	1965	3235	19695	0.0	0	0	1052	0	1
12	410	770	1965	3239	19651	0.0	0	0	1052	0	1
12	409	769	1970	3241	19742	0.0	0	0	1052	0	1
12	410	770	1966	3240	19660	0.0	0	0	1052	0	1
12	409	768	1963	3233	19677	0.0	0	0	1052	0	1
12	411	772	1972	3249	19671	0.0	0	0	1052	0	1
12	409	768	1963	3233	19677	0.0	0	0	1052	0	1
12	409	769	1970	3241	19742	0.0	0	0	1052	0	1
12	410	769	1959	3232	19595	0.0	0	0	1052	0	1
12	407	760	1923	3182	19392	0.0	0	0	1052	0	1
12	409	761	1912	3174	19202	0.0	0	0	1052	0	1
12	407	758	1910	3165	19270	0.0	0	0	1052	0	1
12	409	762	1919	3182	19267	0.0	0	0	1052	0	1
12	407	758	1910	3165	19270	0.0	0	0	1052	0	1
12	409	761	1913	3174	19211	0.0	0	0	1052	0	1
12	407	758	1910	3165	19270	0.0	0	0	1052	0	1
12	409	760	1912	3173	19202	0.0	0	0	1052	0	1
12	406	757	1910	3164	19314	0.0	0	0	1052	0	1
12	409	760	1912	3172	19202	0.0	0	0	1052	0	1
12	406	757	1909	3164	19305	0.0	0	0	1052	0	0
12	409	760	1912	3172	19202	0.0	0	0	1052	0	0
12	406	753	1890	3140	19127	0.0	0	0	1052	0	0
12	354	474	409	1279	5792	333.0	0	0	1052	0	0
12	352	471	407	1271	5796	331.0	0	0	1052	0	0
12	354	474	409	1278	5792	333.0	0	0	1052	0	0
12	352	474	409	1270	5817	334.0	0	0	1052	0	0
13	352	472	407	1272	5796	332.0	0	0	1184	0	1
13	354	475	410	1280	5803	334.0	0	0	1184	0	1
13	415	800	2130	3444	20945	0.0	0	0	1184	0	1
13	417	802	2132	3451	20870	0.0	0	0	1184	0	1
13	415	800	2130	3444	20945	0.0	0	0	1184	0	1
13	417	802	2132	3450	20870	0.0	0	0	1184	0	1
13	415	800	2130	3444	20945	0.0	0	0	1184	0	1
13	417	804	2140	3460	20943	0.0	0	0	1184	0	1
13	417	813	2200	3531	21491	0.0	0	0	1184	0	1
13	419	813	2194	3526	21341	0.0	0	0	1184	0	1
13	417	812	2194	3524	21436	0.0	0	0	1184	0	1
13	418	813	2193	3526	21379	0.0	0	0	1184	0	1
13	417	812	2192	3522	21418	0.0	0	0	1184	0	1
13	419	814	2197	3530	21368	0.0	0	0	1184	0	1
13	418	813	2199	3531	21434	0.0	0	0	1184	0	1
13	418	812	2186	3516	21316	0.0	0	0	1184	0	1
13	418	813	2196	3528	21407	0.0	0	0	1184	0	1
13	419	815	2200	3535	21395	0.0	0	0	1184	0	1
13	418	814	2198	3531	21425	0.0	0	0	1184	0	1
13	416	801	2131	3446	20908	0.0	0	0	1184	0	1
13	416	801	2131	3447	20908	0.0	0	0	1184	0	1
13	416	801	2131	3447	20908	0.0	0	0	1184	0	1
13	416	801	2131	3446	20908	0.0	0	0	1184	0	1
13	416	801	2131	3446	20908	0.0	0	0	1184	0	1
13	415	800	2131	3445	20955	0.0	0	0	1184	0	1
13	416	801	2131	3447	20908	0.0	0	0	1184	0	1
13	415	800	2131	3445	20955	0.0	0	0	1184	0	1
13	416	802	2139	3457	20981	0.0	0	0	1184	0	0
13	415	800	2131	3444	20955	0.0	0	0	1184	0	0
13	416	801	2132	3447	20917	0.0	0	0	1184	0	0
13	352	472	407	1272	5796	332.0	0	0	1184	0	0
13	353	473	408	1276	5794	333.0	0	0	1184	0	0
13	352	472	407	1272	5796	332.0	0	0	1184	0	0
13	354	474	409	1278	5792	333.0	0	0	1184	0	0
14	352	472	407	1272	5796	332.0	0	0	1315	0	1
14	354	474	409	1277	5792	333.0	0	0	1315	0	1
14	424	843	2351	3725	22516	0.0	0	0	1315	0	1
14	423	841	2349	3719	22548	0.0	0	0	1315	0	1
14	425	845	2360	3736	22547	0.0	0	0	1315	0	1
14	423	841	2349	3719	22548	0.0	0	0	1315	0	1
14	424	844	2351	3726	22516	0.0	0	0	1315	0	1
14	425	854	2417	3805	23058	0.0	0	0	1315	0	1
14	427	855	2412	3803	22912	0.0	0	0	1315	0	1
14	425	856	2427	3817	23148	0.0	0	0	1315	0	1
14	427	857	2422	3815	23001	0.0	0	0	1315	0	1
14	425	854	2420	3808	23085	0.0	0	0	1315	0	1
14	427	859	2430	3824	23073	0.0	0	0	1315	0	1
14	425	854	2418	3804	23067	0.0	0	0	1315	0	1
14	427	858	2425	3818	23028	0.0	0	0	1315	0	1
14	425	855	2425	3814	23130	0.0	0	0	1315	0	1
14	427	857	2421	3814	22992	0.0	0	0	1315	0	1
14	425	854	2417	3804	23058	0.0	0	0	1315	0	1
14	428	858	2425	3819	22978	0.0	0	0	1315	0	1
14	422	841	2349	3718	22598	0.0	0	0	1315	0	1
14	422	841	2349	3718	22598	0.0	0	0	1315	0	1
14	425	844	2352	3727	22475	0.0	0	0	1315	0	1
14	422	841	2349	3718	22598	0.0	0	0	1315	0	1
14	425	844	2352	3727	22475	0.0	0	0	1315	0	1
14	423	842	2358	3729	22629	0.0	0	0	1315	0	1
14	425	844	2352	3727	22475	0.0	0	0	1315	0	1
14	422	841	2349	3718	22598	0.0	0	0	1315	0	1
14	425	844	2351	3726	22467	0.0	0	0	1315	0	1
14	422	841	2349	3718	22598	0.0	0	0	1315	0	0
14	424	844	2352	3726	22525	0.0	0	0	1315	0	0
14	352	471	407	1270	5796	331.0	0	0	1315	0	0
14	354	474	409	1278	5792	333.0	0	0	1315	0	0
14	352	471	407	1271	5796	331.0	0	0	1315	0	0
14	354	474	409	1278	5792	333.0	0	0	1315	0	0
15	352	471	407	1271	5796	331.0	0	0	1447	0	1
15	354	474	409	1277	5792	333.0	0	0	1447	0	1
15	352	471	407	1270	5796	331.0	0	0	1447	0	1
15	432	887	2582	4015	24162	0.0	0	0	1447	0	1
15	432	885	2572	4003	24074	0.0	0	0	1447	0	1
15	431	883	2570	3998	24109	0.0	0	0	1447	0	1
15	432	885	2572	4004	24074	0.0	0	0	1447	0	1
15	433	894	2628	4071	24514	0.0	0	0	1447	0	1
15	435	901	2653	4105	24627	0.0	0	0	1447	0	1
15	434	899	2649	4099	24646	0.0	0	0	1447	0	1
15	435	900	2650	4102	24601	0.0	0	0	1447	0	1
15	434	899	2650	4100	24654	0.0	0	0	1447	0	1
15	435	900	2652	4104	24618	0.0	0	0	1447	0	1
15	434	901	2658	4110	24725	0.0	0	0	1447	0	1
15	435	900	2650	4101	24601	0.0	0	0	1447	0	1
15	434	899	2651	4101	24663	0.0	0	0	1447	0	1
15	435	901	2659	4112	24680	0.0	0	0	1447	0	1
15	434	899	2650	4100	24654	0.0	0	0	1447	0	1
15	435	900	2652	4103	24618	0.0	0	0	1447	0	1
15	431	884	2572	4001	24127	0.0	0	0	1447	0	1
15	432	885	2572	4002	24074	0.0	0	0	1447	0	1
15	431	884	2572	4001	24127	0.0	0	0	1447	0	1
15	432	886	2581	4002	24153	0.0	0	0	1447	0	1
15	431	884	2572	4001	24127	0.0	0	0	1447	0	1
15	432	885	2572	4002	24074	0.0	0	0	1447	0	1
15	431	884	2571	4001	24118	0.0	0	0	1447	0	1
15	432	886	2581	4014	24153	0.0	0	0	1447	0	1
15	431	884	2571	4000	24118	0.0	0	0	1447	0	1
15	432	885	2572	4002	24074	0.0	0	0	1447	0	0
15	431	884	2571	4000	24118	0.0	0	0	1447	0	0
15	353	473	408	1276	5794	333.0	0	0	1447	0	0
15	352	472	407	1272	5796	332.0	0	0	1447	0	0
15	353	473	408	1276	5794	333.0	0	0	1447	0	0
15	352	472	407	1272	5796	332.0	0	0	1447	0	0
15	353	473	408	1276	5794	333.0	0	0	1447	0	0
16	352	472	407	1272	5796	332.0	0	0	1578	0	1
16	353	473	409	1276	5805	332.0	0	0	1578	0	1
16	439	925	2790	4276	25604	0.0	0	0	1578	0	1
16	440	927	2793	4282	25575	0.0	0	0	1578	0	1
16	439	925	2791	4276	25613	0.0	0	0	1578	0	1
16	440	927	2791	4282	25558	0.0	0	0	1578	0	1
16	441	928	2793	4283	25521	0.0	0	0	1578	0	1
16	439	925	2791	4276	25613	0.0	0	0	1578	0	1
16	444	944	2881	4394	26113	0.0	0	0	1578	0	1
16	442	943	2886	4395	26268	0.0	0	0	1578	0	1
16	444	944	2878	4390	26087	0.0	0	0	1578	0	1
16	442	941	2878	4386	26199	0.0	0	0	1578	0	1
16	444	946	2888	4403	26173	0.0	0	0	1578	0	1
16	442	941	2876	4383	26181	0.0	0	0	1578	0	1
16	444	945	2882	4396	26121	0.0	0	0	1578	0	1
16	442	943	2885	4395	26259	0.0	0	0	1578	0	1
16	444	942	2868	4378	26001	0.0	0	0	1578	0	1
16	442	942	2880	4388	26216	0.0	0	0	1578	0	1
16	444	946	2888	4403	26173	0.0	0	0	1578	0	1
16	441	939	2865	4369	26143	0.0	0	0	1578	0	1
16	441	930	2804	4297	25616	0.0	0	0	1578	0	1
16	438	924	2790	4274	25660	0.0	0	0	1578	0	1
16	441	928	2793	4283	25521	0.0	0	0	1578	0	1
16	438	925	2791	4276	25668	0.0	0	0	1578	0	1
16	438	925	2791	4274	25668	0.0	0	0	1578	0	1
16	441	928	2793	4283	25521	0.0	0	0	1578	0	1
16	438	925	2790	4275	25660	0.0	0	0	1578	0	1
16	441	928	2793	4283	25521	0.0	0	0	1578	0	0
16	438	925	2791	4275	25668	0.0	0	0	1578	0	0
16	354	474	409	1279	5792	333.0	0	0	1578	0	0
16	352	471	407	1271	5796	331.0	0	0	1578	0	0
16	354	475	410	1280	5803	334.0	0	0	1578	0	0
16	352	472	407	1272	5796	332.0	0	0	1578	0	0
16	354	475	410	1280	5803	334.0	0	0	1578	0	0
17	352	472	407	1272	5796	332.0	0	0	1710	0	1
17	354	475	410	1280	5803	334.0	0	0	1710	0	1
17	447	970	3024	4570	27166	0.0	0	0	1710	0	1
17	449	970	3015	4563	26974	0.0	0	0	1710	0	1
17	447	967	3013	4556	27072	0.0	0	0	1710	0	1
17	449	970	3016	4564	26983	0.0	0	0	1710	0	1
17	447	970	3025	4571	27174	0.0	0	0	1710	0	1
17	449	970	3015	4563	26974	0.0	0	0	1710	0	1
17	452	987	3108	4680	27588	0.0	0	0	1710	0	1
17	450	985	3104	4671	27671	0.0	0	0	1710	0	1
17	452	988	3113	4686	27631	0.0	0	0	1710	0	1
17	450	986	3106	4674	27688	0.0	0	0	1710	0	1
17	452	990	3117	4691	27664	0.0	0	0	1710	0	1
17	451	987	3113	4684	27689	0.0	0	0	1710	0	1
17	452	988	3108	4680	27588	0.0	0	0	1710	0	1
17	451	988	3115	4686	27706	0.0	0	0	1710	0	1
17	452	989	3115	4689	27647	0.0	0	0	1710	0	1
17	451	986	3107	4677	27638	0.0	0	0	1710	0	1
17	452	989	3117	4691	27664	0.0	0	0	1710	0	1
17	447	968	3014	4559	27080	0.0	0	0	1710	0	1
17	448	969	3015	4562	27031	0.0	0	0	1710	0	1
17	448	969	3014	4559	27023	0.0	0	0	1710	0	1
17	448	969	3015	4561	27031	0.0	0	0	1710	0	1
17	448	969	3014	4559	27023	0.0	0	0	1710	0	1
17	448	969	3014	4560	27023	0.0	0	0	1710	0	1
17	448	969	3014	4560	27023	0.0	0	0	1710	0	1
17	448	969	3014	4560	27023	0.0	0	0	1710	0	1
17	448	969	3014	4559	27023	0.0	0	0	1710	0	0
17	448	969	3015	4561	27031	0.0	0	0	1710	0	0
17	353	473	408	1275	5794	333.0	0	0	1710	0	0
17	353	473	408	1276	5794	333.0	0	0	1710	0	0
17	353	472	408	1274	5794	331.0	0	0	1710	0	0
17	353	473	408	1276	5794	333.0	0	0	1710	0	0
17	352	472	407	1272	5796	332.0	0	0	1710	0	0
18	353	473	408	1276	5794	333.0	0	0	1842	0	1
18	353	472	407	1273	5783	332.0	0	0	1842	0	1
18	457	1012	3238	4844	28386	0.0	0	0	1842	0	1
18	455	1011	3237	4840	28496	0.0	0	0	1842	0	1
18	457	1015	3251	4860	28494	0.0	0	0	1842	0	1
18	455	1010	3237	4839	28496	0.0	0	0	1842	0	1
18	457	1012	3238	4844	28386	0.0	0	0	1842	0	1
18	455	1010	3237	4839	28496	0.0	0	0	1842	0	1
18	461	1033	3345	4979	29036	0.0	0	0	1842	0	1
18	459	1030	3339	4967	29106	0.0	0	0	1842	0	1
18	459	1030	3342	4970	29131	0.0	0	0	1842	0	1
18	460	1030	3328	4957	28955	0.0	0	0	1842	0	1
18	459	1031	3348	4978	29181	0.0	0	0	1842	0	1
18	461	1033	3344	4978	29027	0.0	0	0	1842	0	1
18	458	1029	3338	4966	29159	0.0	0	0	1842	0	1
18	461	1034	3350	4986	29077	0.0	0	0	1842	0	1
18	459	1030	3342	4972	29131	0.0	0	0	1842	0	1
18	461	1032	3341	4974	29003	0.0	0	0	1842	0	1
18	459	1031	3347	4978	29173	0.0	0	0	1842	0	1
18	457	1013	3239	4846	28394	0.0	0	0	1842	0	1
18	455	1010	3236	4837	28488	0.0	0	0	1842	0	1
18	457	1013	3239	4846	28394	0.0	0	0	1842	0	1
18	455	1010	3236	4837	28488	0.0	0	0	1842	0	1
18	457	1013	3239	4846	28394	0.0	0	0	1842	0	1
18	455	1010	3236	4836	28488	0.0	0	0	1842	0	1
18	457	1013	3239	4845	28394	0.0	0	0	1842	0	1
18	455	1010	3236	4837	28488	0.0	0	0	1842	0	1
18	457	1013	3239	4846	28394	0.0	0	0	1842	0	0
18	457	1013	3239	4853	28394	0.0	0	0	1842	0	0
18	352	471	406	1270	5785	331.0	0	0	1842	0	0
18	354	474	409	1278	5792	333.0	0	0	1842	0	0
18	352	471	406	1270	5785	331.0	0	0	1842	0	0
18	354	474	409	1278	5792	333.0	0	0	1842	0	0
18	352	471	407	1270	5796	331.0	0	0	1842	0	0
19	354	474	409	1278	5792	333.0	0	0	1973	0	1
19	352	471	407	1271	5796	331.0	0	0	1973	0	1
19	465	1057	3474	5141	29855	0.0	0	0	1973	0	1
19	463	1052	3458	5117	29846	0.0	0	0	1973	0	1
19	465	1055	3461	5124	29748	0.0	0	0	1973	0	1
19	463	1052	3458	5117	29846	0.0	0	0	1973	0	1
19	465	1055	3460	5123	29740	0.0	0	0	1973	0	1
19	463	1052	3458	5117	29846	0.0	0	0	1973	0	1
19	465	1055	3460	5124	29740	0.0	0	0	1973	0	1
19	463	1052	3458	5118	29846	0.0	0	0	1973	0	1
19	468	1074	3561	5251	30381	0.0	0	0	1973	0	1
19	468	1075	3578	5269	30519	0.0	0	0	1973	0	1
19	468	1075	3575	5261	30495	0.0	0	0	1973	0	1
19	469	1077	3578	5272	30457	0.0	0	0	1973	0	1
19	468	1074	3568	5258	30438	0.0	0	0	1973	0	1
19	469	1077	3577	5271	30449	0.0	0	0	1973	0	1
19	468	1076	3576	5268	30503	0.0	0	0	1973	0	1
19	468	1075	3569	5259	30446	0.0	0	0	1973	0	1
19	467	1073	3564	5252	30467	0.0	0	0	1973	0	1
19	468	1075	3575	5267	30495	0.0	0	0	1973	0	1
19	466	1066	3527	5205	30227	0.0	0	0	1973	0	1
19	464	1053	3459	5120	29793	0.0	0	0	1973	0	1
19	464	1056	3473	5138	29908	0.0	0	0	1973	0	1
19	464	1053	3459	5120	29793	0.0	0	0	1973	0	1
19	464	1054	3460	5122	29801	0.0	0	0	1973	0	1
19	464	1053	3459	5120	29793	0.0	0	0	1973	0	1
19	465	1057	3473	5139	29847	0.0	0	0	1973	0	1
19	464	1053	3459	5119	29793	0.0	0	0	1973	0	0
19	464	1054	3460	5123	29801	0.0	0	0	1973	0	0
19	463	1053	3459	5119	29854	0.0	0	0	1973	0	0
19	354	474	409	1277	5792	333.0	0	0	1973	0	0
19	354	474	409	1277	5792	333.0	0	0	1973	0	0
19	352	472	407	1272	5796	332.0	0	0	1973	0	0
19	354	474	409	1277	5792	333.0	0	0	1973	0	0
20	352	471	407	1271	5796	331.0	0	0	2105	0	1
20	354	474	409	1277	5792	333.0	0	0	2105	0	1
20	471	1095	3683	5400	31183	0.0	0	0	2105	0	1
20	473	1097	3685	5406	31073	0.0	0	0	2105	0	1
20	471	1095	3683	5399	31183	0.0	0	0	2105	0	1
20	473	1097	3685	5407	31073	0.0	0	0	2105	0	1
20	471	1094	3682	5399	31175	0.0	0	0	2105	0	1
20	473	1098	3685	5407	31073	0.0	0	0	2105	0	1
20	471	1098	3697	5418	31296	0.0	0	0	2105	0	1
20	478	1123	3815	5571	31799	0.0	0	0	2105	0	1
20	475	1118	3805	5553	31911	0.0	0	0	2105	0	1
20	478	1121	3806	5561	31727	0.0	0	0	2105	0	1
20	475	1117	3798	5545	31854	0.0	0	0	2105	0	1
20	478	1121	3806	5560	31727	0.0	0	0	2105	0	1
20	475	1117	3804	5550	31903	0.0	0	0	2105	0	1
20	473	1112	3786	5525	31887	0.0	0	0	2105	0	1
20	476	1119	3807	5557	31862	0.0	0	0	2105	0	1
20	474	1117	3809	5554	32007	0.0	0	0	2105	0	1
20	476	1117	3800	5549	31806	0.0	0	0	2105	0	1
20	473	1115	3807	5550	32056	0.0	0	0	2105	0	1
20	470	1093	3682	5396	31238	0.0	0	0	2105	0	1
20	468	1091	3680	5389	31349	0.0	0	0	2105	0	1
20	470	1093	3682	5396	31238	0.0	0	0	2105	0	1
20	468	1090	3679	5388	31341	0.0	0	0	2105	0	1
20	470	1093	3682	5396	31238	0.0	0	0	2105	0	1
20	468	1091	3680	5389	31349	0.0	0	0	2105	0	1
20	471	1094	3682	5397	31175	0.0	0	0	2105	0	1
20	469	1091	3680	5391	31286	0.0	0	0	2105	0	0
20	471	1097	3697	5417	31296	0.0	0	0	2105	0	0
20	469	1092	3681	5392	31294	0.0	0	0	2105	0	0
20	352	470	406	1269	5785	330.0	0	0	2105	0	0
20	350	468	404	1263	5788	329.0	0	0	2105	0	0
20	351	470	406	1267	5798	330.0	0	0	2105	0	0
20	351	470	406	1267	5798	330.0	0	0	2105	0	0
21	350	468	405	1263	5799	328.0	0	0	2236	0	1
21	351	470	406	1267	5798	330.0	0	0	2236	0	1
21	477	1134	3904	5673	32573	0.0	0	0	2236	0	1
21	478	1135	3905	5677	32516	0.0	0	0	2236	0	1
21	477	1135	3904	5675	32573	0.0	0	0	2236	0	1
21	478	1135	3905	5676	32516	0.0	0	0	2236	0	1
21	478	1135	3905	5676	32516	0.0	0	0	2236	0	1
21	478	1135	3905	5677	32516	0.0	0	0	2236	0	1
21	478	1135	3905	5675	32516	0.0	0	0	2236	0	1
21	483	1161	4042	5848	33275	0.0	0	0	2236	0	1
21	483	1160	4036	5842	33227	0.0	0	0	2236	0	1
21	482	1159	4034	5838	33278	0.0	0	0	2236	0	1
21	483	1161	4043	5850	33282	0.0	0	0	2236	0	1
21	482	1158	4031	5834	33254	0.0	0	0	2236	0	1
21	482	1158	4023	5826	33191	0.0	0	0	2236	0	1
21	482	1160	4039	5843	33317	0.0	0	0	2236	0	1
21	483	1160	4032	5837	33196	0.0	0	0	2236	0	1
21	483	1161	4035	5842	33219	0.0	0	0	2236	0	1
21	482	1159	4035	5839	33285	0.0	0	0	2236	0	1
21	483	1162	4043	5852	33282	0.0	0	0	2236	0	1
21	477	1134	3904	5673	32573	0.0	0	0	2236	0	1
21	479	1139	3921	5699	32578	0.0	0	0	2236	0	1
21	477	1134	3904	5673	32573	0.0	0	0	2236	0	1
21	479	1137	3906	5680	32459	0.0	0	0	2236	0	1
21	477	1134	3904	5673	32573	0.0	0	0	2236	0	1
21	479	1137	3906	5681	32459	0.0	0	0	2236	0	1
21	477	1134	3904	5673	32573	0.0	0	0	2236	0	1
21	479	1137	3906	5681	32459	0.0	0	0	2236	0	0
21	477	1134	3903	5673	32565	0.0	0	0	2236	0	0
21	479	1137	3906	5681	32459	0.0	0	0	2236	0	0
21	350	468	404	1261	5788	329.0	0	0	2236	0	0
21	352	471	407	1270	5796	331.0	0	0	2236	0	0
21	349	468	404	1261	5801	329.0	0	0	2236	0	0
21	352	471	407	1270	5796	331.0	0	0	2236	0	0
22	349	468	404	1261	5801	329.0	0	0	2368	0	1
22	352	471	404	1270	5763	333.0	0	0	2368	0	1
22	487	1180	4132	5966	33717	0.0	0	0	2368	0	1
22	485	1177	4130	5958	33834	0.0	0	0	2368	0	1
22	488	1183	4149	5987	33783	0.0	0	0	2368	0	1
22	485	1177	4130	5958	33834	0.0	0	0	2368	0	1
22	487	1180	4132	5966	33717	0.0	0	0	2368	0	1
22	485	1177	4130	5958	33834	0.0	0	0	2368	0	1
22	488	1183	4149	5987	33783	0.0	0	0	2368	0	1
22	485	1177	4130	5958	33834	0.0	0	0	2368	0	1
22	489	1192	4196	6045	34083	0.0	0	0	2368	0	1
22	490	1203	4268	6132	34576	0.0	0	0	2368	0	1
22	492	1203	4256	6121	34349	0.0	0	0	2368	0	1
22	490	1205	4276	6142	34639	0.0	0	0	2368	0	1
22	492	1205	4267	6134	34434	0.0	0	0	2368	0	1
22	491	1205	4273	6139	34548	0.0	0	0	2368	0	1
22	492	1207	4275	6145	34496	0.0	0	0	2368	0	1
22	490	1203	4265	6129	34553	0.0	0	0	2368	0	1
22	492	1207	4277	6147	34511	0.0	0	0	2368	0	1
22	491	1204	4270	6136	34524	0.0	0	0	2368	0	1
22	490	1202	4261	6124	34522	0.0	0	0	2368	0	1
22	486	1179	4131	5962	33776	0.0	0	0	2368	0	1
22	486	1178	4131	5960	33776	0.0	0	0	2368	0	1
22	486	1178	4131	5962	33776	0.0	0	0	2368	0	1
22	486	1178	4131	5960	33776	0.0	0	0	2368	0	1
22	486	1178	4131	5961	33776	0.0	0	0	2368	0	1
22	486	1178	4131	5961	33776	0.0	0	0	2368	0	1
22	486	1178	4131	5961	33776	0.0	0	0	2368	0	1
22	487	1181	4148	5982	33842	0.0	0	0	2368	0	0
22	486	1178	4130	5960	33768	0.0	0	0	2368	0	0
22	350	469	405	1264	5799	330.0	0	0	2368	0	0
22	350	468	404	1262	5788	329.0	0	0	2368	0	0
22	350	469	405	1265	5799	330.0	0	0	2368	0	0
22	350	468	404	1262	5788	329.0	0	0	2368	0	0
23	350	469	405	1265	5799	330.0	0	0	2500	0	1
23	349	467	404	1261	5801	328.0	0	0	2500	0	1
23	351	469	405	1266	5787	329.0	0	0	2500	0	1
23	493	1220	4357	6244	35062	0.0	0	0	2500	0	1
23	493	1220	4357	6243	35062	0.0	0	0	2500	0	1
23	495	1222	4359	6250	34942	0.0	0	0	2500	0	1
23	493	1220	4357	6243	35062	0.0	0	0	2500	0	1
23	495	1222	4359	6249	34942	0.0	0	0	2500	0	1
23	493	1219	4357	6242	35062	0.0	0	0	2500	0	1
23	495	1226	4377	6272	35080	0.0	0	0	2500	0	1
23	498	1249	4510	6435	35895	0.0	0	0	2500	0	1
23	500	1251	4509	6438	35749	0.0	0	0	2500	0	1
23	498	1247	4501	6424	35826	0.0	0	0	2500	0	1
23	501	1252	4514	6446	35719	0.0	0	0	2500	0	1
23	498	1248	4505	6428	35856	0.0	0	0	2500	0	1
23	500	1250	4505	6434	35719	0.0	0	0	2500	0	1
23	498	1249	4511	6437	35902	0.0	0	0	2500	0	1
23	500	1250	4505	6435	35719	0.0	0	0	2500	0	1
23	497	1244	4487	6406	35788	0.0	0	0	2500	0	1
23	501	1252	4514	6445	35719	0.0	0	0	2500	0	1
23	498	1247	4500	6424	35818	0.0	0	0	2500	0	1
23	496	1230	4395	6295	35150	0.0	0	0	2500	0	1
23	495	1223	4359	6250	34942	0.0	0	0	2500	0	1
23	493	1220	4356	6242	35055	0.0	0	0	2500	0	1
23	495	1222	4359	6250	34942	0.0	0	0	2500	0	1
23	493	1220	4356	6242	35055	0.0	0	0	2500	0	1
23	495	1223	4359	6251	34942	0.0	0	0	2500	0	1
23	493	1220	4356	6242	35055	0.0	0	0	2500	0	1
