Stim	R	G	B	C	Temp	HueLux	Yellow	Red	Blue	Blue2	Trig
1	94	319	252	692	11605	288.0	0	0	0	1200	1
1	142	650	1841	2700	50786	0.0	0	0	0	1200	1
1	154	735	2253	3218	57130	0.0	0	0	0	1200	1
1	154	737	2258	3227	57254	0.0	0	0	0	1200	1
1	154	734	2253	3219	57130	0.0	0	0	0	1200	1
1	154	736	2254	3222	57155	0.0	0	0	0	1200	1
1	154	735	2257	3222	57229	0.0	0	0	0	1200	1
1	154	736	2254	3221	57155	0.0	0	0	0	1200	1
1	153	734	2255	3219	57544	0.0	0	0	0	1200	1
1	154	735	2256	3223	57205	0.0	0	0	0	1200	1
1	153	732	2251	3214	57445	0.0	0	0	0	1200	1
1	153	735	2257	3223	57594	0.0	0	0	0	1200	1
1	153	732	2252	3214	57470	0.0	0	0	0	1200	1
1	153	734	2254	3219	57520	0.0	0	0	0	1200	1
1	153	733	2256	3219	57569	0.0	0	0	0	1200	1
1	154	735	2253	3219	57130	0.0	0	0	0	1200	1
1	154	735	2256	3222	57205	0.0	0	0	0	1200	1
1	153	732	2251	3214	57445	0.0	0	0	0	1200	1
1	154	735	2258	3224	57254	0.0	0	0	0	1200	1
1	153	732	2252	3214	57470	0.0	0	0	0	1200	1
1	154	735	2256	3222	57205	0.0	0	0	0	1200	1
1	153	733	2255	3218	57544	0.0	0	0	0	1200	1
1	154	734	2253	3218	57130	0.0	0	0	0	1200	1
1	153	733	2256	3219	57569	0.0	0	0	0	1200	1
1	153	734	2253	3218	57495	0.0	0	0	0	1200	1
1	153	732	2253	3215	57495	0.0	0	0	0	1200	1
1	153	734	2256	3221	57569	0.0	0	0	0	1200	1
1	152	731	2250	3211	57789	0.0	0	0	0	1200	0
1	153	731	2247	3208	57345	0.0	0	0	0	1200	0
1	93	315	249	684	11591	284.0	0	0	0	1200	0
1	93	316	250	687	11632	285.0	0	0	0	1200	0
1	93	315	249	683	11591	284.0	0	0	0	1200	0
1	93	316	250	686	11632	285.0	0	0	0	1200	0
1	93	315	249	683	11591	284.0	0	0	0	1200	0
2	93	316	249	685	11591	286.0	0	0	0	1200	1
2	143	661	1912	2784	52333	0.0	0	0	0	1200	1
2	152	730	2251	3212	57814	0.0	0	0	0	1200	1
2	153	731	2251	3212	57445	0.0	0	0	0	1200	1
2	153	731	2254	3216	57520	0.0	0	0	0	1200	1
2	153	731	2251	3212	57445	0.0	0	0	0	1200	1
2	153	732	2252	3214	57470	0.0	0	0	0	1200	1
2	153	732	2255	3218	57544	0.0	0	0	0	1200	1
2	153	732	2251	3213	57445	0.0	0	0	0	1200	1
2	153	732	2254	3217	57520	0.0	0	0	0	1200	1
2	153	733	2254	3217	57520	0.0	0	0	0	1200	1
2	153	732	2251	3213	57445	0.0	0	0	0	1200	1
2	153	733	2256	3219	57569	0.0	0	0	0	1200	1
2	153	732	2252	3214	57470	0.0	0	0	0	1200	1
2	153	732	2252	3214	57470	0.0	0	0	0	1200	1
2	153	733	2255	3218	57544	0.0	0	0	0	1200	1
2	153	732	2251	3214	57445	0.0	0	0	0	1200	1
2	153	732	2252	3214	57470	0.0	0	0	0	1200	1
2	153	733	2256	3219	57569	0.0	0	0	0	1200	1
2	153	733	2254	3218	57520	0.0	0	0	0	1200	1
2	153	732	2254	3216	57520	0.0	0	0	0	1200	1
2	153	733	2251	3214	57445	0.0	0	0	0	1200	1
2	153	732	2253	3215	57495	0.0	0	0	0	1200	1
2	153	733	2254	3217	57520	0.0	0	0	0	1200	1
2	153	731	2250	3211	57420	0.0	0	0	0	1200	1
2	153	734	2256	3220	57569	0.0	0	0	0	1200	1
2	153	731	2251	3212	57445	0.0	0	0	0	1200	1
2	153	733	2251	3214	57445	0.0	0	0	0	1200	0
2	153	731	2250	3211	57420	0.0	0	0	0	1200	0
2	93	317	250	688	11632	287.0	0	0	0	1200	0
2	93	315	249	684	11591	284.0	0	0	0	1200	0
2	93	317	251	688	11673	286.0	0	0	0	1200	0
2	93	316	249	685	11591	286.0	0	0	0	1200	0
2	94	318	251	689	11564	287.0	0	0	0	1200	0
3	93	316	249	684	11591	286.0	0	0	0	1200	1
3	94	318	251	689	11564	287.0	0	0	0	1200	1
3	142	660	1906	2777	52530	0.0	0	0	0	1200	1
3	153	731	2250	3211	57420	0.0	0	0	0	1200	1
3	153	734	2255	3220	57544	0.0	0	0	0	1200	1
3	153	731	2252	3213	57470	0.0	0	0	0	1200	1
3	153	733	2251	3215	57445	0.0	0	0	0	1200	1
3	153	731	2254	3215	57520	0.0	0	0	0	1200	1
3	153	733	2253	3216	57495	0.0	0	0	0	1200	1
3	153	731	2250	3210	57420	0.0	0	0	0	1200	1
3	153	734	2256	3220	57569	0.0	0	0	0	1200	1
3	153	731	2251	3211	57445	0.0	0	0	0	1200	1
3	153	733	2251	3214	57445	0.0	0	0	0	1200	1
3	153	732	2254	3216	57520	0.0	0	0	0	1200	1
3	153	733	2252	3216	57470	0.0	0	0	0	1200	1
3	153	731	2251	3211	57445	0.0	0	0	0	1200	1
3	153	734	2256	3221	57569	0.0	0	0	0	1200	1
3	153	731	2250	3212	57420	0.0	0	0	0	1200	1
3	153	733	2252	3216	57470	0.0	0	0	0	1200	1
3	153	732	2255	3217	57544	0.0	0	0	0	1200	1
3	153	733	2251	3215	57445	0.0	0	0	0	1200	1
3	153	734	2256	3220	57569	0.0	0	0	0	1200	1
3	153	731	2250	3211	57420	0.0	0	0	0	1200	1
3	153	733	2253	3217	57495	0.0	0	0	0	1200	1
3	153	732	2254	3217	57520	0.0	0	0	0	1200	1
3	153	733	2251	3215	57445	0.0	0	0	0	1200	1
3	153	732	2253	3215	57495	0.0	0	0	0	1200	1
3	153	734	2255	3219	57544	0.0	0	0	0	1200	0
3	151	717	2180	3123	56396	0.0	0	0	0	1200	0
3	93	317	250	688	11632	287.0	0	0	0	1200	0
3	93	316	249	685	11591	286.0	0	0	0	1200	0
3	93	316	250	686	11632	285.0	0	0	0	1200	0
3	93	315	249	683	11591	284.0	0	0	0	1200	0
3	93	316	249	685	11591	286.0	0	0	0	1200	0
4	93	314	249	683	11591	283.0	0	0	0	1200	1
4	93	315	249	684	11591	284.0	0	0	0	1200	1
4	109	427	792	1369	29074	58.0	0	0	0	1200	1
4	123	527	1267	1969	40637	0.0	0	0	0	1200	1
4	123	527	1271	1974	40761	0.0	0	0	0	1200	1
4	123	525	1262	1963	40482	0.0	0	0	0	1200	1
4	123	527	1271	1975	40761	0.0	0	0	0	1200	1
4	122	519	1231	1924	39834	0.0	0	0	0	1200	1
4	122	519	1231	1924	39834	0.0	0	0	0	1200	1
4	122	519	1231	1925	39834	0.0	0	0	0	1200	1
4	122	519	1231	1924	39834	0.0	0	0	0	1200	1
4	122	519	1232	1925	39865	0.0	0	0	0	1200	1
4	122	519	1231	1924	39834	0.0	0	0	0	1200	1
4	122	520	1236	1931	39990	0.0	0	0	0	1200	1
4	122	519	1231	1924	39834	0.0	0	0	0	1200	1
4	122	519	1232	1925	39865	0.0	0	0	0	1200	1
4	122	518	1231	1922	39834	0.0	0	0	0	1200	1
4	122	519	1232	1925	39865	0.0	0	0	0	1200	1
4	122	520	1235	1929	39959	0.0	0	0	0	1200	1
4	123	527	1267	1970	40637	0.0	0	0	0	1200	1
4	123	527	1269	1972	40699	0.0	0	0	0	1200	1
4	123	527	1266	1968	40606	0.0	0	0	0	1200	1
4	123	526	1266	1968	40606	0.0	0	0	0	1200	1
4	123	526	1269	1974	40699	0.0	0	0	0	1200	1
4	123	527	1267	1970	40637	0.0	0	0	0	1200	1
4	123	527	1270	1973	40730	0.0	0	0	0	1200	1
4	123	528	1269	1973	40699	0.0	0	0	0	1200	1
4	123	526	1266	1967	40606	0.0	0	0	0	1200	0
4	123	528	1272	1976	40791	0.0	0	0	0	1200	0
4	93	316	254	689	11796	282.0	0	0	0	1200	0
4	93	316	250	686	11632	285.0	0	0	0	1200	0
4	92	314	248	682	11661	284.0	0	0	0	1200	0
4	93	316	250	686	11632	285.0	0	0	0	1200	0
4	92	314	248	681	11661	284.0	0	0	0	1200	0
5	93	316	250	686	11632	285.0	0	0	131	1200	1
5	92	314	248	682	11661	284.0	0	0	131	1200	1
5	93	318	261	700	12083	280.0	0	0	131	1200	1
5	122	523	1254	1952	40552	0.0	0	0	131	1200	1
5	123	524	1252	1951	40172	0.0	0	0	131	1200	1
5	122	522	1250	1946	40427	0.0	0	0	131	1200	1
5	123	524	1252	1951	40172	0.0	0	0	131	1200	1
5	123	528	1280	1985	41039	0.0	0	0	131	1200	1
5	123	530	1289	1995	41318	0.0	0	0	131	1200	1
5	124	531	1286	1995	40904	0.0	0	0	131	1200	1
5	123	530	1286	1992	41225	0.0	0	0	131	1200	1
5	124	532	1290	2000	41027	0.0	0	0	131	1200	1
5	123	529	1285	1990	41194	0.0	0	0	131	1200	1
5	124	532	1289	1998	40996	0.0	0	0	131	1200	1
5	123	530	1288	1994	41287	0.0	0	0	131	1200	1
5	124	531	1286	1995	40904	0.0	0	0	131	1200	1
5	123	530	1289	1995	41318	0.0	0	0	131	1200	1
5	124	532	1288	1997	40965	0.0	0	0	131	1200	1
5	122	522	1250	1947	40427	0.0	0	0	131	1200	1
5	123	524	1252	1951	40172	0.0	0	0	131	1200	1
5	122	522	1250	1947	40427	0.0	0	0	131	1200	1
5	123	524	1252	1951	40172	0.0	0	0	131	1200	1
5	122	522	1250	1947	40427	0.0	0	0	131	1200	1
5	123	525	1256	1957	40296	0.0	0	0	131	1200	1
5	122	522	1250	1947	40427	0.0	0	0	131	1200	1
5	123	524	1252	1951	40172	0.0	0	0	131	1200	1
5	123	524	1252	1951	40172	0.0	0	0	131	1200	1
5	122	522	1250	1947	40427	0.0	0	0	131	1200	0
5	123	527	1264	1967	40544	0.0	0	0	131	1200	0
5	93	318	266	704	12288	277.0	0	0	131	1200	0
5	93	316	250	686	11632	285.0	0	0	131	1200	0
5	93	314	249	682	11591	283.0	0	0	131	1200	0
5	93	316	250	686	11632	285.0	0	0	131	1200	0
5	92	314	249	682	11702	283.0	0	0	131	1200	0
6	93	316	250	686	11632	285.0	0	0	263	1200	1
6	92	314	249	682	11702	283.0	0	0	263	1200	1
6	95	331	323	777	14345	255.0	0	0	263	1200	1
6	125	544	1355	2079	42691	0.0	0	0	263	1200	1
6	126	546	1358	2085	42454	0.0	0	0	263	1200	1
6	126	546	1361	2087	42545	0.0	0	0	263	1200	1
6	126	546	1358	2084	42454	0.0	0	0	263	1200	1
6	126	552	1391	2125	43452	0.0	0	0	263	1200	1
6	127	553	1391	2127	43121	0.0	0	0	263	1200	1
6	126	551	1384	2116	43240	0.0	0	0	263	1200	1
6	126	552	1391	2125	43452	0.0	0	0	263	1200	1
6	127	552	1388	2123	43031	0.0	0	0	263	1200	1
6	126	552	1391	2125	43452	0.0	0	0	263	1200	1
6	127	553	1392	2127	43151	0.0	0	0	263	1200	1
6	126	552	1388	2122	43361	0.0	0	0	263	1200	1
6	127	552	1391	2126	43121	0.0	0	0	263	1200	1
6	127	552	1391	2126	43121	0.0	0	0	263	1200	1
6	127	552	1388	2122	43031	0.0	0	0	263	1200	1
6	126	546	1358	2084	42454	0.0	0	0	263	1200	1
6	126	546	1358	2084	42454	0.0	0	0	263	1200	1
6	126	546	1358	2084	42454	0.0	0	0	263	1200	1
6	126	546	1358	2084	42454	0.0	0	0	263	1200	1
6	126	546	1358	2084	42454	0.0	0	0	263	1200	1
6	126	546	1357	2084	42424	0.0	0	0	263	1200	1
6	126	546	1358	2085	42454	0.0	0	0	263	1200	1
6	126	546	1361	2088	42545	0.0	0	0	263	1200	1
6	126	546	1358	2085	42454	0.0	0	0	263	1200	1
6	126	546	1358	2084	42454	0.0	0	0	263	1200	0
6	126	546	1357	2083	42424	0.0	0	0	263	1200	0
6	93	316	250	686	11632	285.0	0	0	263	1200	0
6	93	315	249	684	11591	284.0	0	0	263	1200	0
6	93	316	250	687	11632	285.0	0	0	263	1200	0
6	93	315	249	684	11591	284.0	0	0	263	1200	0
6	93	316	250	687	11632	285.0	0	0	263	1200	0
7	93	315	249	684	11591	284.0	0	0	394	1200	1
7	93	316	250	687	11632	285.0	0	0	394	1200	1
7	107	414	727	1287	27277	86.0	0	0	394	1200	1
7	130	577	1500	2266	45352	0.0	0	0	394	1200	1
7	130	576	1503	2268	45440	0.0	0	0	394	1200	1
7	131	578	1504	2271	45133	0.0	0	0	394	1200	1
7	130	576	1500	2264	45352	0.0	0	0	394	1200	1
7	131	579	1505	2273	45162	0.0	0	0	394	1200	1
7	130	577	1503	2268	45440	0.0	0	0	394	1200	1
7	130	573	1475	2236	44619	0.0	0	0	394	1200	1
7	130	571	1475	2233	44619	0.0	0	0	394	1200	1
7	130	573	1475	2235	44619	0.0	0	0	394	1200	1
7	130	573	1476	2237	44649	0.0	0	0	394	1200	1
7	130	571	1474	2231	44590	0.0	0	0	394	1200	1
7	130	573	1475	2235	44619	0.0	0	0	394	1200	1
7	130	571	1478	2236	44707	0.0	0	0	394	1200	1
7	130	572	1475	2234	44619	0.0	0	0	394	1200	1
7	129	570	1473	2229	44895	0.0	0	0	394	1200	1
7	130	572	1475	2234	44619	0.0	0	0	394	1200	1
7	129	572	1489	2248	45368	0.0	0	0	394	1200	1
7	130	576	1501	2265	45381	0.0	0	0	394	1200	1
7	130	575	1503	2266	45440	0.0	0	0	394	1200	1
7	130	576	1502	2267	45411	0.0	0	0	394	1200	1
7	130	573	1496	2256	45235	0.0	0	0	394	1200	1
7	130	577	1505	2271	45499	0.0	0	0	394	1200	1
7	130	574	1499	2261	45323	0.0	0	0	394	1200	1
7	130	576	1501	2266	45381	0.0	0	0	394	1200	1
7	130	575	1503	2266	45440	0.0	0	0	394	1200	1
7	130	576	1501	2265	45381	0.0	0	0	394	1200	0
7	130	574	1500	2261	45352	0.0	0	0	394	1200	0
7	96	315	249	787	11273	283.0	0	0	394	1200	0
7	93	317	251	689	11673	286.0	0	0	394	1200	0
7	93	315	250	685	11632	284.0	0	0	394	1200	0
7	93	317	251	688	11673	286.0	0	0	394	1200	0
8	93	315	249	684	11591	284.0	0	0	526	1200	1
8	93	317	251	688	11673	286.0	0	0	526	1200	1
8	99	356	443	929	18439	205.0	0	0	526	1200	1
8	134	597	1599	2391	46855	0.0	0	0	526	1200	1
8	133	596	1597	2386	47139	0.0	0	0	526	1200	1
8	134	598	1601	2393	46911	0.0	0	0	526	1200	1
8	133	596	1598	2388	47168	0.0	0	0	526	1200	1
8	134	598	1599	2391	46855	0.0	0	0	526	1200	1
8	134	601	1619	2414	47423	0.0	0	0	526	1200	1
8	134	602	1620	2417	47452	0.0	0	0	526	1200	1
8	134	601	1623	2419	47537	0.0	0	0	526	1200	1
8	134	602	1620	2417	47452	0.0	0	0	526	1200	1
8	134	601	1622	2417	47509	0.0	0	0	526	1200	1
8	134	601	1621	2417	47480	0.0	0	0	526	1200	1
8	133	600	1619	2413	47769	0.0	0	0	526	1200	1
8	134	601	1623	2418	47537	0.0	0	0	526	1200	1
8	134	601	1620	2415	47452	0.0	0	0	526	1200	1
8	134	601	1622	2417	47509	0.0	0	0	526	1200	1
8	134	601	1620	2417	47452	0.0	0	0	526	1200	1
8	133	596	1597	2386	47139	0.0	0	0	526	1200	1
8	133	597	1599	2389	47196	0.0	0	0	526	1200	1
8	133	595	1597	2385	47139	0.0	0	0	526	1200	1
8	133	595	1596	2385	47111	0.0	0	0	526	1200	1
8	133	595	1597	2386	47139	0.0	0	0	526	1200	1
8	133	595	1596	2384	47111	0.0	0	0	526	1200	1
8	133	595	1599	2387	47196	0.0	0	0	526	1200	1
8	133	595	1598	2386	47168	0.0	0	0	526	1200	1
8	133	595	1596	2384	47111	0.0	0	0	526	1200	1
8	133	595	1596	2385	47111	0.0	0	0	526	1200	0
8	133	596	1601	2390	47254	0.0	0	0	526	1200	0
8	95	332	332	788	14705	250.0	0	0	526	1200	0
8	93	316	250	685	11632	285.0	0	0	526	1200	0
8	93	316	250	685	11632	285.0	0	0	526	1200	0
8	93	316	250	686	11632	285.0	0	0	526	1200	0
8	93	317	250	687	11632	287.0	0	0	526	1200	0
9	93	316	250	685	11632	285.0	0	0	657	1200	1
9	101	370	508	1013	20554	179.0	0	0	657	1200	1
9	137	622	1726	2549	49391	0.0	0	0	657	1200	1
9	137	623	1725	2548	49363	0.0	0	0	657	1200	1
9	137	622	1724	2546	49335	0.0	0	0	657	1200	1
9	137	623	1727	2551	49419	0.0	0	0	657	1200	1
9	137	622	1726	2549	49391	0.0	0	0	657	1200	1
9	138	626	1743	2571	49512	0.0	0	0	657	1200	1
9	137	626	1746	2574	49947	0.0	0	0	657	1200	1
9	138	627	1743	2572	49512	0.0	0	0	657	1200	1
9	137	624	1739	2565	49752	0.0	0	0	657	1200	1
9	138	628	1747	2577	49623	0.0	0	0	657	1200	1
9	137	626	1743	2570	49864	0.0	0	0	657	1200	1
9	138	627	1744	2574	49540	0.0	0	0	657	1200	1
9	138	626	1744	2572	49540	0.0	0	0	657	1200	1
9	138	628	1744	2574	49540	0.0	0	0	657	1200	1
9	138	628	1747	2578	49623	0.0	0	0	657	1200	1
9	137	626	1742	2570	49836	0.0	0	0	657	1200	1
9	138	624	1728	2554	49098	0.0	0	0	657	1200	1
9	137	622	1724	2547	49335	0.0	0	0	657	1200	1
9	137	624	1725	2550	49363	0.0	0	0	657	1200	1
9	137	622	1726	2549	49391	0.0	0	0	657	1200	1
9	137	624	1725	2550	49363	0.0	0	0	657	1200	1
9	137	622	1724	2546	49335	0.0	0	0	657	1200	1
9	138	624	1727	2553	49071	0.0	0	0	657	1200	1
9	137	622	1724	2546	49335	0.0	0	0	657	1200	1
9	138	624	1728	2554	49098	0.0	0	0	657	1200	1
9	137	622	1726	2549	49391	0.0	0	0	657	1200	0
9	138	624	1725	2551	49016	0.0	0	0	657	1200	0
9	93	317	258	696	11960	281.0	0	0	657	1200	0
9	94	318	251	690	11564	287.0	0	0	657	1200	0
9	93	316	250	685	11632	285.0	0	0	657	1200	0
9	94	318	251	689	11564	287.0	0	0	657	1200	0
9	93	316	249	685	11591	286.0	0	0	657	1200	0
10	93	315	249	684	11591	284.0	0	0	789	1200	1
10	106	402	658	1203	25041	118.0	0	0	789	1200	1
10	141	651	1865	2724	51785	0.0	0	0	789	1200	1
10	141	653	1866	2728	51812	0.0	0	0	789	1200	1
10	141	651	1867	2727	51839	0.0	0	0	789	1200	1
10	141	653	1866	2729	51812	0.0	0	0	789	1200	1
10	141	651	1865	2725	51785	0.0	0	0	789	1200	1
10	142	654	1871	2734	51591	0.0	0	0	789	1200	1
10	141	650	1862	2721	51704	0.0	0	0	789	1200	1
10	141	650	1854	2713	51488	0.0	0	0	789	1200	1
10	141	649	1854	2711	51488	0.0	0	0	789	1200	1
10	141	650	1853	2711	51461	0.0	0	0	789	1200	1
10	141	649	1853	2710	51461	0.0	0	0	789	1200	1
10	141	651	1855	2715	51515	0.0	0	0	789	1200	1
10	141	649	1851	2708	51407	0.0	0	0	789	1200	1
10	141	650	1855	2714	51515	0.0	0	0	789	1200	1
10	141	649	1852	2709	51434	0.0	0	0	789	1200	1
10	141	650	1852	2711	51434	0.0	0	0	789	1200	1
10	141	650	1852	2711	51434	0.0	0	0	789	1200	1
10	141	651	1865	2725	51785	0.0	0	0	789	1200	1
10	141	653	1870	2732	51920	0.0	0	0	789	1200	1
10	141	651	1866	2726	51812	0.0	0	0	789	1200	1
10	141	652	1866	2727	51812	0.0	0	0	789	1200	1
10	141	652	1869	2730	51893	0.0	0	0	789	1200	1
10	141	651	1864	2724	51758	0.0	0	0	789	1200	1
10	141	652	1867	2728	51839	0.0	0	0	789	1200	1
10	141	653	1869	2731	51893	0.0	0	0	789	1200	1
10	141	652	1865	2726	51785	0.0	0	0	789	1200	0
10	141	653	1869	2732	51893	0.0	0	0	789	1200	0
10	97	347	397	873	16984	225.0	0	0	789	1200	0
10	93	316	250	686	11632	285.0	0	0	789	1200	0
10	93	317	250	687	11632	287.0	0	0	789	1200	0
10	93	317	250	687	11632	287.0	0	0	789	1200	0
10	93	317	250	687	11632	287.0	0	0	789	1200	0
11	93	317	250	687	11632	287.0	0	0	921	1200	1
11	93	317	250	688	11632	287.0	0	0	921	1200	1
11	104	390	1983	1130	1467	0.0	0	0	921	1200	1
11	145	676	1980	2871	53417	0.0	0	0	921	1200	1
11	145	677	1982	2875	53469	0.0	0	0	921	1200	1
11	145	676	1982	2874	53469	0.0	0	0	921	1200	1
11	145	677	1981	2874	53443	0.0	0	0	921	1200	1
11	145	676	1982	2874	53469	0.0	0	0	921	1200	1
11	145	679	1992	2887	53732	0.0	0	0	921	1200	1
11	145	677	1988	2881	53627	0.0	0	0	921	1200	1
11	145	679	1994	2889	53785	0.0	0	0	921	1200	1
11	145	677	1989	2882	53653	0.0	0	0	921	1200	1
11	145	679	1991	2885	53706	0.0	0	0	921	1200	1
11	145	678	1993	2886	53758	0.0	0	0	921	1200	1
11	145	678	1988	2882	53627	0.0	0	0	921	1200	1
11	145	677	1991	2884	53706	0.0	0	0	921	1200	1
11	145	679	1992	2887	53732	0.0	0	0	921	1200	1
11	145	676	1988	2880	53627	0.0	0	0	921	1200	1
11	145	679	1994	2889	53785	0.0	0	0	921	1200	1
11	144	675	1982	2872	53831	0.0	0	0	921	1200	1
11	145	676	1981	2873	53443	0.0	0	0	921	1200	1
11	145	676	1980	2872	53417	0.0	0	0	921	1200	1
11	144	675	1981	2870	53804	0.0	0	0	921	1200	1
11	145	677	1983	2875	53496	0.0	0	0	921	1200	1
11	144	675	1979	2868	53752	0.0	0	0	921	1200	1
11	145	677	1983	2876	53496	0.0	0	0	921	1200	1
11	144	675	1980	2869	53778	0.0	0	0	921	1200	1
11	145	676	1980	2872	53417	0.0	0	0	921	1200	0
11	144	675	1981	2871	53804	0.0	0	0	921	1200	0
11	97	344	381	853	16356	232.0	0	0	921	1200	0
11	93	315	249	684	11591	284.0	0	0	921	1200	0
11	93	317	250	688	11632	287.0	0	0	921	1200	0
11	93	315	249	684	11591	284.0	0	0	921	1200	0
11	93	317	250	688	11632	287.0	0	0	921	1200	0
12	93	315	249	684	11591	284.0	0	0	1052	1200	1
12	93	317	251	689	11673	286.0	0	0	1052	1200	1
12	105	399	654	1195	25121	117.0	0	0	1052	1200	1
12	149	704	2110	3037	55344	0.0	0	0	1052	1200	1
12	148	701	2106	3029	55606	0.0	0	0	1052	1200	1
12	148	701	2108	3031	55657	0.0	0	0	1052	1200	1
12	149	703	2107	3033	55267	0.0	0	0	1052	1200	1
12	148	701	2109	3033	55683	0.0	0	0	1052	1200	1
12	149	704	2114	3040	55446	0.0	0	0	1052	1200	1
12	148	702	2111	3035	55734	0.0	0	0	1052	1200	1
12	149	705	2116	3044	55498	0.0	0	0	1052	1200	1
12	148	702	2111	3035	55734	0.0	0	0	1052	1200	1
12	149	704	2112	3039	55395	0.0	0	0	1052	1200	1
12	148	703	2115	3041	55837	0.0	0	0	1052	1200	1
12	149	704	2112	3039	55395	0.0	0	0	1052	1200	1
12	148	702	2113	3037	55786	0.0	0	0	1052	1200	1
12	149	704	2115	3043	55472	0.0	0	0	1052	1200	1
12	148	702	2111	3036	55734	0.0	0	0	1052	1200	1
12	149	704	2114	3042	55446	0.0	0	0	1052	1200	1
12	148	703	2112	3037	55760	0.0	0	0	1052	1200	1
12	149	703	2108	3033	55293	0.0	0	0	1052	1200	1
12	148	702	2110	3034	55709	0.0	0	0	1052	1200	1
12	149	703	2108	3033	55293	0.0	0	0	1052	1200	1
12	149	703	2110	3036	55344	0.0	0	0	1052	1200	1
12	148	702	2107	3031	55632	0.0	0	0	1052	1200	1
12	148	702	2107	3031	55632	0.0	0	0	1052	1200	1
12	148	702	2110	3035	55709	0.0	0	0	1052	1200	1
12	148	702	2106	3031	55606	0.0	0	0	1052	1200	0
12	148	702	2107	3032	55632	0.0	0	0	1052	1200	0
12	95	331	321	777	14264	256.0	0	0	1052	1200	0
12	93	316	250	686	11632	285.0	0	0	1052	1200	0
12	93	316	250	686	11632	285.0	0	0	1052	1200	0
12	93	316	250	687	11632	285.0	0	0	1052	1200	0
12	93	316	250	686	11632	285.0	0	0	1052	1200	0
13	93	317	250	687	11632	287.0	0	0	1184	1200	1
13	93	316	250	686	11632	285.0	0	0	1184	1200	1
13	104	389	596	1124	23225	144.0	0	0	1184	1200	1
13	152	729	2239	3197	57513	0.0	0	0	1184	1200	1
13	152	729	2237	3195	57463	0.0	0	0	1184	1200	1
13	152	728	2235	3191	57413	0.0	0	0	1184	1200	1
13	152	730	2240	3199	57538	0.0	0	0	1184	1200	1
13	152	729	2235	3194	57413	0.0	0	0	1184	1200	1
13	152	729	2239	3197	57513	0.0	0	0	1184	1200	1
13	152	729	2235	3194	57413	0.0	0	0	1184	1200	1
13	152	727	2234	3191	57387	0.0	0	0	1184	1200	1
13	152	730	2239	3199	57513	0.0	0	0	1184	1200	1
13	152	727	2234	3190	57387	0.0	0	0	1184	1200	1
13	152	729	2236	3194	57438	0.0	0	0	1184	1200	1
13	152	728	2238	3195	57488	0.0	0	0	1184	1200	1
13	152	729	2235	3193	57413	0.0	0	0	1184	1200	1
13	152	727	2234	3191	57387	0.0	0	0	1184	1200	1
13	153	730	2239	3199	57146	0.0	0	0	1184	1200	1
13	152	727	2233	3189	57362	0.0	0	0	1184	1200	1
13	152	729	2236	3195	57438	0.0	0	0	1184	1200	1
13	152	728	2237	3195	57463	0.0	0	0	1184	1200	1
13	152	729	2235	3194	57413	0.0	0	0	1184	1200	1
13	152	727	2235	3192	57413	0.0	0	0	1184	1200	1
13	153	730	2239	3199	57146	0.0	0	0	1184	1200	1
13	152	727	2234	3190	57387	0.0	0	0	1184	1200	1
13	152	728	2237	3197	57463	0.0	0	0	1184	1200	1
13	152	729	2235	3194	57413	0.0	0	0	1184	1200	1
13	152	728	2237	3193	57463	0.0	0	0	1184	1200	0
13	153	730	2238	3197	57121	0.0	0	0	1184	1200	0
13	99	358	455	943	18901	199.0	0	0	1184	1200	0
13	93	317	250	688	11632	287.0	0	0	1184	1200	0
13	93	315	249	683	11591	284.0	0	0	1184	1200	0
13	93	317	250	688	11632	287.0	0	0	1184	1200	0
13	93	315	249	683	11591	284.0	0	0	1184	1200	0
14	93	317	250	688	11632	287.0	0	0	1315	1200	1
14	93	315	249	683	11591	284.0	0	0	1315	1200	1
14	107	413	711	1270	26707	96.0	0	0	1315	1200	1
14	156	754	2363	3353	59102	0.0	0	0	1315	1200	1
14	156	755	2362	3354	59078	0.0	0	0	1315	1200	1
14	156	754	2363	3353	59102	0.0	0	0	1315	1200	1
14	156	756	2366	3359	59176	0.0	0	0	1315	1200	1
14	156	753	2361	3350	59053	0.0	0	0	1315	1200	1
14	156	756	2364	3357	59127	0.0	0	0	1315	1200	1
14	156	754	2363	3353	59102	0.0	0	0	1315	1200	1
14	156	754	2359	3349	59005	0.0	0	0	1315	1200	1
14	156	756	2362	3355	59078	0.0	0	0	1315	1200	1
14	156	753	2357	3346	58956	0.0	0	0	1315	1200	1
14	156	755	2359	3351	59005	0.0	0	0	1315	1200	1
14	156	754	2361	3352	59053	0.0	0	0	1315	1200	1
14	156	755	2358	3350	58980	0.0	0	0	1315	1200	1
14	156	753	2358	3347	58980	0.0	0	0	1315	1200	1
14	156	756	2363	3355	59102	0.0	0	0	1315	1200	1
14	156	753	2357	3346	58956	0.0	0	0	1315	1200	1
14	156	755	2358	3349	58980	0.0	0	0	1315	1200	1
14	156	755	2365	3356	59151	0.0	0	0	1315	1200	1
14	156	756	2364	3356	59127	0.0	0	0	1315	1200	1
14	156	754	2361	3350	59053	0.0	0	0	1315	1200	1
14	156	756	2366	3358	59176	0.0	0	0	1315	1200	1
14	156	754	2362	3353	59078	0.0	0	0	1315	1200	1
14	156	755	2361	3353	59053	0.0	0	0	1315	1200	1
14	156	754	2364	3355	59127	0.0	0	0	1315	1200	1
14	156	756	2365	3357	59151	0.0	0	0	1315	1200	1
14	156	755	2364	3356	59127	0.0	0	0	1315	1200	0
14	100	365	488	986	19983	186.0	0	0	1315	1200	0
14	93	317	250	687	11632	287.0	0	0	1315	1200	0
14	93	316	249	685	11591	286.0	0	0	1315	1200	0
14	93	316	250	687	11632	285.0	0	0	1315	1200	0
14	93	316	249	685	11591	286.0	0	0	1315	1200	0
15	93	316	250	687	11632	285.0	0	0	1447	1200	1
15	93	316	249	685	11591	286.0	0	0	1447	1200	1
15	108	418	742	1308	27567	81.0	0	0	1447	1200	1
15	160	781	2490	3514	60684	0.0	0	0	1447	1200	1
15	160	782	2495	3521	60803	0.0	0	0	1447	1200	1
15	160	781	2491	3516	60707	0.0	0	0	1447	1200	1
15	160	781	2490	3514	60684	0.0	0	0	1447	1200	1
15	160	782	2494	3519	60779	0.0	0	0	1447	1200	1
15	160	781	2492	3517	60731	0.0	0	0	1447	1200	1
15	160	781	2489	3513	60660	0.0	0	0	1447	1200	1
15	160	780	2484	3507	60541	0.0	0	0	1447	1200	1
15	160	780	2484	3507	60541	0.0	0	0	1447	1200	1
15	160	780	2483	3506	60517	0.0	0	0	1447	1200	1
15	160	780	2485	3509	60565	0.0	0	0	1447	1200	1
15	160	779	2481	3504	60469	0.0	0	0	1447	1200	1
15	160	779	2481	3504	60469	0.0	0	0	1447	1200	1
15	160	780	2485	3509	60565	0.0	0	0	1447	1200	1
15	159	779	2481	3503	60841	0.0	0	0	1447	1200	1
15	160	780	2482	3505	60493	0.0	0	0	1447	1200	1
15	160	780	2485	3508	60565	0.0	0	0	1447	1200	1
15	160	781	2488	3513	60636	0.0	0	0	1447	1200	1
15	160	781	2489	3513	60660	0.0	0	0	1447	1200	1
15	160	782	2493	3519	60755	0.0	0	0	1447	1200	1
15	160	781	2491	3516	60707	0.0	0	0	1447	1200	1
15	160	781	2489	3515	60660	0.0	0	0	1447	1200	1
15	160	781	2492	3517	60731	0.0	0	0	1447	1200	1
15	160	782	2492	3518	60731	0.0	0	0	1447	1200	1
15	160	780	2489	3513	60660	0.0	0	0	1447	1200	1
15	160	782	2491	3517	60707	0.0	0	0	1447	1200	0
15	160	781	2493	3518	60755	0.0	0	0	1447	1200	0
15	93	315	249	685	11591	284.0	0	0	1447	1200	0
15	93	317	250	688	11632	287.0	0	0	1447	1200	0
15	93	315	249	684	11591	284.0	0	0	1447	1200	0
15	93	317	250	688	11632	287.0	0	0	1447	1200	0
15	93	315	249	684	11591	284.0	0	0	1447	1200	0
16	93	317	250	688	11632	287.0	0	0	1578	1200	1
16	101	370	516	1021	20855	173.0	0	0	1578	1200	1
16	164	807	2609	3667	62002	0.0	0	0	1578	1200	1
16	163	804	2605	3659	62280	0.0	0	0	1578	1200	1
16	164	806	2605	3661	61909	0.0	0	0	1578	1200	1
16	163	805	2608	3663	62351	0.0	0	0	1578	1200	1
16	164	806	2606	3663	61932	0.0	0	0	1578	1200	1
16	163	804	2603	3657	62234	0.0	0	0	1578	1200	1
16	164	807	2611	3669	62048	0.0	0	0	1578	1200	1
16	163	804	2605	3659	62280	0.0	0	0	1578	1200	1
16	164	809	2618	3678	62211	0.0	0	0	1578	1200	1
16	163	807	2620	3678	62631	0.0	0	0	1578	1200	1
16	164	809	2619	3679	62234	0.0	0	0	1578	1200	1
16	164	809	2622	3683	62304	0.0	0	0	1578	1200	1
16	163	807	2619	3677	62608	0.0	0	0	1578	1200	1
16	164	808	2616	3675	62165	0.0	0	0	1578	1200	1
16	163	807	2619	3677	62608	0.0	0	0	1578	1200	1
16	164	810	2622	3683	62304	0.0	0	0	1578	1200	1
16	163	807	2616	3673	62537	0.0	0	0	1578	1200	1
16	164	809	2620	3681	62258	0.0	0	0	1578	1200	1
16	163	808	2621	3679	62654	0.0	0	0	1578	1200	1
16	164	806	2605	3661	61909	0.0	0	0	1578	1200	1
16	163	804	2605	3659	62280	0.0	0	0	1578	1200	1
16	164	806	2608	3666	61979	0.0	0	0	1578	1200	1
16	163	803	2603	3656	62234	0.0	0	0	1578	1200	1
16	164	806	2606	3663	61932	0.0	0	0	1578	1200	1
16	163	805	2607	3662	62327	0.0	0	0	1578	1200	1
16	164	806	2605	3662	61909	0.0	0	0	1578	1200	0
16	163	805	2605	3660	62280	0.0	0	0	1578	1200	0
16	102	378	540	1054	21561	168.0	0	0	1578	1200	0
16	93	315	249	685	11591	284.0	0	0	1578	1200	0
16	93	315	249	689	11591	284.0	0	0	1578	1200	0
16	93	318	251	689	11673	288.0	0	0	1578	1200	0
16	93	316	249	685	11591	286.0	0	0	1578	1200	0
17	93	317	251	689	11673	286.0	0	0	1710	1200	1
17	108	418	745	1311	27672	79.0	0	0	1710	1200	1
17	168	836	2749	3844	63734	0.0	0	0	1710	1200	1
17	168	835	2752	3845	63802	0.0	0	0	1710	1200	1
17	168	836	2747	3842	63689	0.0	0	0	1710	1200	1
17	167	834	2746	3838	64039	0.0	0	0	1710	1200	1
17	168	837	2752	3848	63802	0.0	0	0	1710	1200	1
17	168	834	2746	3838	63666	0.0	0	0	1710	1200	1
17	168	837	2750	3846	63757	0.0	0	0	1710	1200	1
17	167	833	2740	3831	63902	0.0	0	0	1710	1200	1
17	167	832	2730	3819	63674	0.0	0	0	1710	1200	1
17	167	832	2733	3822	63742	0.0	0	0	1710	1200	1
17	167	832	2731	3821	63697	0.0	0	0	1710	1200	1
17	167	831	2729	3817	63651	0.0	0	0	1710	1200	1
17	168	833	2734	3824	63394	0.0	0	0	1710	1200	1
17	167	831	2729	3818	63651	0.0	0	0	1710	1200	1
17	167	832	2733	3823	63742	0.0	0	0	1710	1200	1
17	167	832	2731	3821	63697	0.0	0	0	1710	1200	1
17	167	832	2732	3821	63719	0.0	0	0	1710	1200	1
17	167	832	2732	3822	63719	0.0	0	0	1710	1200	1
17	168	835	2746	3839	63666	0.0	0	0	1710	1200	1
17	168	836	2750	3844	63757	0.0	0	0	1710	1200	1
17	168	835	2750	3843	63757	0.0	0	0	1710	1200	1
17	168	835	2746	3839	63666	0.0	0	0	1710	1200	1
17	168	836	2751	3845	63779	0.0	0	0	1710	1200	1
17	168	835	2747	3840	63689	0.0	0	0	1710	1200	1
17	168	835	2746	3840	63666	0.0	0	0	1710	1200	1
17	168	836	2752	3846	63802	0.0	0	0	1710	1200	0
17	168	835	2748	3842	63711	0.0	0	0	1710	1200	0
17	105	399	648	1190	24904	121.0	0	0	1710	1200	0
17	93	317	250	688	11632	287.0	0	0	1710	1200	0
17	93	316	250	686	11632	285.0	0	0	1710	1200	0
17	93	317	250	688	11632	287.0	0	0	1710	1200	0
17	93	316	250	686	11632	285.0	0	0	1710	1200	0
18	93	316	250	686	11632	285.0	0	0	1842	1200	1
18	109	427	781	1359	28690	66.0	0	0	1842	1200	1
18	171	861	2875	4001	65448	0.0	0	0	1842	1200	1
18	172	863	2877	4005	65119	0.0	0	0	1842	1200	1
18	172	862	2881	4008	65208	0.0	0	0	1842	1200	1
18	172	863	2876	4005	65097	0.0	0	0	1842	1200	1
18	171	862	2878	4005	65514	0.0	0	0	1842	1200	1
18	172	864	2882	4012	65230	0.0	0	0	1842	1200	1
18	171	861	2875	4002	65448	0.0	0	0	1842	1200	1
18	172	862	2872	4000	65009	0.0	0	0	1842	1200	1
18	171	858	2856	3978	65024	0.0	0	0	1842	1200	1
18	171	859	2858	3982	65069	0.0	0	0	1842	1200	1
18	171	858	2857	3980	65046	0.0	0	0	1842	1200	1
18	171	859	2857	3981	65046	0.0	0	0	1842	1200	1
18	171	856	2853	3973	64957	0.0	0	0	1842	1200	1
18	171	859	2859	3983	65091	0.0	0	0	1842	1200	1
18	171	857	2855	3975	65002	0.0	0	0	1842	1200	1
18	171	858	2855	3977	65002	0.0	0	0	1842	1200	1
18	171	859	2856	3978	65024	0.0	0	0	1842	1200	1
18	171	857	2856	3976	65024	0.0	0	0	1842	1200	1
18	172	864	2881	4011	65208	0.0	0	0	1842	1200	1
18	171	862	2879	4005	1	0.0	0	0	1842	1200	1
18	172	863	2877	4006	65119	0.0	0	0	1842	1200	1
18	172	862	2880	4008	65186	0.0	0	0	1842	1200	1
18	172	864	2880	4010	65186	0.0	0	0	1842	1200	1
18	171	861	2875	4001	65448	0.0	0	0	1842	1200	1
18	172	864	2882	4013	65230	0.0	0	0	1842	1200	1
18	171	861	2875	4001	65448	0.0	0	0	1842	1200	0
18	172	863	2877	4005	65119	0.0	0	0	1842	1200	0
18	104	392	618	1150	24031	132.0	0	0	1842	1200	0
18	93	318	251	690	11673	288.0	0	0	1842	1200	0
18	93	316	249	685	11591	286.0	0	0	1842	1200	0
18	93	318	251	690	11673	288.0	0	0	1842	1200	0
18	93	316	249	685	11591	286.0	0	0	1842	1200	0
19	93	318	251	690	11673	288.0	0	0	1973	1200	1
19	93	316	249	686	11591	286.0	0	0	1973	1200	1
19	174	882	2978	4132	1062	0.0	0	0	1973	1200	1
19	175	885	2983	4140	799	0.0	0	0	1973	1200	1
19	174	883	2978	4131	1062	0.0	0	0	1973	1200	1
19	175	885	2980	4137	733	0.0	0	0	1973	1200	1
19	174	884	2982	4137	1150	0.0	0	0	1973	1200	1
19	175	884	2979	4135	712	0.0	0	0	1973	1200	1
19	174	883	2979	4133	1084	0.0	0	0	1973	1200	1
19	175	885	2983	4139	799	0.0	0	0	1973	1200	1
19	174	883	2981	4135	1128	0.0	0	0	1973	1200	1
19	176	890	3007	4169	949	0.0	0	0	1973	1200	1
19	175	889	3011	4173	1408	0.0	0	0	1973	1200	1
19	176	890	3007	4169	949	0.0	0	0	1973	1200	1
19	175	888	3006	4167	1299	0.0	0	0	1973	1200	1
19	176	891	3012	4176	1057	0.0	0	0	1973	1200	1
19	175	889	3006	4167	1299	0.0	0	0	1973	1200	1
19	176	890	3007	4169	949	0.0	0	0	1973	1200	1
19	175	889	3008	4170	1343	0.0	0	0	1973	1200	1
19	175	890	3007	4169	1321	0.0	0	0	1973	1200	1
19	176	890	3011	4166	1036	0.0	0	0	1973	1200	1
19	175	888	3005	4166	1278	0.0	0	0	1973	1200	1
19	175	884	2980	4135	733	0.0	0	0	1973	1200	1
19	174	884	2982	4136	1150	0.0	0	0	1973	1200	1
19	175	883	2978	4132	690	0.0	0	0	1973	1200	1
19	175	884	2983	4139	799	0.0	0	0	1973	1200	1
19	175	884	2982	4137	777	0.0	0	0	1973	1200	1
19	175	883	2978	4132	690	0.0	0	0	1973	1200	0
19	175	884	2980	4135	733	0.0	0	0	1973	1200	0
19	104	390	604	1135	23518	139.0	0	0	1973	1200	0
19	93	317	250	688	11632	287.0	0	0	1973	1200	0
19	93	317	250	687	11632	287.0	0	0	1973	1200	0
19	93	316	250	687	11632	285.0	0	0	1973	1200	0
19	93	317	250	688	11632	287.0	0	0	1973	1200	0
20	93	316	250	687	11632	285.0	0	0	2105	1200	1
20	93	317	250	688	11632	287.0	0	0	2105	1200	1
20	108	420	750	1318	27849	78.0	0	0	2105	1200	1
20	180	917	3138	4335	2276	0.0	0	0	2105	1200	1
20	179	916	3136	4333	2604	0.0	0	0	2105	1200	1
20	179	916	3138	4334	2647	0.0	0	0	2105	1200	1
20	180	918	3141	4339	2339	0.0	0	0	2105	1200	1
20	179	915	3131	4325	2498	0.0	0	0	2105	1200	1
20	180	917	3140	4337	2318	0.0	0	0	2105	1200	1
20	179	916	3140	4336	2689	0.0	0	0	2105	1200	1
20	179	910	3105	4293	1944	0.0	0	0	2105	1200	1
20	178	910	3112	4300	2465	0.0	0	0	2105	1200	1
20	179	910	3106	4295	1965	0.0	0	0	2105	1200	1
20	178	909	3104	4290	2294	0.0	0	0	2105	1200	1
20	179	911	3109	4299	2029	0.0	0	0	2105	1200	1
20	178	909	3104	4291	2294	0.0	0	0	2105	1200	1
20	179	910	3105	4293	1944	0.0	0	0	2105	1200	1
20	178	909	3108	4295	2380	0.0	0	0	2105	1200	1
20	179	911	3106	4295	1965	0.0	0	0	2105	1200	1
20	178	909	3103	4289	2273	0.0	0	0	2105	1200	1
20	179	911	3109	4299	2029	0.0	0	0	2105	1200	1
20	178	909	3104	4291	2294	0.0	0	0	2105	1200	1
20	179	917	3135	4332	2583	0.0	0	0	2105	1200	1
20	180	918	3140	4338	2318	0.0	0	0	2105	1200	1
20	179	915	3134	4328	2561	0.0	0	0	2105	1200	1
20	180	918	3140	4339	2318	0.0	0	0	2105	1200	1
20	179	916	3139	4334	2668	0.0	0	0	2105	1200	1
20	180	916	3131	4328	2127	0.0	0	0	2105	1200	0
20	179	916	3138	4334	2647	0.0	0	0	2105	1200	0
20	112	446	868	1470	30918	32.0	0	0	2105	1200	0
20	93	316	250	687	11632	285.0	0	0	2105	1200	0
20	94	318	251	691	11564	287.0	0	0	2105	1200	0
20	93	316	250	686	11632	285.0	0	0	2105	1200	0
20	94	318	251	691	11564	287.0	0	0	2105	1200	0
21	93	316	250	686	11632	285.0	0	0	2236	1200	1
21	94	318	251	691	11564	287.0	0	0	2236	1200	1
21	108	421	757	1327	28096	75.0	0	0	2236	1200	1
21	184	945	3270	4503	3565	0.0	0	0	2236	1200	1
21	183	943	3269	4499	3914	0.0	0	0	2236	1200	1
21	183	944	3266	4497	3852	0.0	0	0	2236	1200	1
21	183	942	3264	4492	3810	0.0	0	0	2236	1200	1
21	183	942	3264	4493	3810	0.0	0	0	2236	1200	1
21	184	945	3270	4503	3565	0.0	0	0	2236	1200	1
21	183	942	3265	4494	3831	0.0	0	0	2236	1200	1
21	183	939	3240	4464	3310	0.0	0	0	2236	1200	1
21	182	936	3233	4453	3534	0.0	0	0	2236	1200	1
21	183	937	3232	4455	3144	0.0	0	0	2236	1200	1
21	182	936	3233	4454	3534	0.0	0	0	2236	1200	1
21	183	938	3235	4458	3206	0.0	0	0	2236	1200	1
21	182	935	3230	4450	3472	0.0	0	0	2236	1200	1
21	183	937	3230	4453	3102	0.0	0	0	2236	1200	1
21	182	936	3233	4454	3534	0.0	0	0	2236	1200	1
21	183	937	3231	4453	3123	0.0	0	0	2236	1200	1
21	182	935	3229	4448	3451	0.0	0	0	2236	1200	1
21	183	938	3234	4458	3185	0.0	0	0	2236	1200	1
21	182	935	3229	4448	3451	0.0	0	0	2236	1200	1
21	183	944	3265	4497	3831	0.0	0	0	2236	1200	1
21	183	943	3270	4500	3935	0.0	0	0	2236	1200	1
21	184	945	3269	4501	3544	0.0	0	0	2236	1200	1
21	184	945	3271	4504	3586	0.0	0	0	2236	1200	1
21	183	943	3267	4496	3872	0.0	0	0	2236	1200	1
21	183	944	3266	4497	3852	0.0	0	0	2236	1200	0
21	183	944	3270	4501	3935	0.0	0	0	2236	1200	0
21	111	440	841	1435	30257	42.0	0	0	2236	1200	0
21	93	316	250	687	11632	285.0	0	0	2236	1200	0
21	94	318	251	690	11564	287.0	0	0	2236	1200	0
21	93	317	250	687	11632	287.0	0	0	2236	1200	0
21	94	318	251	690	11564	287.0	0	0	2236	1200	0
22	93	317	250	687	11632	287.0	0	0	2368	1200	1
22	94	318	251	690	11564	287.0	0	0	2368	1200	1
22	97	343	379	850	16277	232.0	0	0	2368	1200	1
22	186	963	3360	4616	4680	0.0	0	0	2368	1200	1
22	186	963	3361	4616	4701	0.0	0	0	2368	1200	1
22	186	963	3359	4614	4660	0.0	0	0	2368	1200	1
22	186	963	3359	4614	4660	0.0	0	0	2368	1200	1
22	186	963	3356	4611	4598	0.0	0	0	2368	1200	1
22	186	962	3358	4613	4639	0.0	0	0	2368	1200	1
22	186	962	3356	4609	4598	0.0	0	0	2368	1200	1
22	186	963	3358	4614	4639	0.0	0	0	2368	1200	1
22	186	963	3359	4614	4660	0.0	0	0	2368	1200	1
22	187	971	3399	4665	5107	0.0	0	0	2368	1200	1
22	187	971	3397	4662	5066	0.0	0	0	2368	1200	1
22	187	972	3402	4669	5168	0.0	0	0	2368	1200	1
22	187	971	3400	4665	5127	0.0	0	0	2368	1200	1
22	187	971	3396	4661	5046	0.0	0	0	2368	1200	1
22	187	972	3401	4667	5148	0.0	0	0	2368	1200	1
22	187	972	3401	4666	5148	0.0	0	0	2368	1200	1
22	187	970	3395	4660	5025	0.0	0	0	2368	1200	1
22	187	970	3395	4660	5025	0.0	0	0	2368	1200	1
22	187	972	3401	4667	5148	0.0	0	0	2368	1200	1
22	187	970	3396	4660	5046	0.0	0	0	2368	1200	1
22	187	970	3394	4658	5005	0.0	0	0	2368	1200	1
22	186	962	3357	4612	4619	0.0	0	0	2368	1200	1
22	186	962	3356	4610	4598	0.0	0	0	2368	1200	1
22	186	962	3358	4612	4639	0.0	0	0	2368	1200	1
22	186	963	3360	4615	4680	0.0	0	0	2368	1200	1
22	186	962	3357	4611	4619	0.0	0	0	2368	1200	0
22	106	406	679	1229	25796	109.0	0	0	2368	1200	0
22	93	318	251	689	11673	288.0	0	0	2368	1200	0
22	93	317	250	688	11632	287.0	0	0	2368	1200	0
22	94	318	251	690	11564	287.0	0	0	2368	1200	0
22	93	317	250	688	11632	287.0	0	0	2368	1200	0
23	94	318	251	690	11564	287.0	0	0	2500	1200	1
23	93	317	250	688	11632	287.0	0	0	2500	1200	1
23	107	408	686	1239	25817	107.0	0	0	2500	1200	1
23	191	998	3529	4828	6250	0.0	0	0	2500	1200	1
23	192	1000	3532	4834	5943	0.0	0	0	2500	1200	1
23	191	999	3535	4835	6369	0.0	0	0	2500	1200	1
23	192	1000	3531	4832	5923	0.0	0	0	2500	1200	1
23	191	999	3531	4831	6290	0.0	0	0	2500	1200	1
23	192	1001	3536	4839	6022	0.0	0	0	2500	1200	1
23	191	999	3530	4830	6270	0.0	0	0	2500	1200	1
23	192	999	3527	4827	5843	0.0	0	0	2500	1200	1
23	191	1000	3485	4835	5372	0.0	0	0	2500	1200	1
23	190	989	3486	4773	5758	0.0	0	0	2500	1200	1
23	191	993	3494	4787	5552	0.0	0	0	2500	1200	1
23	190	989	3483	4771	5698	0.0	0	0	2500	1200	1
23	191	991	3486	4777	5392	0.0	0	0	2500	1200	1
23	190	990	3488	4776	5798	0.0	0	0	2500	1200	1
23	191	992	3490	4782	5472	0.0	0	0	2500	1200	1
23	190	990	3485	4773	5738	0.0	0	0	2500	1200	1
23	191	992	3489	4781	5452	0.0	0	0	2500	1200	1
23	190	989	3483	4771	5698	0.0	0	0	2500	1200	1
23	191	992	3487	4778	5412	0.0	0	0	2500	1200	1
23	190	990	3487	4776	5778	0.0	0	0	2500	1200	1
23	192	1001	3532	4836	5943	0.0	0	0	2500	1200	1
23	191	999	3530	4830	6270	0.0	0	0	2500	1200	1
23	192	1002	3536	4840	6022	0.0	0	0	2500	1200	1
23	191	999	3531	4831	6290	0.0	0	0	2500	1200	1
23	192	1001	3531	4833	5923	0.0	0	0	2500	1200	1
