Stim	R	G	B	C	Temp	HueLux	Yellow	Red	Blue	Blue2	Trig
1	177	97	103	368	3571	20.0	0	0	0	0	1
1	178	98	104	370	3571	20.0	0	0	0	0	1
1	177	97	103	368	3571	20.0	0	0	0	0	1
1	179	98	104	371	3558	20.0	0	0	0	0	1
1	178	97	103	369	3558	19.0	0	0	0	0	1
1	179	98	104	371	3558	20.0	0	0	0	0	1
1	178	97	103	369	3558	19.0	0	0	0	0	1
1	179	98	104	371	3558	20.0	0	0	0	0	1
1	178	98	104	369	3571	20.0	0	0	0	0	1
1	177	97	103	369	3571	20.0	0	0	0	0	1
1	179	98	104	371	3558	20.0	0	0	0	0	1
1	178	97	103	369	3558	19.0	0	0	0	0	1
1	179	98	104	371	3558	20.0	0	0	0	0	1
1	177	97	103	369	3571	20.0	0	0	0	0	1
1	178	98	104	371	3580	20.0	0	0	0	0	1
1	177	97	103	368	3571	20.0	0	0	0	0	1
1	178	98	104	371	3580	20.0	0	0	0	0	1
1	177	97	103	368	3571	20.0	0	0	0	0	1
1	178	98	104	371	3580	20.0	0	0	0	0	1
1	177	97	103	368	3571	20.0	0	0	0	0	1
1	178	98	104	371	3580	20.0	0	0	0	0	1
1	177	97	103	368	3571	20.0	0	0	0	0	1
1	178	98	104	371	3580	20.0	0	0	0	0	1
1	177	97	103	368	3571	20.0	0	0	0	0	1
1	178	98	104	371	3580	20.0	0	0	0	0	1
1	177	97	103	369	3571	20.0	0	0	0	0	1
1	179	98	104	371	3558	20.0	0	0	0	0	1
1	179	98	104	371	3558	20.0	0	0	0	0	0
1	178	97	103	369	3558	19.0	0	0	0	0	0
1	179	98	104	371	3558	20.0	0	0	0	0	0
1	178	97	103	369	3558	19.0	0	0	0	0	0
1	179	98	104	371	3558	20.0	0	0	0	0	0
1	178	97	103	369	3558	19.0	0	0	0	0	0
1	179	98	104	371	3558	20.0	0	0	0	0	0
2	178	97	103	369	3558	19.0	0	0	0	0	1
2	179	98	104	371	3558	20.0	0	0	0	0	1
2	178	97	103	369	3558	19.0	0	0	0	0	1
2	179	98	104	371	3558	20.0	0	0	0	0	1
2	178	97	103	369	3558	19.0	0	0	0	0	1
2	179	98	104	371	3558	20.0	0	0	0	0	1
2	178	97	103	369	3558	19.0	0	0	0	0	1
2	179	98	104	371	3558	20.0	0	0	0	0	1
2	178	97	103	369	3558	19.0	0	0	0	0	1
2	179	98	104	371	3558	20.0	0	0	0	0	1
2	178	97	103	369	3558	19.0	0	0	0	0	1
2	178	97	103	369	3558	19.0	0	0	0	0	1
2	179	98	104	371	3558	20.0	0	0	0	0	1
2	178	97	103	370	3558	19.0	0	0	0	0	1
2	179	98	104	371	3558	20.0	0	0	0	0	1
2	178	97	103	369	3558	19.0	0	0	0	0	1
2	179	98	104	371	3558	20.0	0	0	0	0	1
2	178	97	103	369	3558	19.0	0	0	0	0	1
2	179	98	104	371	3558	20.0	0	0	0	0	1
2	178	97	103	369	3558	19.0	0	0	0	0	1
2	179	98	104	371	3558	20.0	0	0	0	0	1
2	178	97	103	370	3558	19.0	0	0	0	0	1
2	179	98	104	371	3558	20.0	0	0	0	0	1
2	178	97	104	370	3580	19.0	0	0	0	0	1
2	179	98	104	371	3558	20.0	0	0	0	0	1
2	179	97	104	370	3558	18.0	0	0	0	0	1
2	179	98	104	372	3568	20.0	0	0	0	0	1
2	179	97	104	371	3568	18.0	0	0	0	0	0
2	179	98	104	372	3568	20.0	0	0	0	0	0
2	179	98	104	371	3558	20.0	0	0	0	0	0
2	179	97	104	370	3558	18.0	0	0	0	0	0
2	179	98	104	371	3558	20.0	0	0	0	0	0
2	179	97	104	371	3568	18.0	0	0	0	0	0
2	179	98	104	371	3558	20.0	0	0	0	0	0
3	179	97	104	371	3568	18.0	0	0	0	0	1
3	179	98	104	371	3558	20.0	0	0	0	0	1
3	179	97	104	371	3568	18.0	0	0	0	0	1
3	179	98	104	371	3558	20.0	0	0	0	0	1
3	179	97	104	371	3568	18.0	0	0	0	0	1
3	179	98	104	371	3558	20.0	0	0	0	0	1
3	179	97	104	371	3568	18.0	0	0	0	0	1
3	179	98	104	371	3558	20.0	0	0	0	0	1
3	179	97	104	371	3568	18.0	0	0	0	0	1
3	179	98	104	371	3558	20.0	0	0	0	0	1
3	179	97	104	371	3568	18.0	0	0	0	0	1
3	179	98	104	371	3558	20.0	0	0	0	0	1
3	179	98	104	371	3558	20.0	0	0	0	0	1
3	179	98	104	371	3558	20.0	0	0	0	0	1
3	179	98	104	371	3558	20.0	0	0	0	0	1
3	179	98	104	371	3558	20.0	0	0	0	0	1
3	179	97	104	371	3568	18.0	0	0	0	0	1
3	179	98	104	371	3558	20.0	0	0	0	0	1
3	179	97	104	371	3568	18.0	0	0	0	0	1
3	179	98	104	371	3558	20.0	0	0	0	0	1
3	179	97	104	371	3568	18.0	0	0	0	0	1
3	179	98	104	371	3558	20.0	0	0	0	0	1
3	179	97	104	371	3568	18.0	0	0	0	0	1
3	179	98	104	371	3558	20.0	0	0	0	0	1
3	179	97	104	371	3568	18.0	0	0	0	0	1
3	179	98	104	371	3558	20.0	0	0	0	0	1
3	179	97	104	371	3568	18.0	0	0	0	0	1
3	179	98	104	371	3558	20.0	0	0	0	0	0
3	179	97	104	370	3558	18.0	0	0	0	0	0
3	179	98	104	371	3558	20.0	0	0	0	0	0
3	179	97	104	370	3558	18.0	0	0	0	0	0
3	179	97	104	370	3558	18.0	0	0	0	0	0
3	179	98	104	372	3568	20.0	0	0	0	0	0
3	179	97	104	371	3568	18.0	0	0	0	0	0
4	179	98	104	372	3568	20.0	0	0	0	0	1
4	179	97	104	371	3568	18.0	0	0	0	0	1
4	179	98	104	372	3568	20.0	0	0	0	0	1
4	179	97	104	370	3558	18.0	0	0	0	0	1
4	179	98	104	372	3568	20.0	0	0	0	0	1
4	179	97	104	370	3558	18.0	0	0	0	0	1
4	179	98	104	372	3568	20.0	0	0	0	0	1
4	179	97	104	370	3558	18.0	0	0	0	0	1
4	179	98	104	372	3568	20.0	0	0	0	0	1
4	178	97	103	370	3558	19.0	0	0	0	0	1
4	179	98	104	372	3568	20.0	0	0	0	0	1
4	178	97	103	370	3558	19.0	0	0	0	0	1
4	179	98	104	372	3568	20.0	0	0	0	0	1
4	178	97	103	370	3558	19.0	0	0	0	0	1
4	179	98	104	372	3568	20.0	0	0	0	0	1
4	178	98	104	370	3571	20.0	0	0	0	0	1
4	178	97	103	370	3558	19.0	0	0	0	0	1
4	179	98	104	372	3568	20.0	0	0	0	0	1
4	178	97	103	370	3558	19.0	0	0	0	0	1
4	179	98	104	372	3568	20.0	0	0	0	0	1
4	178	97	103	370	3558	19.0	0	0	0	0	1
4	179	98	104	372	3568	20.0	0	0	0	0	1
4	178	97	103	370	3558	19.0	0	0	0	0	1
4	179	98	104	372	3568	20.0	0	0	0	0	1
4	178	97	103	370	3558	19.0	0	0	0	0	1
4	179	98	104	372	3568	20.0	0	0	0	0	1
4	178	97	103	370	3558	19.0	0	0	0	0	1
4	179	98	104	372	3568	20.0	0	0	0	0	0
4	178	97	103	370	3558	19.0	0	0	0	0	0
4	179	98	104	372	3568	20.0	0	0	0	0	0
4	178	97	103	370	3558	19.0	0	0	0	0	0
4	179	98	104	372	3568	20.0	0	0	0	0	0
4	178	97	103	370	3558	19.0	0	0	0	0	0
4	179	98	104	372	3568	20.0	0	0	0	0	0
5	179	98	104	372	3568	20.0	0	0	131	0	1
5	178	97	103	370	3558	19.0	0	0	131	0	1
5	180	98	106	374	3589	18.0	0	0	131	0	1
5	179	98	106	372	3602	18.0	0	0	131	0	1
5	180	98	106	375	3599	18.0	0	0	131	0	1
5	178	98	105	372	3602	20.0	0	0	131	0	1
5	180	98	106	375	3599	18.0	0	0	131	0	1
5	179	98	105	372	3580	19.0	0	0	131	0	1
5	180	98	106	375	3599	18.0	0	0	131	0	1
5	178	98	105	372	3602	20.0	0	0	131	0	1
5	180	98	106	375	3599	18.0	0	0	131	0	1
5	179	98	105	372	3580	19.0	0	0	131	0	1
5	180	98	106	375	3599	18.0	0	0	131	0	1
5	179	98	105	372	3580	19.0	0	0	131	0	1
5	180	98	106	375	3599	18.0	0	0	131	0	1
5	179	98	105	372	3580	19.0	0	0	131	0	1
5	180	98	106	375	3599	18.0	0	0	131	0	1
5	179	98	106	373	3602	18.0	0	0	131	0	1
5	179	98	106	373	3602	18.0	0	0	131	0	1
5	180	98	106	375	3599	18.0	0	0	131	0	1
5	179	98	106	373	3602	18.0	0	0	131	0	1
5	180	98	106	375	3599	18.0	0	0	131	0	1
5	179	98	106	373	3602	18.0	0	0	131	0	1
5	180	98	106	375	3599	18.0	0	0	131	0	1
5	179	98	106	373	3602	18.0	0	0	131	0	1
5	180	98	106	375	3599	18.0	0	0	131	0	1
5	179	98	106	373	3602	18.0	0	0	131	0	1
5	180	98	106	375	3599	18.0	0	0	131	0	0
5	179	98	106	373	3602	18.0	0	0	131	0	0
5	180	98	104	373	3555	20.0	0	0	131	0	0
5	179	97	103	370	3546	19.0	0	0	131	0	0
5	180	98	104	372	3546	20.0	0	0	131	0	0
5	179	97	104	370	3558	18.0	0	0	131	0	0
5	180	98	104	372	3546	20.0	0	0	131	0	0
6	179	97	103	370	3546	19.0	0	0	263	0	1
6	180	98	104	372	3546	20.0	0	0	263	0	1
6	180	100	115	387	3793	15.0	0	0	263	0	1
6	180	100	119	389	3872	12.0	0	0	263	0	1
6	181	100	119	391	3866	11.0	0	0	263	0	1
6	180	100	118	389	3858	13.0	0	0	263	0	1
6	181	100	119	391	3866	11.0	0	0	263	0	1
6	180	100	118	389	3858	13.0	0	0	263	0	1
6	181	100	119	391	3866	11.0	0	0	263	0	1
6	180	100	118	389	3858	13.0	0	0	263	0	1
6	181	100	118	391	3844	12.0	0	0	263	0	1
6	180	100	118	389	3858	13.0	0	0	263	0	1
6	181	100	118	390	3844	12.0	0	0	263	0	1
6	180	100	118	389	3858	13.0	0	0	263	0	1
6	181	100	118	390	3844	12.0	0	0	263	0	1
6	180	100	118	389	3858	13.0	0	0	263	0	1
6	181	100	118	390	3844	12.0	0	0	263	0	1
6	180	100	119	390	3880	12.0	0	0	263	0	1
6	181	100	119	391	3866	11.0	0	0	263	0	1
6	180	100	118	390	3858	13.0	0	0	263	0	1
6	180	100	119	390	3880	12.0	0	0	263	0	1
6	180	100	119	391	3880	12.0	0	0	263	0	1
6	180	100	119	390	3880	12.0	0	0	263	0	1
6	181	100	119	391	3866	11.0	0	0	263	0	1
6	180	100	119	390	3880	12.0	0	0	263	0	1
6	181	100	119	391	3866	11.0	0	0	263	0	1
6	180	100	119	390	3880	12.0	0	0	263	0	1
6	180	100	119	391	3880	12.0	0	0	263	0	0
6	180	100	118	389	3858	13.0	0	0	263	0	0
6	179	98	104	372	3568	20.0	0	0	263	0	0
6	179	97	104	371	3568	18.0	0	0	263	0	0
6	179	98	104	372	3568	20.0	0	0	263	0	0
6	179	97	104	370	3558	18.0	0	0	263	0	0
6	179	98	104	371	3558	20.0	0	0	263	0	0
7	179	97	104	371	3568	18.0	0	0	394	0	1
7	179	98	104	371	3558	20.0	0	0	394	0	1
7	179	97	104	371	3568	18.0	0	0	394	0	1
7	181	101	122	395	3931	11.0	0	0	394	0	1
7	181	103	133	408	4167	6.0	0	0	394	0	1
7	181	103	133	408	4167	6.0	0	0	394	0	1
7	181	103	133	409	4167	6.0	0	0	394	0	1
7	181	102	132	407	4146	5.0	0	0	394	0	1
7	181	103	132	407	4146	7.0	0	0	394	0	1
7	181	102	132	407	4146	5.0	0	0	394	0	1
7	181	103	132	407	4146	7.0	0	0	394	0	1
7	181	102	132	407	4146	5.0	0	0	394	0	1
7	181	103	132	407	4146	7.0	0	0	394	0	1
7	181	102	132	407	4146	5.0	0	0	394	0	1
7	181	103	132	407	4146	7.0	0	0	394	0	1
7	181	102	132	407	4146	5.0	0	0	394	0	1
7	181	103	132	407	4146	7.0	0	0	394	0	1
7	181	103	132	407	4146	7.0	0	0	394	0	1
7	181	103	133	408	4167	6.0	0	0	394	0	1
7	181	103	133	409	4167	6.0	0	0	394	0	1
7	181	103	133	409	4167	6.0	0	0	394	0	1
7	181	103	133	409	4167	6.0	0	0	394	0	1
7	181	103	133	409	4167	6.0	0	0	394	0	1
7	181	103	133	409	4167	6.0	0	0	394	0	1
7	181	103	133	409	4167	6.0	0	0	394	0	1
7	181	103	133	409	4167	6.0	0	0	394	0	1
7	181	103	133	409	4167	6.0	0	0	394	0	1
7	181	103	133	408	4167	6.0	0	0	394	0	1
7	181	103	133	409	4167	6.0	0	0	394	0	0
7	179	97	104	371	3568	18.0	0	0	394	0	0
7	179	98	104	371	3558	20.0	0	0	394	0	0
7	179	97	104	371	3568	18.0	0	0	394	0	0
7	179	98	104	371	3558	20.0	0	0	394	0	0
7	179	97	104	370	3558	18.0	0	0	394	0	0
8	179	98	104	371	3558	20.0	0	0	526	0	1
8	179	97	104	371	3568	18.0	0	0	526	0	1
8	179	98	104	371	3558	20.0	0	0	526	0	1
8	181	103	135	411	4210	5.0	0	0	526	0	1
8	183	105	149	429	4477	0.0	0	0	526	0	1
8	182	105	149	428	4494	0.0	0	0	526	0	1
8	183	106	149	429	4477	0.0	0	0	526	0	1
8	183	105	147	427	4434	0.0	0	0	526	0	1
8	182	105	147	426	4451	0.0	0	0	526	0	1
8	183	105	147	427	4434	0.0	0	0	526	0	1
8	182	105	147	426	4451	0.0	0	0	526	0	1
8	183	105	147	427	4434	0.0	0	0	526	0	1
8	182	105	147	426	4451	0.0	0	0	526	0	1
8	183	105	147	427	4434	0.0	0	0	526	0	1
8	182	105	147	426	4451	0.0	0	0	526	0	1
8	183	105	147	427	4434	0.0	0	0	526	0	1
8	182	105	147	426	4451	0.0	0	0	526	0	1
8	183	105	148	427	4456	0.0	0	0	526	0	1
8	182	105	149	428	4494	0.0	0	0	526	0	1
8	183	106	149	429	4477	0.0	0	0	526	0	1
8	182	105	149	428	4494	0.0	0	0	526	0	1
8	183	106	149	430	4477	0.0	0	0	526	0	1
8	182	105	149	428	4494	0.0	0	0	526	0	1
8	183	106	149	429	4477	0.0	0	0	526	0	1
8	182	105	149	428	4494	0.0	0	0	526	0	1
8	182	105	149	428	4494	0.0	0	0	526	0	1
8	183	106	149	430	4477	0.0	0	0	526	0	1
8	182	105	149	428	4494	0.0	0	0	526	0	1
8	183	105	148	428	4456	0.0	0	0	526	0	0
8	179	98	107	375	3633	18.0	0	0	526	0	0
8	179	98	104	372	3568	20.0	0	0	526	0	0
8	179	97	103	370	3546	19.0	0	0	526	0	0
8	179	98	104	372	3568	20.0	0	0	526	0	0
8	179	97	103	370	3546	19.0	0	0	526	0	0
8	179	98	104	372	3568	20.0	0	0	526	0	0
9	178	97	103	370	3558	19.0	0	0	657	0	1
9	179	98	104	372	3568	20.0	0	0	657	0	1
9	182	105	146	424	4430	0.0	0	0	657	0	1
9	184	108	165	450	4801	0.0	0	0	657	0	1
9	183	108	164	448	4798	0.0	0	0	657	0	1
9	184	108	165	450	4801	0.0	0	0	657	0	1
9	183	107	162	445	4756	0.0	0	0	657	0	1
9	184	108	163	447	4756	0.0	0	0	657	0	1
9	184	108	163	447	4756	0.0	0	0	657	0	1
9	183	107	162	445	4756	0.0	0	0	657	0	1
9	184	108	163	447	4756	0.0	0	0	657	0	1
9	183	107	162	445	4756	0.0	0	0	657	0	1
9	184	108	163	447	4756	0.0	0	0	657	0	1
9	183	108	162	445	4754	0.0	0	0	657	0	1
9	184	108	163	447	4756	0.0	0	0	657	0	1
9	183	108	162	445	4754	0.0	0	0	657	0	1
9	184	108	163	448	4758	0.0	0	0	657	0	1
9	183	108	164	448	4798	0.0	0	0	657	0	1
9	184	108	165	450	4801	0.0	0	0	657	0	1
9	183	108	165	448	4817	0.0	0	0	657	0	1
9	184	108	165	450	4801	0.0	0	0	657	0	1
9	183	108	164	448	4798	0.0	0	0	657	0	1
9	184	108	165	450	4801	0.0	0	0	657	0	1
9	183	108	164	448	4798	0.0	0	0	657	0	1
9	184	108	165	450	4801	0.0	0	0	657	0	1
9	183	108	165	448	4817	0.0	0	0	657	0	1
9	183	108	165	448	4817	0.0	0	0	657	0	1
9	184	108	164	449	4780	0.0	0	0	657	0	0
9	178	97	103	370	3558	19.0	0	0	657	0	0
9	179	98	104	372	3568	20.0	0	0	657	0	0
9	178	97	103	370	3558	19.0	0	0	657	0	0
9	179	98	104	372	3568	20.0	0	0	657	0	0
9	178	97	103	370	3558	19.0	0	0	657	0	0
9	179	98	104	372	3568	20.0	0	0	657	0	0
10	178	97	103	370	3558	19.0	0	0	789	0	1
10	179	98	104	372	3568	20.0	0	0	789	0	1
10	182	105	147	426	4451	0.0	0	0	789	0	1
10	185	111	181	471	5117	0.0	0	0	789	0	1
10	184	111	180	468	5116	0.0	0	0	789	0	1
10	185	111	181	471	5117	0.0	0	0	789	0	1
10	184	111	180	468	5116	0.0	0	0	789	0	1
10	185	111	180	469	5096	0.0	0	0	789	0	1
10	184	110	178	465	5074	0.0	0	0	789	0	1
10	185	111	178	467	5054	0.0	0	0	789	0	1
10	185	111	178	465	5053	0.0	0	0	789	0	1
10	184	110	178	465	5074	0.0	0	0	789	0	1
10	185	111	178	467	5054	0.0	0	0	789	0	1
10	184	110	178	465	5074	0.0	0	0	789	0	1
10	185	111	179	468	5075	0.0	0	0	789	0	1
10	184	110	178	465	5074	0.0	0	0	789	0	1
10	185	111	178	467	5054	0.0	0	0	789	0	1
10	184	110	178	465	5074	0.0	0	0	789	0	1
10	186	111	181	470	5096	0.0	0	0	789	0	1
10	185	111	181	469	5116	0.0	0	0	789	0	1
10	186	111	181	471	5096	0.0	0	0	789	0	1
10	185	111	180	469	5096	0.0	0	0	789	0	1
10	186	111	181	471	5096	0.0	0	0	789	0	1
10	184	111	180	469	5116	0.0	0	0	789	0	1
10	186	111	181	471	5096	0.0	0	0	789	0	1
10	185	111	181	470	5117	0.0	0	0	789	0	1
10	186	111	181	471	5096	0.0	0	0	789	0	1
10	184	111	180	468	5116	0.0	0	0	789	0	0
10	186	111	108	471	3603	35.0	0	0	789	0	0
10	180	98	104	372	3546	20.0	0	0	789	0	0
10	178	97	103	370	3558	19.0	0	0	789	0	0
10	180	98	104	372	3546	20.0	0	0	789	0	0
10	179	97	103	370	3546	19.0	0	0	789	0	0
10	180	98	104	372	3546	20.0	0	0	789	0	0
11	179	97	103	370	3546	19.0	0	0	921	0	1
11	180	98	104	372	3546	20.0	0	0	921	0	1
11	183	107	162	445	4756	0.0	0	0	921	0	1
11	187	114	197	492	5408	0.0	0	0	921	0	1
11	186	113	196	489	5409	0.0	0	0	921	0	1
11	187	114	197	492	5408	0.0	0	0	921	0	1
11	186	113	197	489	5430	0.0	0	0	921	0	1
11	187	113	194	487	5345	0.0	0	0	921	0	1
11	186	113	194	485	5368	0.0	0	0	921	0	1
11	187	113	194	487	5345	0.0	0	0	921	0	1
11	186	113	193	485	5346	0.0	0	0	921	0	1
11	187	113	194	487	5345	0.0	0	0	921	0	1
11	186	113	193	485	5346	0.0	0	0	921	0	1
11	185	113	193	485	5368	0.0	0	0	921	0	1
11	186	113	194	487	5367	0.0	0	0	921	0	1
11	185	113	193	485	5368	0.0	0	0	921	0	1
11	186	113	194	487	5367	0.0	0	0	921	0	1
11	185	113	195	487	5410	0.0	0	0	921	0	1
11	186	114	197	491	5430	0.0	0	0	921	0	1
11	185	113	197	489	5452	0.0	0	0	921	0	1
11	186	114	197	491	5430	0.0	0	0	921	0	1
11	185	113	196	489	5430	0.0	0	0	921	0	1
11	187	114	197	491	5408	0.0	0	0	921	0	1
11	185	113	197	489	5452	0.0	0	0	921	0	1
11	186	114	197	490	5430	0.0	0	0	921	0	1
11	185	113	197	489	5452	0.0	0	0	921	0	1
11	186	114	197	491	5430	0.0	0	0	921	0	1
11	185	113	196	489	5430	0.0	0	0	921	0	0
11	186	114	197	491	5430	0.0	0	0	921	0	0
11	179	99	111	379	3712	16.0	0	0	921	0	0
11	179	98	104	372	3568	20.0	0	0	921	0	0
11	179	98	104	372	3568	20.0	0	0	921	0	0
11	178	97	103	370	3558	19.0	0	0	921	0	0
11	179	98	104	372	3568	20.0	0	0	921	0	0
12	178	97	103	370	3558	19.0	0	0	1052	0	1
12	179	98	104	372	3568	20.0	0	0	1052	0	1
12	183	109	171	456	4947	0.0	0	0	1052	0	1
12	187	117	213	511	5739	0.0	0	0	1052	0	1
12	186	116	212	509	5739	0.0	0	0	1052	0	1
12	187	117	213	511	5739	0.0	0	0	1052	0	1
12	187	116	212	509	5718	0.0	0	0	1052	0	1
12	187	116	209	506	5656	0.0	0	0	1052	0	1
12	186	116	209	504	5679	0.0	0	0	1052	0	1
12	187	116	209	506	5656	0.0	0	0	1052	0	1
12	187	116	209	505	5656	0.0	0	0	1052	0	1
12	187	116	209	506	5656	0.0	0	0	1052	0	1
12	187	116	209	505	5656	0.0	0	0	1052	0	1
12	188	116	209	507	5633	0.0	0	0	1052	0	1
12	187	116	209	505	5656	0.0	0	0	1052	0	1
12	187	116	209	505	5656	0.0	0	0	1052	0	1
12	188	116	209	507	5633	0.0	0	0	1052	0	1
12	187	116	209	506	5656	0.0	0	0	1052	0	1
12	188	117	213	512	5715	0.0	0	0	1052	0	1
12	187	116	213	510	5739	0.0	0	0	1052	0	1
12	188	117	213	511	5715	0.0	0	0	1052	0	1
12	187	116	213	510	5739	0.0	0	0	1052	0	1
12	188	117	213	511	5715	0.0	0	0	1052	0	1
12	187	116	212	510	5715	0.0	0	0	1052	0	1
12	188	117	213	512	5715	0.0	0	0	1052	0	1
12	187	116	212	510	5715	0.0	0	0	1052	0	1
12	188	117	212	511	5695	0.0	0	0	1052	0	1
12	187	116	213	511	5736	0.0	0	0	1052	0	0
12	188	117	213	511	5715	0.0	0	0	1052	0	0
12	179	98	104	371	3558	20.0	0	0	1052	0	0
12	179	98	104	372	3568	20.0	0	0	1052	0	0
12	179	97	104	371	3568	18.0	0	0	1052	0	0
12	179	98	104	372	3568	20.0	0	0	1052	0	0
12	179	98	104	372	3568	20.0	0	0	1052	0	0
13	179	97	104	371	3568	18.0	0	0	1184	0	1
13	179	98	104	372	3568	20.0	0	0	1184	0	1
13	184	108	166	450	4820	0.0	0	0	1184	0	1
13	189	119	229	531	6020	0.0	0	0	1184	0	1
13	189	119	229	531	6020	0.0	0	0	1184	0	1
13	189	119	229	532	6015	0.0	0	0	1184	0	1
13	189	119	229	531	6020	0.0	0	0	1184	0	1
13	189	119	229	531	6020	0.0	0	0	1184	0	1
13	189	119	226	528	5958	0.0	0	0	1184	0	1
13	189	119	224	526	5917	0.0	0	0	1184	0	1
13	189	119	224	525	5917	0.0	0	0	1184	0	1
13	189	119	225	526	5938	0.0	0	0	1184	0	1
13	188	118	224	525	5938	0.0	0	0	1184	0	1
13	189	119	224	526	5917	0.0	0	0	1184	0	1
13	188	118	224	525	5938	0.0	0	0	1184	0	1
13	189	119	224	526	5917	0.0	0	0	1184	0	1
13	188	118	224	525	5938	0.0	0	0	1184	0	1
13	189	118	224	527	5914	0.0	0	0	1184	0	1
13	189	119	224	526	5917	0.0	0	0	1184	0	1
13	189	119	229	532	6015	0.0	0	0	1184	0	1
13	189	119	229	531	6020	0.0	0	0	1184	0	1
13	189	119	229	531	6020	0.0	0	0	1184	0	1
13	189	119	229	531	6020	0.0	0	0	1184	0	1
13	188	119	229	531	6040	0.0	0	0	1184	0	1
13	188	119	228	529	6024	0.0	0	0	1184	0	1
13	188	119	229	530	6045	0.0	0	0	1184	0	1
13	188	119	229	531	6040	0.0	0	0	1184	0	1
13	188	119	229	530	6045	0.0	0	0	1184	0	0
13	188	119	229	530	6045	0.0	0	0	1184	0	0
13	180	100	121	392	3923	10.0	0	0	1184	0	0
13	178	97	104	370	3580	19.0	0	0	1184	0	0
13	178	97	104	370	3580	19.0	0	0	1184	0	0
13	178	97	104	370	3580	19.0	0	0	1184	0	0
13	178	97	104	370	3580	19.0	0	0	1184	0	0
14	178	97	104	370	3580	19.0	0	0	1315	0	1
14	178	98	104	370	3571	20.0	0	0	1315	0	1
14	184	111	182	470	5158	0.0	0	0	1315	0	1
14	189	122	245	550	6348	0.0	0	0	1315	0	1
14	189	122	245	551	6341	0.0	0	0	1315	0	1
14	189	122	244	550	6321	0.0	0	0	1315	0	1
14	189	122	244	550	6321	0.0	0	0	1315	0	1
14	189	122	244	550	6321	0.0	0	0	1315	0	1
14	189	121	240	544	6245	0.0	0	0	1315	0	1
14	189	121	239	544	6219	0.0	0	0	1315	0	1
14	189	121	240	545	6240	0.0	0	0	1315	0	1
14	189	121	239	544	6219	0.0	0	0	1315	0	1
14	189	121	240	544	6245	0.0	0	0	1315	0	1
14	189	121	239	544	6219	0.0	0	0	1315	0	1
14	189	121	240	545	6240	0.0	0	0	1315	0	1
14	189	121	239	544	6219	0.0	0	0	1315	0	1
14	189	121	240	545	6240	0.0	0	0	1315	0	1
14	189	121	239	544	6219	0.0	0	0	1315	0	1
14	189	121	240	545	6240	0.0	0	0	1315	0	1
14	189	122	243	548	6307	0.0	0	0	1315	0	1
14	189	122	244	550	6321	0.0	0	0	1315	0	1
14	189	122	245	551	6341	0.0	0	0	1315	0	1
14	189	122	245	550	6348	0.0	0	0	1315	0	1
14	189	122	245	551	6341	0.0	0	0	1315	0	1
14	189	122	245	550	6348	0.0	0	0	1315	0	1
14	189	122	245	551	6341	0.0	0	0	1315	0	1
14	189	122	244	550	6321	0.0	0	0	1315	0	1
14	189	122	245	551	6341	0.0	0	0	1315	0	1
14	189	122	245	550	6348	0.0	0	0	1315	0	0
14	180	101	124	397	3988	10.0	0	0	1315	0	0
14	178	97	103	370	3558	19.0	0	0	1315	0	0
14	179	98	104	372	3568	20.0	0	0	1315	0	0
14	179	97	104	370	3558	18.0	0	0	1315	0	0
14	179	98	104	372	3568	20.0	0	0	1315	0	0
15	179	97	104	370	3558	18.0	0	0	1447	0	1
15	179	98	104	372	3568	20.0	0	0	1447	0	1
15	179	97	104	370	3558	18.0	0	0	1447	0	1
15	186	113	190	481	5284	0.0	0	0	1447	0	1
15	192	125	261	573	6584	0.0	0	0	1447	0	1
15	191	125	261	572	6612	0.0	0	0	1447	0	1
15	192	125	261	573	6584	0.0	0	0	1447	0	1
15	191	125	260	571	6591	0.0	0	0	1447	0	1
15	191	124	256	566	6511	0.0	0	0	1447	0	1
15	190	124	255	564	6518	0.0	0	0	1447	0	1
15	191	124	255	566	6491	0.0	0	0	1447	0	1
15	190	124	255	564	6518	0.0	0	0	1447	0	1
15	191	124	256	567	6511	0.0	0	0	1447	0	1
15	190	124	255	564	6518	0.0	0	0	1447	0	1
15	191	124	256	566	6511	0.0	0	0	1447	0	1
15	190	124	255	564	6518	0.0	0	0	1447	0	1
15	191	124	256	567	6511	0.0	0	0	1447	0	1
15	190	124	255	564	6518	0.0	0	0	1447	0	1
15	191	124	256	566	6511	0.0	0	0	1447	0	1
15	191	124	257	567	6531	0.0	0	0	1447	0	1
15	192	125	261	573	6584	0.0	0	0	1447	0	1
15	191	125	261	571	6619	0.0	0	0	1447	0	1
15	191	125	261	572	6612	0.0	0	0	1447	0	1
15	192	125	261	573	6584	0.0	0	0	1447	0	1
15	191	125	261	571	6619	0.0	0	0	1447	0	1
15	192	125	262	574	6604	0.0	0	0	1447	0	1
15	191	125	260	571	6591	0.0	0	0	1447	0	1
15	192	125	261	574	6584	0.0	0	0	1447	0	1
15	191	124	260	571	6591	0.0	0	0	1447	0	0
15	181	100	117	389	3823	13.0	0	0	1447	0	0
15	179	97	103	370	3546	19.0	0	0	1447	0	0
15	180	98	104	372	3546	20.0	0	0	1447	0	0
15	179	97	104	370	3558	18.0	0	0	1447	0	0
15	180	98	104	373	3555	20.0	0	0	1447	0	0
15	179	97	103	370	3546	19.0	0	0	1447	0	0
16	180	98	104	373	3555	20.0	0	0	1578	0	1
16	179	97	103	370	3546	19.0	0	0	1578	0	1
16	185	110	176	465	5012	0.0	0	0	1578	0	1
16	192	127	276	591	6885	0.0	0	0	1578	0	1
16	193	128	278	594	6896	0.0	0	0	1578	0	1
16	193	128	276	593	6856	0.0	0	0	1578	0	1
16	192	127	277	592	6905	0.0	0	0	1578	0	1
16	193	128	277	594	6876	0.0	0	0	1578	0	1
16	191	126	271	584	6813	0.0	0	0	1578	0	1
16	193	127	272	587	6776	0.0	0	0	1578	0	1
16	191	126	270	583	6793	0.0	0	0	1578	0	1
16	193	127	271	586	6756	0.0	0	0	1578	0	1
16	192	126	270	583	6765	0.0	0	0	1578	0	1
16	193	127	271	586	6756	0.0	0	0	1578	0	1
16	192	126	270	584	6765	0.0	0	0	1578	0	1
16	193	127	271	586	6756	0.0	0	0	1578	0	1
16	192	126	270	584	6765	0.0	0	0	1578	0	1
16	193	127	271	586	6756	0.0	0	0	1578	0	1
16	192	126	270	584	6765	0.0	0	0	1578	0	1
16	193	127	271	586	6756	0.0	0	0	1578	0	1
16	192	127	276	591	6885	0.0	0	0	1578	0	1
16	193	128	278	595	6896	0.0	0	0	1578	0	1
16	192	127	276	591	6885	0.0	0	0	1578	0	1
16	193	127	277	594	6867	0.0	0	0	1578	0	1
16	193	128	277	594	6876	0.0	0	0	1578	0	1
16	192	127	276	591	6885	0.0	0	0	1578	0	1
16	193	128	278	595	6896	0.0	0	0	1578	0	1
16	192	127	276	591	6885	0.0	0	0	1578	0	0
16	183	104	140	418	4285	2.0	0	0	1578	0	0
16	179	97	103	370	3546	19.0	0	0	1578	0	0
16	180	98	104	373	3555	20.0	0	0	1578	0	0
16	179	97	104	370	3558	18.0	0	0	1578	0	0
16	180	98	104	373	3555	20.0	0	0	1578	0	0
16	179	97	104	371	3568	18.0	0	0	1578	0	0
17	180	98	104	373	3555	20.0	0	0	1710	0	1
17	179	97	104	370	3558	18.0	0	0	1710	0	1
17	187	114	196	490	5387	0.0	0	0	1710	0	1
17	193	130	293	612	7195	0.0	0	0	1710	0	1
17	194	131	294	615	7185	0.0	0	0	1710	0	1
17	193	130	293	612	7195	0.0	0	0	1710	0	1
17	194	131	293	614	7165	0.0	0	0	1710	0	1
17	193	130	293	613	7185	0.0	0	0	1710	0	1
17	193	129	286	604	7056	0.0	0	0	1710	0	1
17	194	130	287	606	7046	0.0	0	0	1710	0	1
17	193	129	286	604	7056	0.0	0	0	1710	0	1
17	194	130	287	606	7046	0.0	0	0	1710	0	1
17	193	129	286	604	7056	0.0	0	0	1710	0	1
17	194	130	287	606	7046	0.0	0	0	1710	0	1
17	193	129	286	604	7056	0.0	0	0	1710	0	1
17	194	130	287	607	7046	0.0	0	0	1710	0	1
17	193	129	286	604	7056	0.0	0	0	1710	0	1
17	194	130	287	606	7046	0.0	0	0	1710	0	1
17	193	129	286	604	7056	0.0	0	0	1710	0	1
17	194	131	292	613	7145	0.0	0	0	1710	0	1
17	193	130	293	613	7185	0.0	0	0	1710	0	1
17	195	131	294	616	7155	0.0	0	0	1710	0	1
17	194	130	293	613	7165	0.0	0	0	1710	0	1
17	194	131	293	614	7165	0.0	0	0	1710	0	1
17	194	130	293	613	7165	0.0	0	0	1710	0	1
17	194	131	293	614	7165	0.0	0	0	1710	0	1
17	194	131	294	615	7185	0.0	0	0	1710	0	1
17	193	130	293	612	7195	0.0	0	0	1710	0	0
17	183	105	146	425	4413	0.0	0	0	1710	0	0
17	179	97	104	371	3568	18.0	0	0	1710	0	0
17	180	98	104	372	3546	20.0	0	0	1710	0	0
17	179	97	104	371	3568	18.0	0	0	1710	0	0
17	180	98	104	372	3546	20.0	0	0	1710	0	0
17	179	97	104	371	3568	18.0	0	0	1710	0	0
18	180	98	104	372	3546	20.0	0	0	1842	0	1
18	179	97	104	371	3568	18.0	0	0	1842	0	1
18	187	115	201	497	5490	0.0	0	0	1842	0	1
18	195	133	309	633	7451	0.0	0	0	1842	0	1
18	196	134	310	636	7439	0.0	0	0	1842	0	1
18	195	133	309	634	7439	0.0	0	0	1842	0	1
18	196	133	309	635	7408	0.0	0	0	1842	0	1
18	195	133	310	634	7471	0.0	0	0	1842	0	1
18	196	133	309	634	7420	0.0	0	0	1842	0	1
18	194	132	302	624	7344	0.0	0	0	1842	0	1
18	194	132	302	624	7344	0.0	0	0	1842	0	1
18	195	132	302	626	7302	0.0	0	0	1842	0	1
18	194	132	302	624	7344	0.0	0	0	1842	0	1
18	195	132	302	626	7302	0.0	0	0	1842	0	1
18	194	132	302	624	7344	0.0	0	0	1842	0	1
18	195	132	302	626	7302	0.0	0	0	1842	0	1
18	194	132	302	624	7344	0.0	0	0	1842	0	1
18	195	132	303	627	7322	0.0	0	0	1842	0	1
18	194	132	302	624	7344	0.0	0	0	1842	0	1
18	195	133	307	632	7400	0.0	0	0	1842	0	1
18	195	133	309	634	7439	0.0	0	0	1842	0	1
18	195	133	309	634	7439	0.0	0	0	1842	0	1
18	195	133	309	634	7439	0.0	0	0	1842	0	1
18	195	133	310	635	7459	0.0	0	0	1842	0	1
18	195	133	310	634	7471	0.0	0	0	1842	0	1
18	195	133	309	634	7439	0.0	0	0	1842	0	1
18	195	133	309	634	7439	0.0	0	0	1842	0	1
18	195	133	310	635	7459	0.0	0	0	1842	0	0
18	182	103	135	411	4194	4.0	0	0	1842	0	0
18	179	98	104	371	3558	20.0	0	0	1842	0	0
18	179	98	104	372	3568	20.0	0	0	1842	0	0
18	179	98	104	371	3558	20.0	0	0	1842	0	0
18	179	98	104	372	3568	20.0	0	0	1842	0	0
18	179	98	104	372	3568	20.0	0	0	1842	0	0
19	179	98	104	372	3568	20.0	0	0	1973	0	1
19	179	98	104	371	3558	20.0	0	0	1973	0	1
19	185	111	181	470	5117	0.0	0	0	1973	0	1
19	197	136	326	656	7708	0.0	0	0	1973	0	1
19	196	136	325	654	7721	0.0	0	0	1973	0	1
19	197	136	326	655	7721	0.0	0	0	1973	0	1
19	196	136	326	655	7741	0.0	0	0	1973	0	1
19	196	136	325	655	7721	0.0	0	0	1973	0	1
19	196	136	325	654	7721	0.0	0	0	1973	0	1
19	197	136	326	655	7721	0.0	0	0	1973	0	1
19	196	135	317	645	7565	0.0	0	0	1973	0	1
19	196	135	318	645	7596	0.0	0	0	1973	0	1
19	196	135	318	645	7596	0.0	0	0	1973	0	1
19	196	135	317	644	7577	0.0	0	0	1973	0	1
19	196	135	318	645	7596	0.0	0	0	1973	0	1
19	196	135	318	645	7596	0.0	0	0	1973	0	1
19	196	135	318	645	7596	0.0	0	0	1973	0	1
19	196	134	317	644	7565	0.0	0	0	1973	0	1
19	196	135	318	645	7596	0.0	0	0	1973	0	1
19	196	134	317	644	7565	0.0	0	0	1973	0	1
19	196	135	318	645	7596	0.0	0	0	1973	0	1
19	196	136	325	654	7721	0.0	0	0	1973	0	1
19	197	136	326	656	7708	0.0	0	0	1973	0	1
19	196	136	325	654	7721	0.0	0	0	1973	0	1
19	197	136	326	656	7708	0.0	0	0	1973	0	1
19	196	136	325	654	7721	0.0	0	0	1973	0	1
19	197	136	325	655	7689	0.0	0	0	1973	0	1
19	196	136	326	655	7741	0.0	0	0	1973	0	0
19	197	136	325	655	7689	0.0	0	0	1973	0	0
19	184	108	165	449	4798	0.0	0	0	1973	0	0
19	180	97	104	372	3555	18.0	0	0	1973	0	0
19	180	98	104	373	3555	20.0	0	0	1973	0	0
19	179	97	104	371	3568	18.0	0	0	1973	0	0
19	180	98	104	373	3555	20.0	0	0	1973	0	0
20	179	97	104	371	3568	18.0	0	0	2105	0	1
20	180	98	104	373	3555	20.0	0	0	2105	0	1
20	186	114	203	497	5554	0.0	0	0	2105	0	1
20	198	139	342	677	7985	0.0	0	0	2105	0	1
20	197	139	342	675	8019	0.0	0	0	2105	0	1
20	198	139	342	676	7985	0.0	0	0	2105	0	1
20	197	139	342	675	8019	0.0	0	0	2105	0	1
20	198	139	342	677	7985	0.0	0	0	2105	0	1
20	197	139	341	674	8000	0.0	0	0	2105	0	1
20	198	138	336	669	7869	0.0	0	0	2105	0	1
20	197	137	333	664	7844	0.0	0	0	2105	0	1
20	198	138	333	666	7811	0.0	0	0	2105	0	1
20	196	137	333	664	7877	0.0	0	0	2105	0	1
20	198	138	334	666	7844	0.0	0	0	2105	0	1
20	196	137	333	664	7877	0.0	0	0	2105	0	1
20	197	137	333	664	7844	0.0	0	0	2105	0	1
20	198	138	333	666	7811	0.0	0	0	2105	0	1
20	197	137	334	665	7864	0.0	0	0	2105	0	1
20	198	138	334	666	7844	0.0	0	0	2105	0	1
20	196	137	333	664	7877	0.0	0	0	2105	0	1
20	198	139	343	678	8005	0.0	0	0	2105	0	1
20	197	138	341	674	8000	0.0	0	0	2105	0	1
20	198	139	342	677	7985	0.0	0	0	2105	0	1
20	197	139	342	675	8019	0.0	0	0	2105	0	1
20	198	139	342	676	7985	0.0	0	0	2105	0	1
20	197	138	341	673	8000	0.0	0	0	2105	0	1
20	198	139	342	677	7985	0.0	0	0	2105	0	1
20	197	138	341	674	8000	0.0	0	0	2105	0	0
20	198	139	342	677	7985	0.0	0	0	2105	0	0
20	184	109	170	456	4906	0.0	0	0	2105	0	0
20	180	98	104	372	3546	20.0	0	0	2105	0	0
20	179	97	103	370	3546	19.0	0	0	2105	0	0
20	180	98	104	373	3555	20.0	0	0	2105	0	0
20	180	98	104	373	3555	20.0	0	0	2105	0	0
21	179	97	103	370	3546	19.0	0	0	2236	0	1
21	180	98	104	372	3546	20.0	0	0	2236	0	1
21	187	115	208	504	5635	0.0	0	0	2236	0	1
21	199	142	357	696	8241	0.0	0	0	2236	0	1
21	198	141	358	695	8295	0.0	0	0	2236	0	1
21	200	142	359	698	8245	0.0	0	0	2236	0	1
21	198	141	358	695	8295	0.0	0	0	2236	0	1
21	199	142	358	697	8260	0.0	0	0	2236	0	1
21	198	141	358	696	8279	0.0	0	0	2236	0	1
21	199	141	353	691	8164	0.0	0	0	2236	0	1
21	198	140	349	684	8121	0.0	0	0	2236	0	1
21	199	140	349	686	8087	0.0	0	0	2236	0	1
21	198	140	348	684	8102	0.0	0	0	2236	0	1
21	199	140	349	686	8087	0.0	0	0	2236	0	1
21	198	140	349	684	8121	0.0	0	0	2236	0	1
21	199	140	349	686	8087	0.0	0	0	2236	0	1
21	198	140	349	684	8121	0.0	0	0	2236	0	1
21	198	140	349	684	8121	0.0	0	0	2236	0	1
21	199	140	349	686	8087	0.0	0	0	2236	0	1
21	198	140	350	685	8140	0.0	0	0	2236	0	1
21	200	142	358	697	8226	0.0	0	0	2236	0	1
21	198	141	358	696	8279	0.0	0	0	2236	0	1
21	199	142	359	698	8279	0.0	0	0	2236	0	1
21	198	141	356	694	8241	0.0	0	0	2236	0	1
21	199	142	359	698	8279	0.0	0	0	2236	0	1
21	198	141	358	696	8279	0.0	0	0	2236	0	1
21	199	142	358	697	8260	0.0	0	0	2236	0	1
21	198	141	357	695	8260	0.0	0	0	2236	0	0
21	199	142	358	697	8260	0.0	0	0	2236	0	0
21	183	107	158	440	4668	0.0	0	0	2236	0	0
21	180	98	104	372	3546	20.0	0	0	2236	0	0
21	179	97	104	371	3568	18.0	0	0	2236	0	0
21	180	98	104	372	3546	20.0	0	0	2236	0	0
21	179	97	104	371	3568	18.0	0	0	2236	0	0
22	179	98	104	372	3568	20.0	0	0	2368	0	1
22	179	98	104	372	3568	20.0	0	0	2368	0	1
22	185	111	180	469	5096	0.0	0	0	2368	0	1
22	200	145	375	718	8551	0.0	0	0	2368	0	1
22	200	145	375	718	8551	0.0	0	0	2368	0	1
22	200	145	374	718	8515	0.0	0	0	2368	0	1
22	200	144	374	717	8515	0.0	0	0	2368	0	1
22	200	145	375	718	8551	0.0	0	0	2368	0	1
22	200	144	374	717	8515	0.0	0	0	2368	0	1
22	200	145	375	718	8551	0.0	0	0	2368	0	1
22	200	144	373	716	8496	0.0	0	0	2368	0	1
22	199	143	365	705	8395	0.0	0	0	2368	0	1
22	199	143	365	705	8395	0.0	0	0	2368	0	1
22	200	143	365	705	8360	0.0	0	0	2368	0	1
22	199	143	366	706	8414	0.0	0	0	2368	0	1
22	199	143	365	705	8395	0.0	0	0	2368	0	1
22	199	143	365	705	8395	0.0	0	0	2368	0	1
22	199	143	365	705	8395	0.0	0	0	2368	0	1
22	199	143	366	706	8414	0.0	0	0	2368	0	1
22	199	143	365	705	8395	0.0	0	0	2368	0	1
22	199	143	365	705	8395	0.0	0	0	2368	0	1
22	199	143	365	705	8395	0.0	0	0	2368	0	1
22	200	144	374	717	8515	0.0	0	0	2368	0	1
22	200	145	375	718	8551	0.0	0	0	2368	0	1
22	200	144	374	717	8515	0.0	0	0	2368	0	1
22	200	145	374	717	8532	0.0	0	0	2368	0	1
22	200	145	375	718	8551	0.0	0	0	2368	0	1
22	200	145	374	717	8532	0.0	0	0	2368	0	1
22	200	144	374	717	8515	0.0	0	0	2368	0	0
22	186	114	196	489	5409	0.0	0	0	2368	0	0
22	179	98	104	371	3558	20.0	0	0	2368	0	0
22	179	98	104	372	3568	20.0	0	0	2368	0	0
22	179	98	104	371	3558	20.0	0	0	2368	0	0
22	179	98	104	372	3568	20.0	0	0	2368	0	0
23	179	98	104	371	3558	20.0	0	0	2500	0	1
23	179	98	104	372	3568	20.0	0	0	2500	0	1
23	179	97	104	371	3568	18.0	0	0	2500	0	1
23	187	115	390	502	13607	0.0	0	0	2500	0	1
23	202	148	391	739	8783	0.0	0	0	2500	0	1
23	201	147	391	738	8802	0.0	0	0	2500	0	1
23	202	148	391	739	8783	0.0	0	0	2500	0	1
23	201	147	389	736	8764	0.0	0	0	2500	0	1
23	202	148	392	740	8802	0.0	0	0	2500	0	1
23	201	147	390	737	8783	0.0	0	0	2500	0	1
23	201	146	381	726	8630	0.0	0	0	2500	0	1
23	200	146	382	726	8685	0.0	0	0	2500	0	1
23	201	146	381	726	8630	0.0	0	0	2500	0	1
23	200	145	380	724	8630	0.0	0	0	2500	0	1
23	201	146	381	726	8630	0.0	0	0	2500	0	1
23	200	145	380	724	8630	0.0	0	0	2500	0	1
23	201	146	381	726	8630	0.0	0	0	2500	0	1
23	200	145	380	724	8630	0.0	0	0	2500	0	1
23	201	146	381	726	8630	0.0	0	0	2500	0	1
23	200	145	380	724	8630	0.0	0	0	2500	0	1
23	201	146	381	726	8630	0.0	0	0	2500	0	1
23	200	145	380	724	8630	0.0	0	0	2500	0	1
23	201	147	390	737	8783	0.0	0	0	2500	0	1
23	202	148	391	740	8765	0.0	0	0	2500	0	1
23	201	147	391	738	8802	0.0	0	0	2500	0	1
23	202	148	391	739	8783	0.0	0	0	2500	0	1
23	201	147	391	738	8802	0.0	0	0	2500	0	1
23	202	148	390	738	8764	0.0	0	0	2500	0	1
