Stim	Lux	Yellow	Red	Blue	Blue2	Trig
1	68.0	0	1500	0	0	1
1	73.0	0	1500	0	0	1
1	72.0	0	1500	0	0	1
1	73.0	0	1500	0	0	1
1	73.0	0	1500	0	0	1
1	73.0	0	1500	0	0	1
1	73.0	0	1500	0	0	1
1	72.0	0	1500	0	0	1
1	72.0	0	1500	0	0	1
1	72.0	0	1500	0	0	1
1	71.0	0	1500	0	0	1
1	71.0	0	1500	0	0	1
1	71.0	0	1500	0	0	1
1	71.0	0	1500	0	0	1
1	71.0	0	1500	0	0	1
1	71.0	0	1500	0	0	1
1	71.0	0	1500	0	0	1
1	71.0	0	1500	0	0	1
1	71.0	0	1500	0	0	1
1	72.0	0	1500	0	0	1
1	71.0	0	1500	0	0	0
1	29.0	0	1500	0	0	0
1	29.0	0	1500	0	0	0
1	29.0	0	1500	0	0	0
1	29.0	0	1500	0	0	0
2	44.0	0	1500	0	0	1
2	72.0	0	1500	0	0	1
2	72.0	0	1500	0	0	1
2	71.0	0	1500	0	0	1
2	72.0	0	1500	0	0	1
2	72.0	0	1500	0	0	1
2	72.0	0	1500	0	0	1
2	72.0	0	1500	0	0	1
2	72.0	0	1500	0	0	1
2	72.0	0	1500	0	0	1
2	72.0	0	1500	0	0	1
2	72.0	0	1500	0	0	1
2	72.0	0	1500	0	0	1
2	72.0	0	1500	0	0	1
2	72.0	0	1500	0	0	1
2	72.0	0	1500	0	0	1
2	72.0	0	1500	0	0	1
2	73.0	0	1500	0	0	1
2	73.0	0	1500	0	0	1
2	73.0	0	1500	0	0	1
2	44.0	0	1500	0	0	0
2	30.0	0	1500	0	0	0
2	30.0	0	1500	0	0	0
2	30.0	0	1500	0	0	0
2	30.0	0	1500	0	0	0
3	30.0	0	1500	0	0	1
3	73.0	0	1500	0	0	1
3	73.0	0	1500	0	0	1
3	73.0	0	1500	0	0	1
3	73.0	0	1500	0	0	1
3	74.0	0	1500	0	0	1
3	74.0	0	1500	0	0	1
3	73.0	0	1500	0	0	1
3	74.0	0	1500	0	0	1
3	74.0	0	1500	0	0	1
3	74.0	0	1500	0	0	1
3	74.0	0	1500	0	0	1
3	73.0	0	1500	0	0	1
3	74.0	0	1500	0	0	1
3	74.0	0	1500	0	0	1
3	74.0	0	1500	0	0	1
3	73.0	0	1500	0	0	1
3	73.0	0	1500	0	0	1
3	74.0	0	1500	0	0	1
3	74.0	0	1500	0	0	1
3	68.0	0	1500	0	0	0
3	31.0	0	1500	0	0	0
3	31.0	0	1500	0	0	0
3	31.0	0	1500	0	0	0
3	31.0	0	1500	0	0	0
4	31.0	0	1500	0	0	1
4	52.0	0	1500	0	0	1
4	52.0	0	1500	0	0	1
4	52.0	0	1500	0	0	1
4	52.0	0	1500	0	0	1
4	52.0	0	1500	0	0	1
4	52.0	0	1500	0	0	1
4	52.0	0	1500	0	0	1
4	52.0	0	1500	0	0	1
4	52.0	0	1500	0	0	1
4	51.0	0	1500	0	0	1
4	52.0	0	1500	0	0	1
4	51.0	0	1500	0	0	1
4	51.0	0	1500	0	0	1
4	51.0	0	1500	0	0	1
4	51.0	0	1500	0	0	1
4	51.0	0	1500	0	0	1
4	51.0	0	1500	0	0	1
4	51.0	0	1500	0	0	1
4	51.0	0	1500	0	0	1
4	36.0	0	1500	0	0	0
4	29.0	0	1500	0	0	0
4	29.0	0	1500	0	0	0
4	29.0	0	1500	0	0	0
4	28.0	0	1500	0	0	0
5	28.0	0	1500	131	0	1
5	51.0	0	1500	131	0	1
5	51.0	0	1500	131	0	1
5	51.0	0	1500	131	0	1
5	50.0	0	1500	131	0	1
5	50.0	0	1500	131	0	1
5	51.0	0	1500	131	0	1
5	51.0	0	1500	131	0	1
5	51.0	0	1500	131	0	1
5	51.0	0	1500	131	0	1
5	50.0	0	1500	131	0	1
5	51.0	0	1500	131	0	1
5	51.0	0	1500	131	0	1
5	51.0	0	1500	131	0	1
5	51.0	0	1500	131	0	1
5	51.0	0	1500	131	0	1
5	51.0	0	1500	131	0	1
5	52.0	0	1500	131	0	1
5	52.0	0	1500	131	0	1
5	52.0	0	1500	131	0	1
5	52.0	0	1500	131	0	0
5	30.0	0	1500	131	0	0
5	30.0	0	1500	131	0	0
5	30.0	0	1500	131	0	0
5	30.0	0	1500	131	0	0
6	38.0	0	1500	263	0	1
6	54.0	0	1500	263	0	1
6	55.0	0	1500	263	0	1
6	55.0	0	1500	263	0	1
6	55.0	0	1500	263	0	1
6	55.0	0	1500	263	0	1
6	55.0	0	1500	263	0	1
6	55.0	0	1500	263	0	1
6	55.0	0	1500	263	0	1
6	55.0	0	1500	263	0	1
6	55.0	0	1500	263	0	1
6	55.0	0	1500	263	0	1
6	55.0	0	1500	263	0	1
6	55.0	0	1500	263	0	1
6	55.0	0	1500	263	0	1
6	55.0	0	1500	263	0	1
6	55.0	0	1500	263	0	1
6	55.0	0	1500	263	0	1
6	55.0	0	1500	263	0	1
6	55.0	0	1500	263	0	1
6	54.0	0	1500	263	0	0
6	30.0	0	1500	263	0	0
6	30.0	0	1500	263	0	0
6	30.0	0	1500	263	0	0
6	30.0	0	1500	263	0	0
7	30.0	0	1500	394	0	1
7	57.0	0	1500	394	0	1
7	57.0	0	1500	394	0	1
7	57.0	0	1500	394	0	1
7	57.0	0	1500	394	0	1
7	57.0	0	1500	394	0	1
7	57.0	0	1500	394	0	1
7	57.0	0	1500	394	0	1
7	57.0	0	1500	394	0	1
7	57.0	0	1500	394	0	1
7	57.0	0	1500	394	0	1
7	56.0	0	1500	394	0	1
7	56.0	0	1500	394	0	1
7	56.0	0	1500	394	0	1
7	56.0	0	1500	394	0	1
7	57.0	0	1500	394	0	1
7	56.0	0	1500	394	0	1
7	56.0	0	1500	394	0	1
7	56.0	0	1500	394	0	1
7	57.0	0	1500	394	0	1
7	57.0	0	1500	394	0	0
7	29.0	0	1500	394	0	0
7	29.0	0	1500	394	0	0
7	29.0	0	1500	394	0	0
7	29.0	0	1500	394	0	0
8	47.0	0	1500	526	0	1
8	60.0	0	1500	526	0	1
8	60.0	0	1500	526	0	1
8	59.0	0	1500	526	0	1
8	60.0	0	1500	526	0	1
8	60.0	0	1500	526	0	1
8	59.0	0	1500	526	0	1
8	60.0	0	1500	526	0	1
8	59.0	0	1500	526	0	1
8	60.0	0	1500	526	0	1
8	60.0	0	1500	526	0	1
8	60.0	0	1500	526	0	1
8	59.0	0	1500	526	0	1
8	60.0	0	1500	526	0	1
8	59.0	0	1500	526	0	1
8	60.0	0	1500	526	0	1
8	60.0	0	1500	526	0	1
8	59.0	0	1500	526	0	1
8	60.0	0	1500	526	0	1
8	59.0	0	1500	526	0	1
8	59.0	0	1500	526	0	0
8	29.0	0	1500	526	0	0
8	29.0	0	1500	526	0	0
8	29.0	0	1500	526	0	0
8	29.0	0	1500	526	0	0
9	29.0	0	1500	657	0	1
9	62.0	0	1500	657	0	1
9	62.0	0	1500	657	0	1
9	63.0	0	1500	657	0	1
9	62.0	0	1500	657	0	1
9	62.0	0	1500	657	0	1
9	62.0	0	1500	657	0	1
9	62.0	0	1500	657	0	1
9	62.0	0	1500	657	0	1
9	62.0	0	1500	657	0	1
9	62.0	0	1500	657	0	1
9	62.0	0	1500	657	0	1
9	62.0	0	1500	657	0	1
9	62.0	0	1500	657	0	1
9	62.0	0	1500	657	0	1
9	62.0	0	1500	657	0	1
9	62.0	0	1500	657	0	1
9	63.0	0	1500	657	0	1
9	63.0	0	1500	657	0	1
9	64.0	0	1500	657	0	1
9	58.0	0	1500	657	0	0
9	30.0	0	1500	657	0	0
9	30.0	0	1500	657	0	0
9	30.0	0	1500	657	0	0
9	30.0	0	1500	657	0	0
10	30.0	0	1500	789	0	1
10	59.0	0	1500	789	0	1
10	67.0	0	1500	789	0	1
10	66.0	0	1500	789	0	1
10	67.0	0	1500	789	0	1
10	67.0	0	1500	789	0	1
10	66.0	0	1500	789	0	1
10	67.0	0	1500	789	0	1
10	67.0	0	1500	789	0	1
10	67.0	0	1500	789	0	1
10	67.0	0	1500	789	0	1
10	67.0	0	1500	789	0	1
10	67.0	0	1500	789	0	1
10	67.0	0	1500	789	0	1
10	67.0	0	1500	789	0	1
10	67.0	0	1500	789	0	1
10	67.0	0	1500	789	0	1
10	67.0	0	1500	789	0	1
10	67.0	0	1500	789	0	1
10	67.0	0	1500	789	0	1
10	67.0	0	1500	789	0	0
10	30.0	0	1500	789	0	0
10	30.0	0	1500	789	0	0
10	30.0	0	1500	789	0	0
10	30.0	0	1500	789	0	0
11	30.0	0	1500	921	0	1
11	70.0	0	1500	921	0	1
11	70.0	0	1500	921	0	1
11	70.0	0	1500	921	0	1
11	69.0	0	1500	921	0	1
11	69.0	0	1500	921	0	1
11	70.0	0	1500	921	0	1
11	69.0	0	1500	921	0	1
11	70.0	0	1500	921	0	1
11	69.0	0	1500	921	0	1
11	69.0	0	1500	921	0	1
11	70.0	0	1500	921	0	1
11	70.0	0	1500	921	0	1
11	70.0	0	1500	921	0	1
11	70.0	0	1500	921	0	1
11	69.0	0	1500	921	0	1
11	70.0	0	1500	921	0	1
11	70.0	0	1500	921	0	1
11	69.0	0	1500	921	0	1
11	70.0	0	1500	921	0	1
11	70.0	0	1500	921	0	0
11	30.0	0	1500	921	0	0
11	30.0	0	1500	921	0	0
11	30.0	0	1500	921	0	0
11	30.0	0	1500	921	0	0
12	30.0	0	1500	1052	0	1
12	73.0	0	1500	1052	0	1
12	73.0	0	1500	1052	0	1
12	73.0	0	1500	1052	0	1
12	73.0	0	1500	1052	0	1
12	72.0	0	1500	1052	0	1
12	73.0	0	1500	1052	0	1
12	73.0	0	1500	1052	0	1
12	72.0	0	1500	1052	0	1
12	72.0	0	1500	1052	0	1
12	72.0	0	1500	1052	0	1
12	72.0	0	1500	1052	0	1
12	73.0	0	1500	1052	0	1
12	72.0	0	1500	1052	0	1
12	72.0	0	1500	1052	0	1
12	73.0	0	1500	1052	0	1
12	72.0	0	1500	1052	0	1
12	72.0	0	1500	1052	0	1
12	72.0	0	1500	1052	0	1
12	72.0	0	1500	1052	0	1
12	73.0	0	1500	1052	0	0
12	30.0	0	1500	1052	0	0
12	30.0	0	1500	1052	0	0
12	30.0	0	1500	1052	0	0
12	30.0	0	1500	1052	0	0
13	30.0	0	1500	1184	0	1
13	75.0	0	1500	1184	0	1
13	76.0	0	1500	1184	0	1
13	76.0	0	1500	1184	0	1
13	75.0	0	1500	1184	0	1
13	76.0	0	1500	1184	0	1
13	76.0	0	1500	1184	0	1
13	76.0	0	1500	1184	0	1
13	76.0	0	1500	1184	0	1
13	75.0	0	1500	1184	0	1
13	75.0	0	1500	1184	0	1
13	76.0	0	1500	1184	0	1
13	75.0	0	1500	1184	0	1
13	75.0	0	1500	1184	0	1
13	76.0	0	1500	1184	0	1
13	75.0	0	1500	1184	0	1
13	76.0	0	1500	1184	0	1
13	75.0	0	1500	1184	0	1
13	75.0	0	1500	1184	0	1
13	76.0	0	1500	1184	0	1
13	75.0	0	1500	1184	0	0
13	46.0	0	1500	1184	0	0
13	30.0	0	1500	1184	0	0
13	30.0	0	1500	1184	0	0
13	30.0	0	1500	1184	0	0
14	30.0	0	1500	1315	0	1
14	79.0	0	1500	1315	0	1
14	78.0	0	1500	1315	0	1
14	78.0	0	1500	1315	0	1
14	78.0	0	1500	1315	0	1
14	78.0	0	1500	1315	0	1
14	79.0	0	1500	1315	0	1
14	79.0	0	1500	1315	0	1
14	78.0	0	1500	1315	0	1
14	79.0	0	1500	1315	0	1
14	79.0	0	1500	1315	0	1
14	78.0	0	1500	1315	0	1
14	79.0	0	1500	1315	0	1
14	78.0	0	1500	1315	0	1
14	79.0	0	1500	1315	0	1
14	79.0	0	1500	1315	0	1
14	78.0	0	1500	1315	0	1
14	79.0	0	1500	1315	0	1
14	79.0	0	1500	1315	0	1
14	78.0	0	1500	1315	0	1
14	79.0	0	1500	1315	0	0
14	30.0	0	1500	1315	0	0
14	30.0	0	1500	1315	0	0
14	30.0	0	1500	1315	0	0
14	30.0	0	1500	1315	0	0
15	30.0	0	1500	1447	0	1
15	81.0	0	1500	1447	0	1
15	82.0	0	1500	1447	0	1
15	81.0	0	1500	1447	0	1
15	81.0	0	1500	1447	0	1
15	82.0	0	1500	1447	0	1
15	81.0	0	1500	1447	0	1
15	81.0	0	1500	1447	0	1
15	82.0	0	1500	1447	0	1
15	81.0	0	1500	1447	0	1
15	82.0	0	1500	1447	0	1
15	81.0	0	1500	1447	0	1
15	81.0	0	1500	1447	0	1
15	82.0	0	1500	1447	0	1
15	82.0	0	1500	1447	0	1
15	81.0	0	1500	1447	0	1
15	82.0	0	1500	1447	0	1
15	81.0	0	1500	1447	0	1
15	82.0	0	1500	1447	0	1
15	82.0	0	1500	1447	0	1
15	81.0	0	1500	1447	0	0
15	30.0	0	1500	1447	0	0
15	30.0	0	1500	1447	0	0
15	30.0	0	1500	1447	0	0
15	30.0	0	1500	1447	0	0
16	30.0	0	1500	1578	0	1
16	85.0	0	1500	1578	0	1
16	84.0	0	1500	1578	0	1
16	84.0	0	1500	1578	0	1
16	85.0	0	1500	1578	0	1
16	84.0	0	1500	1578	0	1
16	85.0	0	1500	1578	0	1
16	84.0	0	1500	1578	0	1
16	84.0	0	1500	1578	0	1
16	85.0	0	1500	1578	0	1
16	84.0	0	1500	1578	0	1
16	84.0	0	1500	1578	0	1
16	85.0	0	1500	1578	0	1
16	84.0	0	1500	1578	0	1
16	85.0	0	1500	1578	0	1
16	85.0	0	1500	1578	0	1
16	84.0	0	1500	1578	0	1
16	85.0	0	1500	1578	0	1
16	85.0	0	1500	1578	0	1
16	84.0	0	1500	1578	0	1
16	85.0	0	1500	1578	0	0
16	30.0	0	1500	1578	0	0
16	30.0	0	1500	1578	0	0
16	30.0	0	1500	1578	0	0
16	30.0	0	1500	1578	0	0
17	30.0	0	1500	1710	0	1
17	65.0	0	1500	1710	0	1
17	88.0	0	1500	1710	0	1
17	87.0	0	1500	1710	0	1
17	88.0	0	1500	1710	0	1
17	88.0	0	1500	1710	0	1
17	87.0	0	1500	1710	0	1
17	88.0	0	1500	1710	0	1
17	88.0	0	1500	1710	0	1
17	87.0	0	1500	1710	0	1
17	88.0	0	1500	1710	0	1
17	87.0	0	1500	1710	0	1
17	87.0	0	1500	1710	0	1
17	88.0	0	1500	1710	0	1
17	87.0	0	1500	1710	0	1
17	87.0	0	1500	1710	0	1
17	88.0	0	1500	1710	0	1
17	87.0	0	1500	1710	0	1
17	88.0	0	1500	1710	0	1
17	87.0	0	1500	1710	0	1
17	87.0	0	1500	1710	0	0
17	30.0	0	1500	1710	0	0
17	30.0	0	1500	1710	0	0
17	30.0	0	1500	1710	0	0
17	30.0	0	1500	1710	0	0
18	30.0	0	1500	1842	0	1
18	90.0	0	1500	1842	0	1
18	90.0	0	1500	1842	0	1
18	91.0	0	1500	1842	0	1
18	90.0	0	1500	1842	0	1
18	90.0	0	1500	1842	0	1
18	90.0	0	1500	1842	0	1
18	90.0	0	1500	1842	0	1
18	91.0	0	1500	1842	0	1
18	91.0	0	1500	1842	0	1
18	90.0	0	1500	1842	0	1
18	91.0	0	1500	1842	0	1
18	90.0	0	1500	1842	0	1
18	90.0	0	1500	1842	0	1
18	91.0	0	1500	1842	0	1
18	90.0	0	1500	1842	0	1
18	90.0	0	1500	1842	0	1
18	90.0	0	1500	1842	0	1
18	90.0	0	1500	1842	0	1
18	90.0	0	1500	1842	0	1
18	91.0	0	1500	1842	0	0
18	80.0	0	1500	1842	0	0
18	30.0	0	1500	1842	0	0
18	30.0	0	1500	1842	0	0
18	30.0	0	1500	1842	0	0
19	30.0	0	1500	1973	0	1
19	81.0	0	1500	1973	0	1
19	93.0	0	1500	1973	0	1
19	92.0	0	1500	1973	0	1
19	94.0	0	1500	1973	0	1
19	93.0	0	1500	1973	0	1
19	93.0	0	1500	1973	0	1
19	93.0	0	1500	1973	0	1
19	93.0	0	1500	1973	0	1
19	93.0	0	1500	1973	0	1
19	94.0	0	1500	1973	0	1
19	93.0	0	1500	1973	0	1
19	93.0	0	1500	1973	0	1
19	93.0	0	1500	1973	0	1
19	93.0	0	1500	1973	0	1
19	94.0	0	1500	1973	0	1
19	94.0	0	1500	1973	0	1
19	93.0	0	1500	1973	0	1
19	93.0	0	1500	1973	0	1
19	93.0	0	1500	1973	0	1
19	93.0	0	1500	1973	0	0
19	30.0	0	1500	1973	0	0
19	30.0	0	1500	1973	0	0
19	30.0	0	1500	1973	0	0
19	30.0	0	1500	1973	0	0
20	30.0	0	1500	2105	0	1
20	96.0	0	1500	2105	0	1
20	96.0	0	1500	2105	0	1
20	96.0	0	1500	2105	0	1
20	96.0	0	1500	2105	0	1
20	96.0	0	1500	2105	0	1
20	97.0	0	1500	2105	0	1
20	95.0	0	1500	2105	0	1
20	96.0	0	1500	2105	0	1
20	96.0	0	1500	2105	0	1
20	96.0	0	1500	2105	0	1
20	97.0	0	1500	2105	0	1
20	96.0	0	1500	2105	0	1
20	96.0	0	1500	2105	0	1
20	96.0	0	1500	2105	0	1
20	96.0	0	1500	2105	0	1
20	97.0	0	1500	2105	0	1
20	97.0	0	1500	2105	0	1
20	96.0	0	1500	2105	0	1
20	96.0	0	1500	2105	0	1
20	96.0	0	1500	2105	0	0
20	67.0	0	1500	2105	0	0
20	30.0	0	1500	2105	0	0
20	30.0	0	1500	2105	0	0
20	30.0	0	1500	2105	0	0
21	30.0	0	1500	2236	0	1
21	100.0	0	1500	2236	0	1
21	100.0	0	1500	2236	0	1
21	99.0	0	1500	2236	0	1
21	100.0	0	1500	2236	0	1
21	99.0	0	1500	2236	0	1
21	100.0	0	1500	2236	0	1
21	100.0	0	1500	2236	0	1
21	98.0	0	1500	2236	0	1
21	99.0	0	1500	2236	0	1
21	100.0	0	1500	2236	0	1
21	99.0	0	1500	2236	0	1
21	99.0	0	1500	2236	0	1
21	99.0	0	1500	2236	0	1
21	99.0	0	1500	2236	0	1
21	100.0	0	1500	2236	0	1
21	99.0	0	1500	2236	0	1
21	98.0	0	1500	2236	0	1
21	100.0	0	1500	2236	0	1
21	99.0	0	1500	2236	0	1
21	100.0	0	1500	2236	0	0
21	30.0	0	1500	2236	0	0
21	30.0	0	1500	2236	0	0
21	30.0	0	1500	2236	0	0
21	30.0	0	1500	2236	0	0
22	30.0	0	1500	2368	0	1
22	30.0	0	1500	2368	0	1
22	103.0	0	1500	2368	0	1
22	103.0	0	1500	2368	0	1
22	102.0	0	1500	2368	0	1
22	103.0	0	1500	2368	0	1
22	103.0	0	1500	2368	0	1
22	101.0	0	1500	2368	0	1
22	103.0	0	1500	2368	0	1
22	103.0	0	1500	2368	0	1
22	102.0	0	1500	2368	0	1
22	103.0	0	1500	2368	0	1
22	102.0	0	1500	2368	0	1
22	102.0	0	1500	2368	0	1
22	103.0	0	1500	2368	0	1
22	102.0	0	1500	2368	0	1
22	101.0	0	1500	2368	0	1
22	102.0	0	1500	2368	0	1
22	102.0	0	1500	2368	0	1
22	103.0	0	1500	2368	0	1
22	102.0	0	1500	2368	0	0
22	56.0	0	1500	2368	0	0
22	30.0	0	1500	2368	0	0
22	30.0	0	1500	2368	0	0
22	30.0	0	1500	2368	0	0
23	30.0	0	1500	2500	0	1
23	105.0	0	1500	2500	0	1
23	104.0	0	1500	2500	0	1
23	105.0	0	1500	2500	0	1
23	105.0	0	1500	2500	0	1
23	105.0	0	1500	2500	0	1
23	105.0	0	1500	2500	0	1
23	105.0	0	1500	2500	0	1
23	104.0	0	1500	2500	0	1
23	105.0	0	1500	2500	0	1
23	105.0	0	1500	2500	0	1
23	104.0	0	1500	2500	0	1
23	105.0	0	1500	2500	0	1
23	105.0	0	1500	2500	0	1
23	105.0	0	1500	2500	0	1
23	105.0	0	1500	2500	0	1
23	105.0	0	1500	2500	0	1
23	105.0	0	1500	2500	0	1
23	105.0	0	1500	2500	0	1
23	105.0	0	1500	2500	0	1
