Stim	Lux	Yellow	Red	Blue	Blue2	Trig
1	72.0	0	0	0	1200	1
1	76.0	0	0	0	1200	1
1	76.0	0	0	0	1200	1
1	76.0	0	0	0	1200	1
1	76.0	0	0	0	1200	1
1	76.0	0	0	0	1200	1
1	76.0	0	0	0	1200	1
1	76.0	0	0	0	1200	1
1	76.0	0	0	0	1200	1
1	76.0	0	0	0	1200	1
1	77.0	0	0	0	1200	1
1	77.0	0	0	0	1200	1
1	77.0	0	0	0	1200	1
1	77.0	0	0	0	1200	1
1	77.0	0	0	0	1200	1
1	77.0	0	0	0	1200	1
1	77.0	0	0	0	1200	1
1	77.0	0	0	0	1200	1
1	77.0	0	0	0	1200	1
1	77.0	0	0	0	1200	1
1	77.0	0	0	0	1200	0
1	30.0	0	0	0	1200	0
1	30.0	0	0	0	1200	0
1	30.0	0	0	0	1200	0
1	30.0	0	0	0	1200	0
2	47.0	0	0	0	1200	1
2	77.0	0	0	0	1200	1
2	77.0	0	0	0	1200	1
2	77.0	0	0	0	1200	1
2	77.0	0	0	0	1200	1
2	77.0	0	0	0	1200	1
2	77.0	0	0	0	1200	1
2	77.0	0	0	0	1200	1
2	77.0	0	0	0	1200	1
2	77.0	0	0	0	1200	1
2	77.0	0	0	0	1200	1
2	76.0	0	0	0	1200	1
2	76.0	0	0	0	1200	1
2	76.0	0	0	0	1200	1
2	76.0	0	0	0	1200	1
2	76.0	0	0	0	1200	1
2	77.0	0	0	0	1200	1
2	77.0	0	0	0	1200	1
2	76.0	0	0	0	1200	1
2	77.0	0	0	0	1200	1
2	45.0	0	0	0	1200	0
2	30.0	0	0	0	1200	0
2	30.0	0	0	0	1200	0
2	30.0	0	0	0	1200	0
2	30.0	0	0	0	1200	0
3	30.0	0	0	0	1200	1
3	77.0	0	0	0	1200	1
3	77.0	0	0	0	1200	1
3	77.0	0	0	0	1200	1
3	77.0	0	0	0	1200	1
3	77.0	0	0	0	1200	1
3	76.0	0	0	0	1200	1
3	77.0	0	0	0	1200	1
3	77.0	0	0	0	1200	1
3	77.0	0	0	0	1200	1
3	76.0	0	0	0	1200	1
3	76.0	0	0	0	1200	1
3	77.0	0	0	0	1200	1
3	77.0	0	0	0	1200	1
3	77.0	0	0	0	1200	1
3	77.0	0	0	0	1200	1
3	76.0	0	0	0	1200	1
3	77.0	0	0	0	1200	1
3	77.0	0	0	0	1200	1
3	76.0	0	0	0	1200	1
3	70.0	0	0	0	1200	0
3	30.0	0	0	0	1200	0
3	30.0	0	0	0	1200	0
3	30.0	0	0	0	1200	0
3	30.0	0	0	0	1200	0
4	30.0	0	0	0	1200	1
4	53.0	0	0	0	1200	1
4	53.0	0	0	0	1200	1
4	53.0	0	0	0	1200	1
4	53.0	0	0	0	1200	1
4	53.0	0	0	0	1200	1
4	53.0	0	0	0	1200	1
4	53.0	0	0	0	1200	1
4	53.0	0	0	0	1200	1
4	53.0	0	0	0	1200	1
4	53.0	0	0	0	1200	1
4	53.0	0	0	0	1200	1
4	53.0	0	0	0	1200	1
4	53.0	0	0	0	1200	1
4	53.0	0	0	0	1200	1
4	53.0	0	0	0	1200	1
4	53.0	0	0	0	1200	1
4	54.0	0	0	0	1200	1
4	54.0	0	0	0	1200	1
4	53.0	0	0	0	1200	1
4	30.0	0	0	0	1200	0
4	30.0	0	0	0	1200	0
4	30.0	0	0	0	1200	0
4	30.0	0	0	0	1200	0
4	30.0	0	0	0	1200	0
5	30.0	0	0	131	1200	1
5	54.0	0	0	131	1200	1
5	54.0	0	0	131	1200	1
5	54.0	0	0	131	1200	1
5	54.0	0	0	131	1200	1
5	54.0	0	0	131	1200	1
5	54.0	0	0	131	1200	1
5	54.0	0	0	131	1200	1
5	54.0	0	0	131	1200	1
5	54.0	0	0	131	1200	1
5	54.0	0	0	131	1200	1
5	54.0	0	0	131	1200	1
5	54.0	0	0	131	1200	1
5	54.0	0	0	131	1200	1
5	54.0	0	0	131	1200	1
5	54.0	0	0	131	1200	1
5	54.0	0	0	131	1200	1
5	54.0	0	0	131	1200	1
5	54.0	0	0	131	1200	1
5	54.0	0	0	131	1200	1
5	54.0	0	0	131	1200	0
5	30.0	0	0	131	1200	0
5	30.0	0	0	131	1200	0
5	30.0	0	0	131	1200	0
5	30.0	0	0	131	1200	0
6	38.0	0	0	263	1200	1
6	56.0	0	0	263	1200	1
6	56.0	0	0	263	1200	1
6	56.0	0	0	263	1200	1
6	56.0	0	0	263	1200	1
6	56.0	0	0	263	1200	1
6	56.0	0	0	263	1200	1
6	56.0	0	0	263	1200	1
6	56.0	0	0	263	1200	1
6	56.0	0	0	263	1200	1
6	56.0	0	0	263	1200	1
6	56.0	0	0	263	1200	1
6	56.0	0	0	263	1200	1
6	56.0	0	0	263	1200	1
6	56.0	0	0	263	1200	1
6	56.0	0	0	263	1200	1
6	56.0	0	0	263	1200	1
6	56.0	0	0	263	1200	1
6	56.0	0	0	263	1200	1
6	56.0	0	0	263	1200	1
6	56.0	0	0	263	1200	0
6	30.0	0	0	263	1200	0
6	30.0	0	0	263	1200	0
6	30.0	0	0	263	1200	0
6	30.0	0	0	263	1200	0
7	30.0	0	0	394	1200	1
7	51.0	0	0	394	1200	1
7	59.0	0	0	394	1200	1
7	59.0	0	0	394	1200	1
7	59.0	0	0	394	1200	1
7	59.0	0	0	394	1200	1
7	59.0	0	0	394	1200	1
7	59.0	0	0	394	1200	1
7	59.0	0	0	394	1200	1
7	59.0	0	0	394	1200	1
7	59.0	0	0	394	1200	1
7	59.0	0	0	394	1200	1
7	59.0	0	0	394	1200	1
7	59.0	0	0	394	1200	1
7	59.0	0	0	394	1200	1
7	59.0	0	0	394	1200	1
7	59.0	0	0	394	1200	1
7	59.0	0	0	394	1200	1
7	59.0	0	0	394	1200	1
7	59.0	0	0	394	1200	1
7	41.0	0	0	394	1200	0
7	30.0	0	0	394	1200	0
7	30.0	0	0	394	1200	0
7	30.0	0	0	394	1200	0
7	30.0	0	0	394	1200	0
8	44.0	0	0	526	1200	1
8	62.0	0	0	526	1200	1
8	62.0	0	0	526	1200	1
8	62.0	0	0	526	1200	1
8	62.0	0	0	526	1200	1
8	62.0	0	0	526	1200	1
8	62.0	0	0	526	1200	1
8	62.0	0	0	526	1200	1
8	62.0	0	0	526	1200	1
8	62.0	0	0	526	1200	1
8	62.0	0	0	526	1200	1
8	62.0	0	0	526	1200	1
8	62.0	0	0	526	1200	1
8	62.0	0	0	526	1200	1
8	62.0	0	0	526	1200	1
8	62.0	0	0	526	1200	1
8	62.0	0	0	526	1200	1
8	62.0	0	0	526	1200	1
8	62.0	0	0	526	1200	1
8	62.0	0	0	526	1200	1
8	62.0	0	0	526	1200	0
8	30.0	0	0	526	1200	0
8	30.0	0	0	526	1200	0
8	30.0	0	0	526	1200	0
8	30.0	0	0	526	1200	0
9	30.0	0	0	657	1200	1
9	65.0	0	0	657	1200	1
9	65.0	0	0	657	1200	1
9	65.0	0	0	657	1200	1
9	65.0	0	0	657	1200	1
9	65.0	0	0	657	1200	1
9	65.0	0	0	657	1200	1
9	65.0	0	0	657	1200	1
9	65.0	0	0	657	1200	1
9	65.0	0	0	657	1200	1
9	65.0	0	0	657	1200	1
9	65.0	0	0	657	1200	1
9	65.0	0	0	657	1200	1
9	65.0	0	0	657	1200	1
9	65.0	0	0	657	1200	1
9	65.0	0	0	657	1200	1
9	65.0	0	0	657	1200	1
9	65.0	0	0	657	1200	1
9	65.0	0	0	657	1200	1
9	65.0	0	0	657	1200	1
9	50.0	0	0	657	1200	0
9	30.0	0	0	657	1200	0
9	30.0	0	0	657	1200	0
9	30.0	0	0	657	1200	0
9	30.0	0	0	657	1200	0
10	30.0	0	0	789	1200	1
10	41.0	0	0	789	1200	1
10	68.0	0	0	789	1200	1
10	68.0	0	0	789	1200	1
10	67.0	0	0	789	1200	1
10	68.0	0	0	789	1200	1
10	68.0	0	0	789	1200	1
10	68.0	0	0	789	1200	1
10	67.0	0	0	789	1200	1
10	67.0	0	0	789	1200	1
10	67.0	0	0	789	1200	1
10	67.0	0	0	789	1200	1
10	67.0	0	0	789	1200	1
10	67.0	0	0	789	1200	1
10	68.0	0	0	789	1200	1
10	67.0	0	0	789	1200	1
10	67.0	0	0	789	1200	1
10	67.0	0	0	789	1200	1
10	67.0	0	0	789	1200	1
10	67.0	0	0	789	1200	1
10	67.0	0	0	789	1200	0
10	30.0	0	0	789	1200	0
10	30.0	0	0	789	1200	0
10	30.0	0	0	789	1200	0
10	30.0	0	0	789	1200	0
11	30.0	0	0	921	1200	1
11	70.0	0	0	921	1200	1
11	70.0	0	0	921	1200	1
11	71.0	0	0	921	1200	1
11	70.0	0	0	921	1200	1
11	70.0	0	0	921	1200	1
11	70.0	0	0	921	1200	1
11	70.0	0	0	921	1200	1
11	71.0	0	0	921	1200	1
11	70.0	0	0	921	1200	1
11	70.0	0	0	921	1200	1
11	71.0	0	0	921	1200	1
11	70.0	0	0	921	1200	1
11	70.0	0	0	921	1200	1
11	70.0	0	0	921	1200	1
11	70.0	0	0	921	1200	1
11	71.0	0	0	921	1200	1
11	70.0	0	0	921	1200	1
11	70.0	0	0	921	1200	1
11	70.0	0	0	921	1200	1
11	70.0	0	0	921	1200	0
11	30.0	0	0	921	1200	0
11	30.0	0	0	921	1200	0
11	30.0	0	0	921	1200	0
11	30.0	0	0	921	1200	0
12	30.0	0	0	1052	1200	1
12	57.0	0	0	1052	1200	1
12	73.0	0	0	1052	1200	1
12	73.0	0	0	1052	1200	1
12	73.0	0	0	1052	1200	1
12	73.0	0	0	1052	1200	1
12	73.0	0	0	1052	1200	1
12	73.0	0	0	1052	1200	1
12	73.0	0	0	1052	1200	1
12	73.0	0	0	1052	1200	1
12	73.0	0	0	1052	1200	1
12	73.0	0	0	1052	1200	1
12	73.0	0	0	1052	1200	1
12	73.0	0	0	1052	1200	1
12	73.0	0	0	1052	1200	1
12	73.0	0	0	1052	1200	1
12	73.0	0	0	1052	1200	1
12	73.0	0	0	1052	1200	1
12	73.0	0	0	1052	1200	1
12	73.0	0	0	1052	1200	1
12	68.0	0	0	1052	1200	0
12	30.0	0	0	1052	1200	0
12	30.0	0	0	1052	1200	0
12	30.0	0	0	1052	1200	0
12	30.0	0	0	1052	1200	0
13	30.0	0	0	1184	1200	1
13	76.0	0	0	1184	1200	1
13	76.0	0	0	1184	1200	1
13	76.0	0	0	1184	1200	1
13	76.0	0	0	1184	1200	1
13	76.0	0	0	1184	1200	1
13	76.0	0	0	1184	1200	1
13	76.0	0	0	1184	1200	1
13	76.0	0	0	1184	1200	1
13	76.0	0	0	1184	1200	1
13	76.0	0	0	1184	1200	1
13	76.0	0	0	1184	1200	1
13	76.0	0	0	1184	1200	1
13	76.0	0	0	1184	1200	1
13	76.0	0	0	1184	1200	1
13	76.0	0	0	1184	1200	1
13	76.0	0	0	1184	1200	1
13	76.0	0	0	1184	1200	1
13	76.0	0	0	1184	1200	1
13	76.0	0	0	1184	1200	1
13	76.0	0	0	1184	1200	0
13	38.0	0	0	1184	1200	0
13	30.0	0	0	1184	1200	0
13	30.0	0	0	1184	1200	0
13	30.0	0	0	1184	1200	0
14	30.0	0	0	1315	1200	1
14	66.0	0	0	1315	1200	1
14	79.0	0	0	1315	1200	1
14	79.0	0	0	1315	1200	1
14	79.0	0	0	1315	1200	1
14	79.0	0	0	1315	1200	1
14	79.0	0	0	1315	1200	1
14	79.0	0	0	1315	1200	1
14	79.0	0	0	1315	1200	1
14	79.0	0	0	1315	1200	1
14	79.0	0	0	1315	1200	1
14	79.0	0	0	1315	1200	1
14	79.0	0	0	1315	1200	1
14	79.0	0	0	1315	1200	1
14	79.0	0	0	1315	1200	1
14	79.0	0	0	1315	1200	1
14	79.0	0	0	1315	1200	1
14	79.0	0	0	1315	1200	1
14	79.0	0	0	1315	1200	1
14	79.0	0	0	1315	1200	1
14	67.0	0	0	1315	1200	0
14	30.0	0	0	1315	1200	0
14	30.0	0	0	1315	1200	0
14	30.0	0	0	1315	1200	0
14	30.0	0	0	1315	1200	0
15	30.0	0	0	1447	1200	1
15	82.0	0	0	1447	1200	1
15	82.0	0	0	1447	1200	1
15	82.0	0	0	1447	1200	1
15	82.0	0	0	1447	1200	1
15	82.0	0	0	1447	1200	1
15	82.0	0	0	1447	1200	1
15	82.0	0	0	1447	1200	1
15	82.0	0	0	1447	1200	1
15	82.0	0	0	1447	1200	1
15	82.0	0	0	1447	1200	1
15	82.0	0	0	1447	1200	1
15	82.0	0	0	1447	1200	1
15	82.0	0	0	1447	1200	1
15	82.0	0	0	1447	1200	1
15	82.0	0	0	1447	1200	1
15	82.0	0	0	1447	1200	1
15	82.0	0	0	1447	1200	1
15	82.0	0	0	1447	1200	1
15	82.0	0	0	1447	1200	1
15	82.0	0	0	1447	1200	0
15	30.0	0	0	1447	1200	0
15	30.0	0	0	1447	1200	0
15	30.0	0	0	1447	1200	0
15	30.0	0	0	1447	1200	0
16	30.0	0	0	1578	1200	1
16	78.0	0	0	1578	1200	1
16	85.0	0	0	1578	1200	1
16	85.0	0	0	1578	1200	1
16	85.0	0	0	1578	1200	1
16	85.0	0	0	1578	1200	1
16	85.0	0	0	1578	1200	1
16	85.0	0	0	1578	1200	1
16	85.0	0	0	1578	1200	1
16	85.0	0	0	1578	1200	1
16	85.0	0	0	1578	1200	1
16	85.0	0	0	1578	1200	1
16	85.0	0	0	1578	1200	1
16	85.0	0	0	1578	1200	1
16	85.0	0	0	1578	1200	1
16	85.0	0	0	1578	1200	1
16	85.0	0	0	1578	1200	1
16	85.0	0	0	1578	1200	1
16	85.0	0	0	1578	1200	1
16	85.0	0	0	1578	1200	1
16	67.0	0	0	1578	1200	0
16	30.0	0	0	1578	1200	0
16	30.0	0	0	1578	1200	0
16	30.0	0	0	1578	1200	0
16	30.0	0	0	1578	1200	0
17	30.0	0	0	1710	1200	1
17	44.0	0	0	1710	1200	1
17	88.0	0	0	1710	1200	1
17	88.0	0	0	1710	1200	1
17	88.0	0	0	1710	1200	1
17	88.0	0	0	1710	1200	1
17	88.0	0	0	1710	1200	1
17	88.0	0	0	1710	1200	1
17	88.0	0	0	1710	1200	1
17	88.0	0	0	1710	1200	1
17	88.0	0	0	1710	1200	1
17	88.0	0	0	1710	1200	1
17	88.0	0	0	1710	1200	1
17	88.0	0	0	1710	1200	1
17	88.0	0	0	1710	1200	1
17	88.0	0	0	1710	1200	1
17	88.0	0	0	1710	1200	1
17	88.0	0	0	1710	1200	1
17	88.0	0	0	1710	1200	1
17	88.0	0	0	1710	1200	1
17	88.0	0	0	1710	1200	0
17	30.0	0	0	1710	1200	0
17	30.0	0	0	1710	1200	0
17	30.0	0	0	1710	1200	0
17	30.0	0	0	1710	1200	0
18	30.0	0	0	1842	1200	1
18	91.0	0	0	1842	1200	1
18	91.0	0	0	1842	1200	1
18	91.0	0	0	1842	1200	1
18	91.0	0	0	1842	1200	1
18	91.0	0	0	1842	1200	1
18	91.0	0	0	1842	1200	1
18	91.0	0	0	1842	1200	1
18	91.0	0	0	1842	1200	1
18	91.0	0	0	1842	1200	1
18	91.0	0	0	1842	1200	1
18	91.0	0	0	1842	1200	1
18	91.0	0	0	1842	1200	1
18	91.0	0	0	1842	1200	1
18	91.0	0	0	1842	1200	1
18	91.0	0	0	1842	1200	1
18	91.0	0	0	1842	1200	1
18	91.0	0	0	1842	1200	1
18	91.0	0	0	1842	1200	1
18	91.0	0	0	1842	1200	1
18	91.0	0	0	1842	1200	0
18	50.0	0	0	1842	1200	0
18	30.0	0	0	1842	1200	0
18	30.0	0	0	1842	1200	0
18	30.0	0	0	1842	1200	0
19	30.0	0	0	1973	1200	1
19	63.0	0	0	1973	1200	1
19	94.0	0	0	1973	1200	1
19	94.0	0	0	1973	1200	1
19	94.0	0	0	1973	1200	1
19	94.0	0	0	1973	1200	1
19	94.0	0	0	1973	1200	1
19	94.0	0	0	1973	1200	1
19	94.0	0	0	1973	1200	1
19	94.0	0	0	1973	1200	1
19	94.0	0	0	1973	1200	1
19	94.0	0	0	1973	1200	1
19	94.0	0	0	1973	1200	1
19	94.0	0	0	1973	1200	1
19	94.0	0	0	1973	1200	1
19	94.0	0	0	1973	1200	1
19	94.0	0	0	1973	1200	1
19	94.0	0	0	1973	1200	1
19	94.0	0	0	1973	1200	1
19	94.0	0	0	1973	1200	1
19	94.0	0	0	1973	1200	0
19	30.0	0	0	1973	1200	0
19	30.0	0	0	1973	1200	0
19	30.0	0	0	1973	1200	0
19	30.0	0	0	1973	1200	0
20	30.0	0	0	2105	1200	1
20	97.0	0	0	2105	1200	1
20	97.0	0	0	2105	1200	1
20	97.0	0	0	2105	1200	1
20	97.0	0	0	2105	1200	1
20	97.0	0	0	2105	1200	1
20	97.0	0	0	2105	1200	1
20	97.0	0	0	2105	1200	1
20	97.0	0	0	2105	1200	1
20	97.0	0	0	2105	1200	1
20	97.0	0	0	2105	1200	1
20	97.0	0	0	2105	1200	1
20	97.0	0	0	2105	1200	1
20	97.0	0	0	2105	1200	1
20	97.0	0	0	2105	1200	1
20	97.0	0	0	2105	1200	1
20	97.0	0	0	2105	1200	1
20	97.0	0	0	2105	1200	1
20	97.0	0	0	2105	1200	1
20	97.0	0	0	2105	1200	1
20	97.0	0	0	2105	1200	0
20	46.0	0	0	2105	1200	0
20	30.0	0	0	2105	1200	0
20	30.0	0	0	2105	1200	0
20	30.0	0	0	2105	1200	0
21	30.0	0	0	2236	1200	1
21	63.0	0	0	2236	1200	1
21	100.0	0	0	2236	1200	1
21	100.0	0	0	2236	1200	1
21	100.0	0	0	2236	1200	1
21	100.0	0	0	2236	1200	1
21	100.0	0	0	2236	1200	1
21	100.0	0	0	2236	1200	1
21	100.0	0	0	2236	1200	1
21	100.0	0	0	2236	1200	1
21	100.0	0	0	2236	1200	1
21	100.0	0	0	2236	1200	1
21	100.0	0	0	2236	1200	1
21	100.0	0	0	2236	1200	1
21	100.0	0	0	2236	1200	1
21	100.0	0	0	2236	1200	1
21	100.0	0	0	2236	1200	1
21	100.0	0	0	2236	1200	1
21	100.0	0	0	2236	1200	1
21	100.0	0	0	2236	1200	1
21	87.0	0	0	2236	1200	0
21	30.0	0	0	2236	1200	0
21	30.0	0	0	2236	1200	0
21	30.0	0	0	2236	1200	0
21	30.0	0	0	2236	1200	0
22	30.0	0	0	2368	1200	1
22	30.0	0	0	2368	1200	1
22	103.0	0	0	2368	1200	1
22	103.0	0	0	2368	1200	1
22	103.0	0	0	2368	1200	1
22	103.0	0	0	2368	1200	1
22	103.0	0	0	2368	1200	1
22	103.0	0	0	2368	1200	1
22	103.0	0	0	2368	1200	1
22	103.0	0	0	2368	1200	1
22	103.0	0	0	2368	1200	1
22	103.0	0	0	2368	1200	1
22	103.0	0	0	2368	1200	1
22	103.0	0	0	2368	1200	1
22	103.0	0	0	2368	1200	1
22	103.0	0	0	2368	1200	1
22	103.0	0	0	2368	1200	1
22	103.0	0	0	2368	1200	1
22	103.0	0	0	2368	1200	1
22	103.0	0	0	2368	1200	1
22	103.0	0	0	2368	1200	0
22	48.0	0	0	2368	1200	0
22	30.0	0	0	2368	1200	0
22	30.0	0	0	2368	1200	0
22	30.0	0	0	2368	1200	0
23	30.0	0	0	2500	1200	1
23	79.0	0	0	2500	1200	1
23	106.0	0	0	2500	1200	1
23	106.0	0	0	2500	1200	1
23	106.0	0	0	2500	1200	1
23	106.0	0	0	2500	1200	1
23	106.0	0	0	2500	1200	1
23	106.0	0	0	2500	1200	1
23	106.0	0	0	2500	1200	1
23	106.0	0	0	2500	1200	1
23	106.0	0	0	2500	1200	1
23	106.0	0	0	2500	1200	1
23	106.0	0	0	2500	1200	1
23	106.0	0	0	2500	1200	1
23	106.0	0	0	2500	1200	1
23	106.0	0	0	2500	1200	1
23	106.0	0	0	2500	1200	1
23	106.0	0	0	2500	1200	1
23	106.0	0	0	2500	1200	1
23	106.0	0	0	2500	1200	1
