Stim	Lux	Yellow	Red	Blue	Blue2	Trig
1	64.0	0	1500	0	0	1
1	68.0	0	1500	0	0	1
1	68.0	0	1500	0	0	1
1	68.0	0	1500	0	0	1
1	68.0	0	1500	0	0	1
1	68.0	0	1500	0	0	1
1	68.0	0	1500	0	0	1
1	68.0	0	1500	0	0	1
1	68.0	0	1500	0	0	1
1	68.0	0	1500	0	0	1
1	68.0	0	1500	0	0	1
1	68.0	0	1500	0	0	1
1	68.0	0	1500	0	0	1
1	68.0	0	1500	0	0	1
1	68.0	0	1500	0	0	1
1	68.0	0	1500	0	0	1
1	68.0	0	1500	0	0	1
1	68.0	0	1500	0	0	1
1	68.0	0	1500	0	0	1
1	68.0	0	1500	0	0	1
1	68.0	0	1500	0	0	0
1	27.0	0	1500	0	0	0
1	27.0	0	1500	0	0	0
1	27.0	0	1500	0	0	0
1	27.0	0	1500	0	0	0
2	42.0	0	1500	0	0	1
2	68.0	0	1500	0	0	1
2	68.0	0	1500	0	0	1
2	68.0	0	1500	0	0	1
2	68.0	0	1500	0	0	1
2	68.0	0	1500	0	0	1
2	68.0	0	1500	0	0	1
2	68.0	0	1500	0	0	1
2	68.0	0	1500	0	0	1
2	68.0	0	1500	0	0	1
2	68.0	0	1500	0	0	1
2	68.0	0	1500	0	0	1
2	68.0	0	1500	0	0	1
2	68.0	0	1500	0	0	1
2	68.0	0	1500	0	0	1
2	68.0	0	1500	0	0	1
2	68.0	0	1500	0	0	1
2	68.0	0	1500	0	0	1
2	68.0	0	1500	0	0	1
2	68.0	0	1500	0	0	1
2	40.0	0	1500	0	0	0
2	27.0	0	1500	0	0	0
2	27.0	0	1500	0	0	0
2	27.0	0	1500	0	0	0
2	27.0	0	1500	0	0	0
3	27.0	0	1500	0	0	1
3	68.0	0	1500	0	0	1
3	68.0	0	1500	0	0	1
3	68.0	0	1500	0	0	1
3	68.0	0	1500	0	0	1
3	68.0	0	1500	0	0	1
3	68.0	0	1500	0	0	1
3	68.0	0	1500	0	0	1
3	68.0	0	1500	0	0	1
3	68.0	0	1500	0	0	1
3	68.0	0	1500	0	0	1
3	68.0	0	1500	0	0	1
3	68.0	0	1500	0	0	1
3	68.0	0	1500	0	0	1
3	68.0	0	1500	0	0	1
3	68.0	0	1500	0	0	1
3	68.0	0	1500	0	0	1
3	68.0	0	1500	0	0	1
3	68.0	0	1500	0	0	1
3	68.0	0	1500	0	0	1
3	63.0	0	1500	0	0	0
3	27.0	0	1500	0	0	0
3	27.0	0	1500	0	0	0
3	27.0	0	1500	0	0	0
3	27.0	0	1500	0	0	0
4	27.0	0	1500	0	0	1
4	48.0	0	1500	0	0	1
4	48.0	0	1500	0	0	1
4	48.0	0	1500	0	0	1
4	48.0	0	1500	0	0	1
4	48.0	0	1500	0	0	1
4	48.0	0	1500	0	0	1
4	48.0	0	1500	0	0	1
4	48.0	0	1500	0	0	1
4	48.0	0	1500	0	0	1
4	48.0	0	1500	0	0	1
4	48.0	0	1500	0	0	1
4	48.0	0	1500	0	0	1
4	48.0	0	1500	0	0	1
4	48.0	0	1500	0	0	1
4	48.0	0	1500	0	0	1
4	48.0	0	1500	0	0	1
4	48.0	0	1500	0	0	1
4	48.0	0	1500	0	0	1
4	48.0	0	1500	0	0	1
4	34.0	0	1500	0	0	0
4	27.0	0	1500	0	0	0
4	27.0	0	1500	0	0	0
4	27.0	0	1500	0	0	0
4	27.0	0	1500	0	0	0
5	27.0	0	1500	131	0	1
5	48.0	0	1500	131	0	1
5	47.0	0	1500	131	0	1
5	48.0	0	1500	131	0	1
5	48.0	0	1500	131	0	1
5	48.0	0	1500	131	0	1
5	48.0	0	1500	131	0	1
5	48.0	0	1500	131	0	1
5	48.0	0	1500	131	0	1
5	48.0	0	1500	131	0	1
5	48.0	0	1500	131	0	1
5	48.0	0	1500	131	0	1
5	48.0	0	1500	131	0	1
5	48.0	0	1500	131	0	1
5	48.0	0	1500	131	0	1
5	48.0	0	1500	131	0	1
5	48.0	0	1500	131	0	1
5	48.0	0	1500	131	0	1
5	48.0	0	1500	131	0	1
5	48.0	0	1500	131	0	1
5	48.0	0	1500	131	0	0
5	27.0	0	1500	131	0	0
5	27.0	0	1500	131	0	0
5	27.0	0	1500	131	0	0
5	27.0	0	1500	131	0	0
6	34.0	0	1500	263	0	1
6	48.0	0	1500	263	0	1
6	48.0	0	1500	263	0	1
6	48.0	0	1500	263	0	1
6	48.0	0	1500	263	0	1
6	48.0	0	1500	263	0	1
6	48.0	0	1500	263	0	1
6	48.0	0	1500	263	0	1
6	48.0	0	1500	263	0	1
6	48.0	0	1500	263	0	1
6	48.0	0	1500	263	0	1
6	48.0	0	1500	263	0	1
6	48.0	0	1500	263	0	1
6	48.0	0	1500	263	0	1
6	48.0	0	1500	263	0	1
6	48.0	0	1500	263	0	1
6	48.0	0	1500	263	0	1
6	48.0	0	1500	263	0	1
6	48.0	0	1500	263	0	1
6	48.0	0	1500	263	0	1
6	48.0	0	1500	263	0	0
6	27.0	0	1500	263	0	0
6	27.0	0	1500	263	0	0
6	27.0	0	1500	263	0	0
6	27.0	0	1500	263	0	0
7	27.0	0	1500	394	0	1
7	48.0	0	1500	394	0	1
7	48.0	0	1500	394	0	1
7	48.0	0	1500	394	0	1
7	48.0	0	1500	394	0	1
7	48.0	0	1500	394	0	1
7	48.0	0	1500	394	0	1
7	48.0	0	1500	394	0	1
7	48.0	0	1500	394	0	1
7	48.0	0	1500	394	0	1
7	48.0	0	1500	394	0	1
7	48.0	0	1500	394	0	1
7	48.0	0	1500	394	0	1
7	48.0	0	1500	394	0	1
7	48.0	0	1500	394	0	1
7	48.0	0	1500	394	0	1
7	48.0	0	1500	394	0	1
7	48.0	0	1500	394	0	1
7	48.0	0	1500	394	0	1
7	48.0	0	1500	394	0	1
7	48.0	0	1500	394	0	0
7	27.0	0	1500	394	0	0
7	27.0	0	1500	394	0	0
7	27.0	0	1500	394	0	0
7	27.0	0	1500	394	0	0
8	40.0	0	1500	526	0	1
8	48.0	0	1500	526	0	1
8	48.0	0	1500	526	0	1
8	48.0	0	1500	526	0	1
8	48.0	0	1500	526	0	1
8	48.0	0	1500	526	0	1
8	48.0	0	1500	526	0	1
8	49.0	0	1500	526	0	1
8	48.0	0	1500	526	0	1
8	48.0	0	1500	526	0	1
8	48.0	0	1500	526	0	1
8	48.0	0	1500	526	0	1
8	48.0	0	1500	526	0	1
8	48.0	0	1500	526	0	1
8	48.0	0	1500	526	0	1
8	49.0	0	1500	526	0	1
8	48.0	0	1500	526	0	1
8	48.0	0	1500	526	0	1
8	49.0	0	1500	526	0	1
8	48.0	0	1500	526	0	1
8	48.0	0	1500	526	0	0
8	27.0	0	1500	526	0	0
8	27.0	0	1500	526	0	0
8	27.0	0	1500	526	0	0
8	27.0	0	1500	526	0	0
9	27.0	0	1500	657	0	1
9	48.0	0	1500	657	0	1
9	48.0	0	1500	657	0	1
9	49.0	0	1500	657	0	1
9	48.0	0	1500	657	0	1
9	49.0	0	1500	657	0	1
9	49.0	0	1500	657	0	1
9	48.0	0	1500	657	0	1
9	49.0	0	1500	657	0	1
9	49.0	0	1500	657	0	1
9	48.0	0	1500	657	0	1
9	49.0	0	1500	657	0	1
9	48.0	0	1500	657	0	1
9	49.0	0	1500	657	0	1
9	49.0	0	1500	657	0	1
9	48.0	0	1500	657	0	1
9	48.0	0	1500	657	0	1
9	49.0	0	1500	657	0	1
9	48.0	0	1500	657	0	1
9	49.0	0	1500	657	0	1
9	45.0	0	1500	657	0	0
9	27.0	0	1500	657	0	0
9	27.0	0	1500	657	0	0
9	27.0	0	1500	657	0	0
9	27.0	0	1500	657	0	0
10	27.0	0	1500	789	0	1
10	45.0	0	1500	789	0	1
10	49.0	0	1500	789	0	1
10	49.0	0	1500	789	0	1
10	49.0	0	1500	789	0	1
10	49.0	0	1500	789	0	1
10	49.0	0	1500	789	0	1
10	49.0	0	1500	789	0	1
10	49.0	0	1500	789	0	1
10	49.0	0	1500	789	0	1
10	49.0	0	1500	789	0	1
10	49.0	0	1500	789	0	1
10	49.0	0	1500	789	0	1
10	49.0	0	1500	789	0	1
10	49.0	0	1500	789	0	1
10	49.0	0	1500	789	0	1
10	49.0	0	1500	789	0	1
10	49.0	0	1500	789	0	1
10	49.0	0	1500	789	0	1
10	49.0	0	1500	789	0	1
10	49.0	0	1500	789	0	0
10	27.0	0	1500	789	0	0
10	27.0	0	1500	789	0	0
10	27.0	0	1500	789	0	0
10	27.0	0	1500	789	0	0
11	27.0	0	1500	921	0	1
11	49.0	0	1500	921	0	1
11	49.0	0	1500	921	0	1
11	49.0	0	1500	921	0	1
11	49.0	0	1500	921	0	1
11	49.0	0	1500	921	0	1
11	49.0	0	1500	921	0	1
11	49.0	0	1500	921	0	1
11	49.0	0	1500	921	0	1
11	49.0	0	1500	921	0	1
11	49.0	0	1500	921	0	1
11	49.0	0	1500	921	0	1
11	49.0	0	1500	921	0	1
11	49.0	0	1500	921	0	1
11	49.0	0	1500	921	0	1
11	49.0	0	1500	921	0	1
11	49.0	0	1500	921	0	1
11	49.0	0	1500	921	0	1
11	49.0	0	1500	921	0	1
11	49.0	0	1500	921	0	1
11	49.0	0	1500	921	0	0
11	27.0	0	1500	921	0	0
11	27.0	0	1500	921	0	0
11	27.0	0	1500	921	0	0
11	27.0	0	1500	921	0	0
12	27.0	0	1500	1052	0	1
12	49.0	0	1500	1052	0	1
12	49.0	0	1500	1052	0	1
12	49.0	0	1500	1052	0	1
12	49.0	0	1500	1052	0	1
12	49.0	0	1500	1052	0	1
12	49.0	0	1500	1052	0	1
12	49.0	0	1500	1052	0	1
12	49.0	0	1500	1052	0	1
12	49.0	0	1500	1052	0	1
12	49.0	0	1500	1052	0	1
12	49.0	0	1500	1052	0	1
12	49.0	0	1500	1052	0	1
12	49.0	0	1500	1052	0	1
12	49.0	0	1500	1052	0	1
12	49.0	0	1500	1052	0	1
12	49.0	0	1500	1052	0	1
12	49.0	0	1500	1052	0	1
12	49.0	0	1500	1052	0	1
12	49.0	0	1500	1052	0	1
12	49.0	0	1500	1052	0	0
12	27.0	0	1500	1052	0	0
12	27.0	0	1500	1052	0	0
12	27.0	0	1500	1052	0	0
12	27.0	0	1500	1052	0	0
13	27.0	0	1500	1184	0	1
13	49.0	0	1500	1184	0	1
13	50.0	0	1500	1184	0	1
13	50.0	0	1500	1184	0	1
13	49.0	0	1500	1184	0	1
13	50.0	0	1500	1184	0	1
13	50.0	0	1500	1184	0	1
13	50.0	0	1500	1184	0	1
13	50.0	0	1500	1184	0	1
13	49.0	0	1500	1184	0	1
13	49.0	0	1500	1184	0	1
13	50.0	0	1500	1184	0	1
13	49.0	0	1500	1184	0	1
13	49.0	0	1500	1184	0	1
13	49.0	0	1500	1184	0	1
13	49.0	0	1500	1184	0	1
13	50.0	0	1500	1184	0	1
13	49.0	0	1500	1184	0	1
13	49.0	0	1500	1184	0	1
13	50.0	0	1500	1184	0	1
13	49.0	0	1500	1184	0	0
13	35.0	0	1500	1184	0	0
13	27.0	0	1500	1184	0	0
13	27.0	0	1500	1184	0	0
13	27.0	0	1500	1184	0	0
14	27.0	0	1500	1315	0	1
14	50.0	0	1500	1315	0	1
14	49.0	0	1500	1315	0	1
14	50.0	0	1500	1315	0	1
14	49.0	0	1500	1315	0	1
14	49.0	0	1500	1315	0	1
14	50.0	0	1500	1315	0	1
14	50.0	0	1500	1315	0	1
14	49.0	0	1500	1315	0	1
14	50.0	0	1500	1315	0	1
14	50.0	0	1500	1315	0	1
14	49.0	0	1500	1315	0	1
14	50.0	0	1500	1315	0	1
14	49.0	0	1500	1315	0	1
14	50.0	0	1500	1315	0	1
14	50.0	0	1500	1315	0	1
14	49.0	0	1500	1315	0	1
14	50.0	0	1500	1315	0	1
14	50.0	0	1500	1315	0	1
14	49.0	0	1500	1315	0	1
14	50.0	0	1500	1315	0	0
14	27.0	0	1500	1315	0	0
14	27.0	0	1500	1315	0	0
14	27.0	0	1500	1315	0	0
14	27.0	0	1500	1315	0	0
15	27.0	0	1500	1447	0	1
15	50.0	0	1500	1447	0	1
15	50.0	0	1500	1447	0	1
15	50.0	0	1500	1447	0	1
15	50.0	0	1500	1447	0	1
15	50.0	0	1500	1447	0	1
15	50.0	0	1500	1447	0	1
15	50.0	0	1500	1447	0	1
15	50.0	0	1500	1447	0	1
15	50.0	0	1500	1447	0	1
15	50.0	0	1500	1447	0	1
15	50.0	0	1500	1447	0	1
15	50.0	0	1500	1447	0	1
15	50.0	0	1500	1447	0	1
15	50.0	0	1500	1447	0	1
15	50.0	0	1500	1447	0	1
15	50.0	0	1500	1447	0	1
15	50.0	0	1500	1447	0	1
15	50.0	0	1500	1447	0	1
15	50.0	0	1500	1447	0	1
15	50.0	0	1500	1447	0	0
15	27.0	0	1500	1447	0	0
15	27.0	0	1500	1447	0	0
15	27.0	0	1500	1447	0	0
15	27.0	0	1500	1447	0	0
16	27.0	0	1500	1578	0	1
16	50.0	0	1500	1578	0	1
16	50.0	0	1500	1578	0	1
16	50.0	0	1500	1578	0	1
16	50.0	0	1500	1578	0	1
16	50.0	0	1500	1578	0	1
16	50.0	0	1500	1578	0	1
16	50.0	0	1500	1578	0	1
16	50.0	0	1500	1578	0	1
16	50.0	0	1500	1578	0	1
16	50.0	0	1500	1578	0	1
16	50.0	0	1500	1578	0	1
16	50.0	0	1500	1578	0	1
16	50.0	0	1500	1578	0	1
16	50.0	0	1500	1578	0	1
16	50.0	0	1500	1578	0	1
16	50.0	0	1500	1578	0	1
16	50.0	0	1500	1578	0	1
16	50.0	0	1500	1578	0	1
16	50.0	0	1500	1578	0	1
16	50.0	0	1500	1578	0	0
16	27.0	0	1500	1578	0	0
16	27.0	0	1500	1578	0	0
16	27.0	0	1500	1578	0	0
16	27.0	0	1500	1578	0	0
17	27.0	0	1500	1710	0	1
17	41.0	0	1500	1710	0	1
17	50.0	0	1500	1710	0	1
17	50.0	0	1500	1710	0	1
17	50.0	0	1500	1710	0	1
17	50.0	0	1500	1710	0	1
17	50.0	0	1500	1710	0	1
17	50.0	0	1500	1710	0	1
17	50.0	0	1500	1710	0	1
17	50.0	0	1500	1710	0	1
17	50.0	0	1500	1710	0	1
17	50.0	0	1500	1710	0	1
17	50.0	0	1500	1710	0	1
17	50.0	0	1500	1710	0	1
17	50.0	0	1500	1710	0	1
17	50.0	0	1500	1710	0	1
17	50.0	0	1500	1710	0	1
17	50.0	0	1500	1710	0	1
17	50.0	0	1500	1710	0	1
17	50.0	0	1500	1710	0	1
17	50.0	0	1500	1710	0	0
17	27.0	0	1500	1710	0	0
17	27.0	0	1500	1710	0	0
17	27.0	0	1500	1710	0	0
17	27.0	0	1500	1710	0	0
18	27.0	0	1500	1842	0	1
18	50.0	0	1500	1842	0	1
18	50.0	0	1500	1842	0	1
18	51.0	0	1500	1842	0	1
18	50.0	0	1500	1842	0	1
18	50.0	0	1500	1842	0	1
18	51.0	0	1500	1842	0	1
18	50.0	0	1500	1842	0	1
18	51.0	0	1500	1842	0	1
18	51.0	0	1500	1842	0	1
18	50.0	0	1500	1842	0	1
18	51.0	0	1500	1842	0	1
18	51.0	0	1500	1842	0	1
18	50.0	0	1500	1842	0	1
18	51.0	0	1500	1842	0	1
18	50.0	0	1500	1842	0	1
18	50.0	0	1500	1842	0	1
18	51.0	0	1500	1842	0	1
18	50.0	0	1500	1842	0	1
18	50.0	0	1500	1842	0	1
18	51.0	0	1500	1842	0	0
18	47.0	0	1500	1842	0	0
18	27.0	0	1500	1842	0	0
18	27.0	0	1500	1842	0	0
18	27.0	0	1500	1842	0	0
19	27.0	0	1500	1973	0	1
19	46.0	0	1500	1973	0	1
19	51.0	0	1500	1973	0	1
19	51.0	0	1500	1973	0	1
19	51.0	0	1500	1973	0	1
19	51.0	0	1500	1973	0	1
19	50.0	0	1500	1973	0	1
19	51.0	0	1500	1973	0	1
19	51.0	0	1500	1973	0	1
19	50.0	0	1500	1973	0	1
19	51.0	0	1500	1973	0	1
19	50.0	0	1500	1973	0	1
19	51.0	0	1500	1973	0	1
19	51.0	0	1500	1973	0	1
19	50.0	0	1500	1973	0	1
19	51.0	0	1500	1973	0	1
19	51.0	0	1500	1973	0	1
19	50.0	0	1500	1973	0	1
19	50.0	0	1500	1973	0	1
19	50.0	0	1500	1973	0	1
19	50.0	0	1500	1973	0	0
19	27.0	0	1500	1973	0	0
19	27.0	0	1500	1973	0	0
19	27.0	0	1500	1973	0	0
19	27.0	0	1500	1973	0	0
20	27.0	0	1500	2105	0	1
20	51.0	0	1500	2105	0	1
20	51.0	0	1500	2105	0	1
20	51.0	0	1500	2105	0	1
20	51.0	0	1500	2105	0	1
20	51.0	0	1500	2105	0	1
20	51.0	0	1500	2105	0	1
20	51.0	0	1500	2105	0	1
20	51.0	0	1500	2105	0	1
20	51.0	0	1500	2105	0	1
20	51.0	0	1500	2105	0	1
20	51.0	0	1500	2105	0	1
20	51.0	0	1500	2105	0	1
20	51.0	0	1500	2105	0	1
20	51.0	0	1500	2105	0	1
20	51.0	0	1500	2105	0	1
20	51.0	0	1500	2105	0	1
20	51.0	0	1500	2105	0	1
20	51.0	0	1500	2105	0	1
20	51.0	0	1500	2105	0	1
20	51.0	0	1500	2105	0	0
20	40.0	0	1500	2105	0	0
20	27.0	0	1500	2105	0	0
20	27.0	0	1500	2105	0	0
20	27.0	0	1500	2105	0	0
21	27.0	0	1500	2236	0	1
21	51.0	0	1500	2236	0	1
21	51.0	0	1500	2236	0	1
21	51.0	0	1500	2236	0	1
21	51.0	0	1500	2236	0	1
21	51.0	0	1500	2236	0	1
21	51.0	0	1500	2236	0	1
21	51.0	0	1500	2236	0	1
21	51.0	0	1500	2236	0	1
21	51.0	0	1500	2236	0	1
21	51.0	0	1500	2236	0	1
21	51.0	0	1500	2236	0	1
21	51.0	0	1500	2236	0	1
21	51.0	0	1500	2236	0	1
21	51.0	0	1500	2236	0	1
21	51.0	0	1500	2236	0	1
21	51.0	0	1500	2236	0	1
21	51.0	0	1500	2236	0	1
21	51.0	0	1500	2236	0	1
21	51.0	0	1500	2236	0	1
21	51.0	0	1500	2236	0	0
21	27.0	0	1500	2236	0	0
21	27.0	0	1500	2236	0	0
21	27.0	0	1500	2236	0	0
21	27.0	0	1500	2236	0	0
22	27.0	0	1500	2368	0	1
22	27.0	0	1500	2368	0	1
22	52.0	0	1500	2368	0	1
22	52.0	0	1500	2368	0	1
22	51.0	0	1500	2368	0	1
22	52.0	0	1500	2368	0	1
22	51.0	0	1500	2368	0	1
22	51.0	0	1500	2368	0	1
22	52.0	0	1500	2368	0	1
22	52.0	0	1500	2368	0	1
22	51.0	0	1500	2368	0	1
22	51.0	0	1500	2368	0	1
22	51.0	0	1500	2368	0	1
22	51.0	0	1500	2368	0	1
22	52.0	0	1500	2368	0	1
22	51.0	0	1500	2368	0	1
22	51.0	0	1500	2368	0	1
22	51.0	0	1500	2368	0	1
22	51.0	0	1500	2368	0	1
22	52.0	0	1500	2368	0	1
22	52.0	0	1500	2368	0	0
22	36.0	0	1500	2368	0	0
22	27.0	0	1500	2368	0	0
22	27.0	0	1500	2368	0	0
22	27.0	0	1500	2368	0	0
23	27.0	0	1500	2500	0	1
23	52.0	0	1500	2500	0	1
23	52.0	0	1500	2500	0	1
23	51.0	0	1500	2500	0	1
23	52.0	0	1500	2500	0	1
23	52.0	0	1500	2500	0	1
23	52.0	0	1500	2500	0	1
23	52.0	0	1500	2500	0	1
23	51.0	0	1500	2500	0	1
23	52.0	0	1500	2500	0	1
23	52.0	0	1500	2500	0	1
23	51.0	0	1500	2500	0	1
23	52.0	0	1500	2500	0	1
23	52.0	0	1500	2500	0	1
23	52.0	0	1500	2500	0	1
23	52.0	0	1500	2500	0	1
23	51.0	0	1500	2500	0	1
23	52.0	0	1500	2500	0	1
23	52.0	0	1500	2500	0	1
23	51.0	0	1500	2500	0	1
