Stim	Lux	Yellow	Red	Blue	Blue2	Trig
1	65.0	1800	0	0	0	1
1	69.0	1800	0	0	0	1
1	69.0	1800	0	0	0	1
1	69.0	1800	0	0	0	1
1	69.0	1800	0	0	0	1
1	69.0	1800	0	0	0	1
1	69.0	1800	0	0	0	1
1	69.0	1800	0	0	0	1
1	69.0	1800	0	0	0	1
1	69.0	1800	0	0	0	1
1	69.0	1800	0	0	0	1
1	68.0	1800	0	0	0	1
1	68.0	1800	0	0	0	1
1	68.0	1800	0	0	0	1
1	68.0	1800	0	0	0	1
1	68.0	1800	0	0	0	1
1	68.0	1800	0	0	0	1
1	68.0	1800	0	0	0	1
1	68.0	1800	0	0	0	1
1	68.0	1800	0	0	0	1
1	68.0	1800	0	0	0	0
1	30.0	1800	0	0	0	0
1	30.0	1800	0	0	0	0
1	30.0	1800	0	0	0	0
1	30.0	1800	0	0	0	0
2	44.0	1800	0	0	0	1
2	69.0	1800	0	0	0	1
2	69.0	1800	0	0	0	1
2	69.0	1800	0	0	0	1
2	69.0	1800	0	0	0	1
2	69.0	1800	0	0	0	1
2	69.0	1800	0	0	0	1
2	69.0	1800	0	0	0	1
2	69.0	1800	0	0	0	1
2	69.0	1800	0	0	0	1
2	69.0	1800	0	0	0	1
2	69.0	1800	0	0	0	1
2	69.0	1800	0	0	0	1
2	69.0	1800	0	0	0	1
2	69.0	1800	0	0	0	1
2	68.0	1800	0	0	0	1
2	68.0	1800	0	0	0	1
2	68.0	1800	0	0	0	1
2	68.0	1800	0	0	0	1
2	68.0	1800	0	0	0	1
2	42.0	1800	0	0	0	0
2	30.0	1800	0	0	0	0
2	30.0	1800	0	0	0	0
2	30.0	1800	0	0	0	0
2	30.0	1800	0	0	0	0
3	30.0	1800	0	0	0	1
3	68.0	1800	0	0	0	1
3	68.0	1800	0	0	0	1
3	68.0	1800	0	0	0	1
3	68.0	1800	0	0	0	1
3	68.0	1800	0	0	0	1
3	68.0	1800	0	0	0	1
3	68.0	1800	0	0	0	1
3	68.0	1800	0	0	0	1
3	68.0	1800	0	0	0	1
3	68.0	1800	0	0	0	1
3	68.0	1800	0	0	0	1
3	68.0	1800	0	0	0	1
3	68.0	1800	0	0	0	1
3	68.0	1800	0	0	0	1
3	68.0	1800	0	0	0	1
3	68.0	1800	0	0	0	1
3	68.0	1800	0	0	0	1
3	68.0	1800	0	0	0	1
3	68.0	1800	0	0	0	1
3	63.0	1800	0	0	0	0
3	30.0	1800	0	0	0	0
3	30.0	1800	0	0	0	0
3	30.0	1800	0	0	0	0
3	30.0	1800	0	0	0	0
4	30.0	1800	0	0	0	1
4	49.0	1800	0	0	0	1
4	49.0	1800	0	0	0	1
4	49.0	1800	0	0	0	1
4	49.0	1800	0	0	0	1
4	49.0	1800	0	0	0	1
4	49.0	1800	0	0	0	1
4	49.0	1800	0	0	0	1
4	49.0	1800	0	0	0	1
4	49.0	1800	0	0	0	1
4	49.0	1800	0	0	0	1
4	49.0	1800	0	0	0	1
4	48.0	1800	0	0	0	1
4	48.0	1800	0	0	0	1
4	48.0	1800	0	0	0	1
4	48.0	1800	0	0	0	1
4	48.0	1800	0	0	0	1
4	48.0	1800	0	0	0	1
4	48.0	1800	0	0	0	1
4	48.0	1800	0	0	0	1
4	35.0	1800	0	0	0	0
4	28.0	1800	0	0	0	0
4	28.0	1800	0	0	0	0
4	28.0	1800	0	0	0	0
4	29.0	1800	0	0	0	0
5	29.0	1800	0	131	0	1
5	49.0	1800	0	131	0	1
5	49.0	1800	0	131	0	1
5	50.0	1800	0	131	0	1
5	49.0	1800	0	131	0	1
5	49.0	1800	0	131	0	1
5	49.0	1800	0	131	0	1
5	49.0	1800	0	131	0	1
5	49.0	1800	0	131	0	1
5	49.0	1800	0	131	0	1
5	49.0	1800	0	131	0	1
5	49.0	1800	0	131	0	1
5	49.0	1800	0	131	0	1
5	49.0	1800	0	131	0	1
5	49.0	1800	0	131	0	1
5	49.0	1800	0	131	0	1
5	49.0	1800	0	131	0	1
5	49.0	1800	0	131	0	1
5	49.0	1800	0	131	0	1
5	49.0	1800	0	131	0	1
5	49.0	1800	0	131	0	0
5	29.0	1800	0	131	0	0
5	29.0	1800	0	131	0	0
5	29.0	1800	0	131	0	0
5	29.0	1800	0	131	0	0
6	36.0	1800	0	263	0	1
6	51.0	1800	0	263	0	1
6	52.0	1800	0	263	0	1
6	51.0	1800	0	263	0	1
6	51.0	1800	0	263	0	1
6	52.0	1800	0	263	0	1
6	51.0	1800	0	263	0	1
6	52.0	1800	0	263	0	1
6	51.0	1800	0	263	0	1
6	51.0	1800	0	263	0	1
6	52.0	1800	0	263	0	1
6	51.0	1800	0	263	0	1
6	51.0	1800	0	263	0	1
6	52.0	1800	0	263	0	1
6	52.0	1800	0	263	0	1
6	52.0	1800	0	263	0	1
6	52.0	1800	0	263	0	1
6	52.0	1800	0	263	0	1
6	52.0	1800	0	263	0	1
6	52.0	1800	0	263	0	1
6	52.0	1800	0	263	0	0
6	30.0	1800	0	263	0	0
6	30.0	1800	0	263	0	0
6	30.0	1800	0	263	0	0
6	30.0	1800	0	263	0	0
7	30.0	1800	0	394	0	1
7	56.0	1800	0	394	0	1
7	56.0	1800	0	394	0	1
7	56.0	1800	0	394	0	1
7	56.0	1800	0	394	0	1
7	56.0	1800	0	394	0	1
7	56.0	1800	0	394	0	1
7	56.0	1800	0	394	0	1
7	56.0	1800	0	394	0	1
7	56.0	1800	0	394	0	1
7	56.0	1800	0	394	0	1
7	56.0	1800	0	394	0	1
7	56.0	1800	0	394	0	1
7	56.0	1800	0	394	0	1
7	57.0	1800	0	394	0	1
7	57.0	1800	0	394	0	1
7	56.0	1800	0	394	0	1
7	57.0	1800	0	394	0	1
7	56.0	1800	0	394	0	1
7	57.0	1800	0	394	0	1
7	57.0	1800	0	394	0	0
7	31.0	1800	0	394	0	0
7	31.0	1800	0	394	0	0
7	31.0	1800	0	394	0	0
7	31.0	1800	0	394	0	0
8	48.0	1800	0	526	0	1
8	60.0	1800	0	526	0	1
8	59.0	1800	0	526	0	1
8	59.0	1800	0	526	0	1
8	60.0	1800	0	526	0	1
8	60.0	1800	0	526	0	1
8	59.0	1800	0	526	0	1
8	60.0	1800	0	526	0	1
8	59.0	1800	0	526	0	1
8	59.0	1800	0	526	0	1
8	60.0	1800	0	526	0	1
8	59.0	1800	0	526	0	1
8	59.0	1800	0	526	0	1
8	59.0	1800	0	526	0	1
8	59.0	1800	0	526	0	1
8	60.0	1800	0	526	0	1
8	59.0	1800	0	526	0	1
8	59.0	1800	0	526	0	1
8	59.0	1800	0	526	0	1
8	59.0	1800	0	526	0	1
8	59.0	1800	0	526	0	0
8	31.0	1800	0	526	0	0
8	31.0	1800	0	526	0	0
8	31.0	1800	0	526	0	0
8	31.0	1800	0	526	0	0
9	31.0	1800	0	657	0	1
9	62.0	1800	0	657	0	1
9	62.0	1800	0	657	0	1
9	63.0	1800	0	657	0	1
9	62.0	1800	0	657	0	1
9	63.0	1800	0	657	0	1
9	63.0	1800	0	657	0	1
9	62.0	1800	0	657	0	1
9	63.0	1800	0	657	0	1
9	63.0	1800	0	657	0	1
9	62.0	1800	0	657	0	1
9	63.0	1800	0	657	0	1
9	62.0	1800	0	657	0	1
9	63.0	1800	0	657	0	1
9	63.0	1800	0	657	0	1
9	62.0	1800	0	657	0	1
9	62.0	1800	0	657	0	1
9	63.0	1800	0	657	0	1
9	62.0	1800	0	657	0	1
9	63.0	1800	0	657	0	1
9	57.0	1800	0	657	0	0
9	31.0	1800	0	657	0	0
9	31.0	1800	0	657	0	0
9	31.0	1800	0	657	0	0
9	31.0	1800	0	657	0	0
10	31.0	1800	0	789	0	1
10	58.0	1800	0	789	0	1
10	65.0	1800	0	789	0	1
10	65.0	1800	0	789	0	1
10	65.0	1800	0	789	0	1
10	65.0	1800	0	789	0	1
10	65.0	1800	0	789	0	1
10	65.0	1800	0	789	0	1
10	65.0	1800	0	789	0	1
10	65.0	1800	0	789	0	1
10	65.0	1800	0	789	0	1
10	65.0	1800	0	789	0	1
10	66.0	1800	0	789	0	1
10	65.0	1800	0	789	0	1
10	65.0	1800	0	789	0	1
10	66.0	1800	0	789	0	1
10	65.0	1800	0	789	0	1
10	65.0	1800	0	789	0	1
10	65.0	1800	0	789	0	1
10	65.0	1800	0	789	0	1
10	65.0	1800	0	789	0	0
10	31.0	1800	0	789	0	0
10	31.0	1800	0	789	0	0
10	31.0	1800	0	789	0	0
10	31.0	1800	0	789	0	0
11	31.0	1800	0	921	0	1
11	68.0	1800	0	921	0	1
11	68.0	1800	0	921	0	1
11	68.0	1800	0	921	0	1
11	68.0	1800	0	921	0	1
11	68.0	1800	0	921	0	1
11	68.0	1800	0	921	0	1
11	68.0	1800	0	921	0	1
11	68.0	1800	0	921	0	1
11	68.0	1800	0	921	0	1
11	68.0	1800	0	921	0	1
11	68.0	1800	0	921	0	1
11	68.0	1800	0	921	0	1
11	68.0	1800	0	921	0	1
11	68.0	1800	0	921	0	1
11	68.0	1800	0	921	0	1
11	69.0	1800	0	921	0	1
11	68.0	1800	0	921	0	1
11	68.0	1800	0	921	0	1
11	68.0	1800	0	921	0	1
11	68.0	1800	0	921	0	0
11	31.0	1800	0	921	0	0
11	31.0	1800	0	921	0	0
11	31.0	1800	0	921	0	0
11	31.0	1800	0	921	0	0
12	31.0	1800	0	1052	0	1
12	71.0	1800	0	1052	0	1
12	71.0	1800	0	1052	0	1
12	71.0	1800	0	1052	0	1
12	71.0	1800	0	1052	0	1
12	71.0	1800	0	1052	0	1
12	71.0	1800	0	1052	0	1
12	71.0	1800	0	1052	0	1
12	71.0	1800	0	1052	0	1
12	71.0	1800	0	1052	0	1
12	71.0	1800	0	1052	0	1
12	71.0	1800	0	1052	0	1
12	71.0	1800	0	1052	0	1
12	71.0	1800	0	1052	0	1
12	71.0	1800	0	1052	0	1
12	71.0	1800	0	1052	0	1
12	71.0	1800	0	1052	0	1
12	71.0	1800	0	1052	0	1
12	71.0	1800	0	1052	0	1
12	71.0	1800	0	1052	0	1
12	71.0	1800	0	1052	0	0
12	31.0	1800	0	1052	0	0
12	31.0	1800	0	1052	0	0
12	31.0	1800	0	1052	0	0
12	31.0	1800	0	1052	0	0
13	31.0	1800	0	1184	0	1
13	74.0	1800	0	1184	0	1
13	74.0	1800	0	1184	0	1
13	74.0	1800	0	1184	0	1
13	74.0	1800	0	1184	0	1
13	74.0	1800	0	1184	0	1
13	74.0	1800	0	1184	0	1
13	74.0	1800	0	1184	0	1
13	74.0	1800	0	1184	0	1
13	74.0	1800	0	1184	0	1
13	74.0	1800	0	1184	0	1
13	74.0	1800	0	1184	0	1
13	74.0	1800	0	1184	0	1
13	74.0	1800	0	1184	0	1
13	74.0	1800	0	1184	0	1
13	74.0	1800	0	1184	0	1
13	74.0	1800	0	1184	0	1
13	74.0	1800	0	1184	0	1
13	74.0	1800	0	1184	0	1
13	74.0	1800	0	1184	0	1
13	74.0	1800	0	1184	0	0
13	46.0	1800	0	1184	0	0
13	31.0	1800	0	1184	0	0
13	31.0	1800	0	1184	0	0
13	31.0	1800	0	1184	0	0
14	31.0	1800	0	1315	0	1
14	77.0	1800	0	1315	0	1
14	77.0	1800	0	1315	0	1
14	77.0	1800	0	1315	0	1
14	77.0	1800	0	1315	0	1
14	77.0	1800	0	1315	0	1
14	77.0	1800	0	1315	0	1
14	77.0	1800	0	1315	0	1
14	77.0	1800	0	1315	0	1
14	77.0	1800	0	1315	0	1
14	77.0	1800	0	1315	0	1
14	77.0	1800	0	1315	0	1
14	77.0	1800	0	1315	0	1
14	77.0	1800	0	1315	0	1
14	77.0	1800	0	1315	0	1
14	77.0	1800	0	1315	0	1
14	77.0	1800	0	1315	0	1
14	77.0	1800	0	1315	0	1
14	77.0	1800	0	1315	0	1
14	77.0	1800	0	1315	0	1
14	77.0	1800	0	1315	0	0
14	31.0	1800	0	1315	0	0
14	31.0	1800	0	1315	0	0
14	31.0	1800	0	1315	0	0
14	31.0	1800	0	1315	0	0
15	31.0	1800	0	1447	0	1
15	80.0	1800	0	1447	0	1
15	80.0	1800	0	1447	0	1
15	80.0	1800	0	1447	0	1
15	79.0	1800	0	1447	0	1
15	80.0	1800	0	1447	0	1
15	80.0	1800	0	1447	0	1
15	79.0	1800	0	1447	0	1
15	80.0	1800	0	1447	0	1
15	79.0	1800	0	1447	0	1
15	80.0	1800	0	1447	0	1
15	80.0	1800	0	1447	0	1
15	79.0	1800	0	1447	0	1
15	80.0	1800	0	1447	0	1
15	80.0	1800	0	1447	0	1
15	79.0	1800	0	1447	0	1
15	80.0	1800	0	1447	0	1
15	79.0	1800	0	1447	0	1
15	80.0	1800	0	1447	0	1
15	80.0	1800	0	1447	0	1
15	79.0	1800	0	1447	0	0
15	31.0	1800	0	1447	0	0
15	31.0	1800	0	1447	0	0
15	31.0	1800	0	1447	0	0
15	31.0	1800	0	1447	0	0
16	31.0	1800	0	1578	0	1
16	83.0	1800	0	1578	0	1
16	82.0	1800	0	1578	0	1
16	82.0	1800	0	1578	0	1
16	83.0	1800	0	1578	0	1
16	82.0	1800	0	1578	0	1
16	83.0	1800	0	1578	0	1
16	82.0	1800	0	1578	0	1
16	82.0	1800	0	1578	0	1
16	83.0	1800	0	1578	0	1
16	82.0	1800	0	1578	0	1
16	82.0	1800	0	1578	0	1
16	83.0	1800	0	1578	0	1
16	82.0	1800	0	1578	0	1
16	83.0	1800	0	1578	0	1
16	83.0	1800	0	1578	0	1
16	82.0	1800	0	1578	0	1
16	83.0	1800	0	1578	0	1
16	83.0	1800	0	1578	0	1
16	82.0	1800	0	1578	0	1
16	83.0	1800	0	1578	0	0
16	31.0	1800	0	1578	0	0
16	31.0	1800	0	1578	0	0
16	31.0	1800	0	1578	0	0
16	31.0	1800	0	1578	0	0
17	31.0	1800	0	1710	0	1
17	64.0	1800	0	1710	0	1
17	86.0	1800	0	1710	0	1
17	85.0	1800	0	1710	0	1
17	86.0	1800	0	1710	0	1
17	86.0	1800	0	1710	0	1
17	85.0	1800	0	1710	0	1
17	86.0	1800	0	1710	0	1
17	86.0	1800	0	1710	0	1
17	85.0	1800	0	1710	0	1
17	86.0	1800	0	1710	0	1
17	85.0	1800	0	1710	0	1
17	85.0	1800	0	1710	0	1
17	86.0	1800	0	1710	0	1
17	85.0	1800	0	1710	0	1
17	85.0	1800	0	1710	0	1
17	86.0	1800	0	1710	0	1
17	85.0	1800	0	1710	0	1
17	86.0	1800	0	1710	0	1
17	85.0	1800	0	1710	0	1
17	85.0	1800	0	1710	0	0
17	31.0	1800	0	1710	0	0
17	31.0	1800	0	1710	0	0
17	31.0	1800	0	1710	0	0
17	31.0	1800	0	1710	0	0
18	31.0	1800	0	1842	0	1
18	88.0	1800	0	1842	0	1
18	88.0	1800	0	1842	0	1
18	89.0	1800	0	1842	0	1
18	89.0	1800	0	1842	0	1
18	88.0	1800	0	1842	0	1
18	89.0	1800	0	1842	0	1
18	88.0	1800	0	1842	0	1
18	89.0	1800	0	1842	0	1
18	89.0	1800	0	1842	0	1
18	88.0	1800	0	1842	0	1
18	89.0	1800	0	1842	0	1
18	89.0	1800	0	1842	0	1
18	88.0	1800	0	1842	0	1
18	89.0	1800	0	1842	0	1
18	88.0	1800	0	1842	0	1
18	88.0	1800	0	1842	0	1
18	89.0	1800	0	1842	0	1
18	88.0	1800	0	1842	0	1
18	88.0	1800	0	1842	0	1
18	89.0	1800	0	1842	0	0
18	79.0	1800	0	1842	0	0
18	31.0	1800	0	1842	0	0
18	31.0	1800	0	1842	0	0
18	31.0	1800	0	1842	0	0
19	31.0	1800	0	1973	0	1
19	80.0	1800	0	1973	0	1
19	92.0	1800	0	1973	0	1
19	91.0	1800	0	1973	0	1
19	92.0	1800	0	1973	0	1
19	91.0	1800	0	1973	0	1
19	91.0	1800	0	1973	0	1
19	92.0	1800	0	1973	0	1
19	92.0	1800	0	1973	0	1
19	91.0	1800	0	1973	0	1
19	92.0	1800	0	1973	0	1
19	91.0	1800	0	1973	0	1
19	92.0	1800	0	1973	0	1
19	92.0	1800	0	1973	0	1
19	91.0	1800	0	1973	0	1
19	92.0	1800	0	1973	0	1
19	92.0	1800	0	1973	0	1
19	91.0	1800	0	1973	0	1
19	91.0	1800	0	1973	0	1
19	91.0	1800	0	1973	0	1
19	91.0	1800	0	1973	0	0
19	31.0	1800	0	1973	0	0
19	31.0	1800	0	1973	0	0
19	31.0	1800	0	1973	0	0
19	31.0	1800	0	1973	0	0
20	31.0	1800	0	2105	0	1
20	94.0	1800	0	2105	0	1
20	95.0	1800	0	2105	0	1
20	95.0	1800	0	2105	0	1
20	94.0	1800	0	2105	0	1
20	94.0	1800	0	2105	0	1
20	95.0	1800	0	2105	0	1
20	94.0	1800	0	2105	0	1
20	95.0	1800	0	2105	0	1
20	94.0	1800	0	2105	0	1
20	94.0	1800	0	2105	0	1
20	95.0	1800	0	2105	0	1
20	94.0	1800	0	2105	0	1
20	94.0	1800	0	2105	0	1
20	95.0	1800	0	2105	0	1
20	95.0	1800	0	2105	0	1
20	95.0	1800	0	2105	0	1
20	95.0	1800	0	2105	0	1
20	94.0	1800	0	2105	0	1
20	95.0	1800	0	2105	0	1
20	95.0	1800	0	2105	0	0
20	66.0	1800	0	2105	0	0
20	31.0	1800	0	2105	0	0
20	31.0	1800	0	2105	0	0
20	31.0	1800	0	2105	0	0
21	31.0	1800	0	2236	0	1
21	98.0	1800	0	2236	0	1
21	98.0	1800	0	2236	0	1
21	97.0	1800	0	2236	0	1
21	98.0	1800	0	2236	0	1
21	97.0	1800	0	2236	0	1
21	98.0	1800	0	2236	0	1
21	98.0	1800	0	2236	0	1
21	97.0	1800	0	2236	0	1
21	97.0	1800	0	2236	0	1
21	98.0	1800	0	2236	0	1
21	97.0	1800	0	2236	0	1
21	97.0	1800	0	2236	0	1
21	97.0	1800	0	2236	0	1
21	97.0	1800	0	2236	0	1
21	98.0	1800	0	2236	0	1
21	97.0	1800	0	2236	0	1
21	97.0	1800	0	2236	0	1
21	98.0	1800	0	2236	0	1
21	97.0	1800	0	2236	0	1
21	98.0	1800	0	2236	0	0
21	31.0	1800	0	2236	0	0
21	31.0	1800	0	2236	0	0
21	31.0	1800	0	2236	0	0
21	31.0	1800	0	2236	0	0
22	31.0	1800	0	2368	0	1
22	31.0	1800	0	2368	0	1
22	101.0	1800	0	2368	0	1
22	101.0	1800	0	2368	0	1
22	100.0	1800	0	2368	0	1
22	101.0	1800	0	2368	0	1
22	101.0	1800	0	2368	0	1
22	100.0	1800	0	2368	0	1
22	101.0	1800	0	2368	0	1
22	101.0	1800	0	2368	0	1
22	100.0	1800	0	2368	0	1
22	101.0	1800	0	2368	0	1
22	100.0	1800	0	2368	0	1
22	100.0	1800	0	2368	0	1
22	101.0	1800	0	2368	0	1
22	100.0	1800	0	2368	0	1
22	100.0	1800	0	2368	0	1
22	99.0	1800	0	2368	0	1
22	100.0	1800	0	2368	0	1
22	101.0	1800	0	2368	0	1
22	100.0	1800	0	2368	0	0
22	56.0	1800	0	2368	0	0
22	31.0	1800	0	2368	0	0
22	31.0	1800	0	2368	0	0
22	31.0	1800	0	2368	0	0
23	31.0	1800	0	2500	0	1
23	104.0	1800	0	2500	0	1
23	102.0	1800	0	2500	0	1
23	102.0	1800	0	2500	0	1
23	103.0	1800	0	2500	0	1
23	102.0	1800	0	2500	0	1
23	103.0	1800	0	2500	0	1
23	103.0	1800	0	2500	0	1
23	103.0	1800	0	2500	0	1
23	103.0	1800	0	2500	0	1
23	104.0	1800	0	2500	0	1
23	103.0	1800	0	2500	0	1
23	103.0	1800	0	2500	0	1
23	103.0	1800	0	2500	0	1
23	103.0	1800	0	2500	0	1
23	103.0	1800	0	2500	0	1
23	103.0	1800	0	2500	0	1
23	103.0	1800	0	2500	0	1
23	103.0	1800	0	2500	0	1
23	103.0	1800	0	2500	0	1
