Stim	Lux	Yellow	Red	Blue	Blue2	Trig
1	27.0	0	0	0	0	1
1	27.0	0	0	0	0	1
1	27.0	0	0	0	0	1
1	27.0	0	0	0	0	1
1	27.0	0	0	0	0	1
1	27.0	0	0	0	0	1
1	27.0	0	0	0	0	1
1	27.0	0	0	0	0	1
1	27.0	0	0	0	0	1
1	27.0	0	0	0	0	1
1	27.0	0	0	0	0	1
1	27.0	0	0	0	0	1
1	27.0	0	0	0	0	1
1	27.0	0	0	0	0	1
1	27.0	0	0	0	0	1
1	27.0	0	0	0	0	1
1	27.0	0	0	0	0	1
1	27.0	0	0	0	0	1
1	27.0	0	0	0	0	1
1	27.0	0	0	0	0	1
1	27.0	0	0	0	0	0
1	27.0	0	0	0	0	0
1	27.0	0	0	0	0	0
1	27.0	0	0	0	0	0
1	27.0	0	0	0	0	0
2	27.0	0	0	0	0	1
2	27.0	0	0	0	0	1
2	27.0	0	0	0	0	1
2	27.0	0	0	0	0	1
2	27.0	0	0	0	0	1
2	27.0	0	0	0	0	1
2	27.0	0	0	0	0	1
2	27.0	0	0	0	0	1
2	27.0	0	0	0	0	1
2	27.0	0	0	0	0	1
2	27.0	0	0	0	0	1
2	27.0	0	0	0	0	1
2	27.0	0	0	0	0	1
2	27.0	0	0	0	0	1
2	27.0	0	0	0	0	1
2	27.0	0	0	0	0	1
2	27.0	0	0	0	0	1
2	27.0	0	0	0	0	1
2	27.0	0	0	0	0	1
2	27.0	0	0	0	0	1
2	27.0	0	0	0	0	0
2	27.0	0	0	0	0	0
2	27.0	0	0	0	0	0
2	27.0	0	0	0	0	0
2	27.0	0	0	0	0	0
3	27.0	0	0	0	0	1
3	27.0	0	0	0	0	1
3	27.0	0	0	0	0	1
3	27.0	0	0	0	0	1
3	27.0	0	0	0	0	1
3	27.0	0	0	0	0	1
3	27.0	0	0	0	0	1
3	27.0	0	0	0	0	1
3	27.0	0	0	0	0	1
3	27.0	0	0	0	0	1
3	27.0	0	0	0	0	1
3	27.0	0	0	0	0	1
3	27.0	0	0	0	0	1
3	27.0	0	0	0	0	1
3	27.0	0	0	0	0	1
3	27.0	0	0	0	0	1
3	27.0	0	0	0	0	1
3	27.0	0	0	0	0	1
3	27.0	0	0	0	0	1
3	27.0	0	0	0	0	1
3	27.0	0	0	0	0	0
3	27.0	0	0	0	0	0
3	27.0	0	0	0	0	0
3	27.0	0	0	0	0	0
3	27.0	0	0	0	0	0
4	27.0	0	0	0	500	1
4	27.0	0	0	0	500	1
4	28.0	0	0	0	500	1
4	28.0	0	0	0	500	1
4	28.0	0	0	0	500	1
4	27.0	0	0	0	500	1
4	27.0	0	0	0	500	1
4	27.0	0	0	0	500	1
4	27.0	0	0	0	500	1
4	28.0	0	0	0	500	1
4	28.0	0	0	0	500	1
4	28.0	0	0	0	500	1
4	28.0	0	0	0	500	1
4	28.0	0	0	0	500	1
4	28.0	0	0	0	500	1
4	28.0	0	0	0	500	1
4	28.0	0	0	0	500	1
4	28.0	0	0	0	500	1
4	28.0	0	0	0	500	1
4	28.0	0	0	0	500	1
4	27.0	0	0	0	500	0
4	27.0	0	0	0	500	0
4	27.0	0	0	0	500	0
4	27.0	0	0	0	500	0
4	27.0	0	0	0	500	0
5	27.0	0	0	131	631	1
5	27.0	0	0	131	631	1
5	28.0	0	0	131	631	1
5	28.0	0	0	131	631	1
5	28.0	0	0	131	631	1
5	28.0	0	0	131	631	1
5	28.0	0	0	131	631	1
5	28.0	0	0	131	631	1
5	28.0	0	0	131	631	1
5	28.0	0	0	131	631	1
5	28.0	0	0	131	631	1
5	28.0	0	0	131	631	1
5	28.0	0	0	131	631	1
5	28.0	0	0	131	631	1
5	28.0	0	0	131	631	1
5	28.0	0	0	131	631	1
5	28.0	0	0	131	631	1
5	28.0	0	0	131	631	1
5	28.0	0	0	131	631	1
5	28.0	0	0	131	631	1
5	27.0	0	0	131	631	0
5	27.0	0	0	131	631	0
5	27.0	0	0	131	631	0
5	27.0	0	0	131	631	0
5	27.0	0	0	131	631	0
6	27.0	0	0	263	763	1
6	28.0	0	0	263	763	1
6	28.0	0	0	263	763	1
6	28.0	0	0	263	763	1
6	28.0	0	0	263	763	1
6	28.0	0	0	263	763	1
6	28.0	0	0	263	763	1
6	28.0	0	0	263	763	1
6	28.0	0	0	263	763	1
6	28.0	0	0	263	763	1
6	28.0	0	0	263	763	1
6	28.0	0	0	263	763	1
6	28.0	0	0	263	763	1
6	28.0	0	0	263	763	1
6	28.0	0	0	263	763	1
6	28.0	0	0	263	763	1
6	28.0	0	0	263	763	1
6	28.0	0	0	263	763	1
6	28.0	0	0	263	763	1
6	28.0	0	0	263	763	1
6	28.0	0	0	263	763	0
6	27.0	0	0	263	763	0
6	27.0	0	0	263	763	0
6	27.0	0	0	263	763	0
6	27.0	0	0	263	763	0
7	27.0	0	0	394	894	1
7	29.0	0	0	394	894	1
7	29.0	0	0	394	894	1
7	29.0	0	0	394	894	1
7	29.0	0	0	394	894	1
7	29.0	0	0	394	894	1
7	29.0	0	0	394	894	1
7	29.0	0	0	394	894	1
7	29.0	0	0	394	894	1
7	29.0	0	0	394	894	1
7	29.0	0	0	394	894	1
7	29.0	0	0	394	894	1
7	29.0	0	0	394	894	1
7	29.0	0	0	394	894	1
7	29.0	0	0	394	894	1
7	29.0	0	0	394	894	1
7	29.0	0	0	394	894	1
7	29.0	0	0	394	894	1
7	29.0	0	0	394	894	1
7	29.0	0	0	394	894	1
7	28.0	0	0	394	894	0
7	27.0	0	0	394	894	0
7	27.0	0	0	394	894	0
7	27.0	0	0	394	894	0
7	27.0	0	0	394	894	0
8	27.0	0	0	526	1026	1
8	29.0	0	0	526	1026	1
8	29.0	0	0	526	1026	1
8	29.0	0	0	526	1026	1
8	29.0	0	0	526	1026	1
8	29.0	0	0	526	1026	1
8	29.0	0	0	526	1026	1
8	29.0	0	0	526	1026	1
8	29.0	0	0	526	1026	1
8	29.0	0	0	526	1026	1
8	29.0	0	0	526	1026	1
8	29.0	0	0	526	1026	1
8	29.0	0	0	526	1026	1
8	29.0	0	0	526	1026	1
8	29.0	0	0	526	1026	1
8	29.0	0	0	526	1026	1
8	29.0	0	0	526	1026	1
8	29.0	0	0	526	1026	1
8	29.0	0	0	526	1026	1
8	29.0	0	0	526	1026	1
8	29.0	0	0	526	1026	0
8	27.0	0	0	526	1026	0
8	27.0	0	0	526	1026	0
8	27.0	0	0	526	1026	0
8	27.0	0	0	526	1026	0
9	27.0	0	0	657	1157	1
9	30.0	0	0	657	1157	1
9	30.0	0	0	657	1157	1
9	30.0	0	0	657	1157	1
9	30.0	0	0	657	1157	1
9	30.0	0	0	657	1157	1
9	30.0	0	0	657	1157	1
9	30.0	0	0	657	1157	1
9	30.0	0	0	657	1157	1
9	30.0	0	0	657	1157	1
9	30.0	0	0	657	1157	1
9	30.0	0	0	657	1157	1
9	30.0	0	0	657	1157	1
9	30.0	0	0	657	1157	1
9	30.0	0	0	657	1157	1
9	30.0	0	0	657	1157	1
9	30.0	0	0	657	1157	1
9	30.0	0	0	657	1157	1
9	30.0	0	0	657	1157	1
9	30.0	0	0	657	1157	1
9	28.0	0	0	657	1157	0
9	27.0	0	0	657	1157	0
9	27.0	0	0	657	1157	0
9	27.0	0	0	657	1157	0
9	27.0	0	0	657	1157	0
10	27.0	0	0	789	1289	1
10	29.0	0	0	789	1289	1
10	30.0	0	0	789	1289	1
10	30.0	0	0	789	1289	1
10	30.0	0	0	789	1289	1
10	30.0	0	0	789	1289	1
10	30.0	0	0	789	1289	1
10	30.0	0	0	789	1289	1
10	30.0	0	0	789	1289	1
10	30.0	0	0	789	1289	1
10	30.0	0	0	789	1289	1
10	30.0	0	0	789	1289	1
10	30.0	0	0	789	1289	1
10	30.0	0	0	789	1289	1
10	30.0	0	0	789	1289	1
10	30.0	0	0	789	1289	1
10	30.0	0	0	789	1289	1
10	30.0	0	0	789	1289	1
10	30.0	0	0	789	1289	1
10	30.0	0	0	789	1289	1
10	30.0	0	0	789	1289	0
10	27.0	0	0	789	1289	0
10	27.0	0	0	789	1289	0
10	27.0	0	0	789	1289	0
10	27.0	0	0	789	1289	0
11	27.0	0	0	921	1421	1
11	30.0	0	0	921	1421	1
11	30.0	0	0	921	1421	1
11	30.0	0	0	921	1421	1
11	30.0	0	0	921	1421	1
11	30.0	0	0	921	1421	1
11	30.0	0	0	921	1421	1
11	30.0	0	0	921	1421	1
11	30.0	0	0	921	1421	1
11	30.0	0	0	921	1421	1
11	30.0	0	0	921	1421	1
11	30.0	0	0	921	1421	1
11	30.0	0	0	921	1421	1
11	30.0	0	0	921	1421	1
11	30.0	0	0	921	1421	1
11	30.0	0	0	921	1421	1
11	30.0	0	0	921	1421	1
11	30.0	0	0	921	1421	1
11	30.0	0	0	921	1421	1
11	30.0	0	0	921	1421	1
11	30.0	0	0	921	1421	0
11	27.0	0	0	921	1421	0
11	27.0	0	0	921	1421	0
11	27.0	0	0	921	1421	0
11	27.0	0	0	921	1421	0
12	27.0	0	0	1052	1552	1
12	29.0	0	0	1052	1552	1
12	31.0	0	0	1052	1552	1
12	31.0	0	0	1052	1552	1
12	31.0	0	0	1052	1552	1
12	31.0	0	0	1052	1552	1
12	31.0	0	0	1052	1552	1
12	31.0	0	0	1052	1552	1
12	31.0	0	0	1052	1552	1
12	31.0	0	0	1052	1552	1
12	31.0	0	0	1052	1552	1
12	31.0	0	0	1052	1552	1
12	31.0	0	0	1052	1552	1
12	31.0	0	0	1052	1552	1
12	31.0	0	0	1052	1552	1
12	31.0	0	0	1052	1552	1
12	30.0	0	0	1052	1552	1
12	30.0	0	0	1052	1552	1
12	30.0	0	0	1052	1552	1
12	30.0	0	0	1052	1552	1
12	30.0	0	0	1052	1552	0
12	27.0	0	0	1052	1552	0
12	27.0	0	0	1052	1552	0
12	27.0	0	0	1052	1552	0
12	27.0	0	0	1052	1552	0
13	27.0	0	0	1184	1684	1
13	31.0	0	0	1184	1684	1
13	31.0	0	0	1184	1684	1
13	31.0	0	0	1184	1684	1
13	31.0	0	0	1184	1684	1
13	31.0	0	0	1184	1684	1
13	31.0	0	0	1184	1684	1
13	31.0	0	0	1184	1684	1
13	31.0	0	0	1184	1684	1
13	31.0	0	0	1184	1684	1
13	31.0	0	0	1184	1684	1
13	31.0	0	0	1184	1684	1
13	31.0	0	0	1184	1684	1
13	31.0	0	0	1184	1684	1
13	31.0	0	0	1184	1684	1
13	31.0	0	0	1184	1684	1
13	31.0	0	0	1184	1684	1
13	31.0	0	0	1184	1684	1
13	31.0	0	0	1184	1684	1
13	31.0	0	0	1184	1684	1
13	31.0	0	0	1184	1684	0
13	28.0	0	0	1184	1684	0
13	27.0	0	0	1184	1684	0
13	27.0	0	0	1184	1684	0
13	27.0	0	0	1184	1684	0
14	27.0	0	0	1315	1815	1
14	30.0	0	0	1315	1815	1
14	31.0	0	0	1315	1815	1
14	31.0	0	0	1315	1815	1
14	31.0	0	0	1315	1815	1
14	31.0	0	0	1315	1815	1
14	31.0	0	0	1315	1815	1
14	31.0	0	0	1315	1815	1
14	31.0	0	0	1315	1815	1
14	31.0	0	0	1315	1815	1
14	31.0	0	0	1315	1815	1
14	31.0	0	0	1315	1815	1
14	31.0	0	0	1315	1815	1
14	31.0	0	0	1315	1815	1
14	31.0	0	0	1315	1815	1
14	31.0	0	0	1315	1815	1
14	31.0	0	0	1315	1815	1
14	31.0	0	0	1315	1815	1
14	31.0	0	0	1315	1815	1
14	31.0	0	0	1315	1815	1
14	30.0	0	0	1315	1815	0
14	27.0	0	0	1315	1815	0
14	27.0	0	0	1315	1815	0
14	27.0	0	0	1315	1815	0
14	27.0	0	0	1315	1815	0
15	27.0	0	0	1447	1947	1
15	32.0	0	0	1447	1947	1
15	32.0	0	0	1447	1947	1
15	32.0	0	0	1447	1947	1
15	32.0	0	0	1447	1947	1
15	32.0	0	0	1447	1947	1
15	32.0	0	0	1447	1947	1
15	32.0	0	0	1447	1947	1
15	32.0	0	0	1447	1947	1
15	32.0	0	0	1447	1947	1
15	32.0	0	0	1447	1947	1
15	32.0	0	0	1447	1947	1
15	32.0	0	0	1447	1947	1
15	32.0	0	0	1447	1947	1
15	32.0	0	0	1447	1947	1
15	32.0	0	0	1447	1947	1
15	32.0	0	0	1447	1947	1
15	32.0	0	0	1447	1947	1
15	32.0	0	0	1447	1947	1
15	32.0	0	0	1447	1947	1
15	32.0	0	0	1447	1947	0
15	27.0	0	0	1447	1947	0
15	27.0	0	0	1447	1947	0
15	27.0	0	0	1447	1947	0
15	27.0	0	0	1447	1947	0
16	27.0	0	0	1578	2078	1
16	31.0	0	0	1578	2078	1
16	32.0	0	0	1578	2078	1
16	32.0	0	0	1578	2078	1
16	32.0	0	0	1578	2078	1
16	32.0	0	0	1578	2078	1
16	32.0	0	0	1578	2078	1
16	32.0	0	0	1578	2078	1
16	32.0	0	0	1578	2078	1
16	32.0	0	0	1578	2078	1
16	32.0	0	0	1578	2078	1
16	32.0	0	0	1578	2078	1
16	32.0	0	0	1578	2078	1
16	32.0	0	0	1578	2078	1
16	32.0	0	0	1578	2078	1
16	32.0	0	0	1578	2078	1
16	32.0	0	0	1578	2078	1
16	32.0	0	0	1578	2078	1
16	32.0	0	0	1578	2078	1
16	32.0	0	0	1578	2078	1
16	31.0	0	0	1578	2078	0
16	27.0	0	0	1578	2078	0
16	27.0	0	0	1578	2078	0
16	27.0	0	0	1578	2078	0
16	27.0	0	0	1578	2078	0
17	27.0	0	0	1710	2210	1
17	28.0	0	0	1710	2210	1
17	33.0	0	0	1710	2210	1
17	33.0	0	0	1710	2210	1
17	32.0	0	0	1710	2210	1
17	32.0	0	0	1710	2210	1
17	32.0	0	0	1710	2210	1
17	32.0	0	0	1710	2210	1
17	32.0	0	0	1710	2210	1
17	32.0	0	0	1710	2210	1
17	32.0	0	0	1710	2210	1
17	32.0	0	0	1710	2210	1
17	32.0	0	0	1710	2210	1
17	32.0	0	0	1710	2210	1
17	32.0	0	0	1710	2210	1
17	32.0	0	0	1710	2210	1
17	32.0	0	0	1710	2210	1
17	32.0	0	0	1710	2210	1
17	32.0	0	0	1710	2210	1
17	32.0	0	0	1710	2210	1
17	32.0	0	0	1710	2210	0
17	27.0	0	0	1710	2210	0
17	27.0	0	0	1710	2210	0
17	27.0	0	0	1710	2210	0
17	27.0	0	0	1710	2210	0
18	27.0	0	0	1842	2342	1
18	33.0	0	0	1842	2342	1
18	33.0	0	0	1842	2342	1
18	33.0	0	0	1842	2342	1
18	33.0	0	0	1842	2342	1
18	33.0	0	0	1842	2342	1
18	33.0	0	0	1842	2342	1
18	33.0	0	0	1842	2342	1
18	33.0	0	0	1842	2342	1
18	33.0	0	0	1842	2342	1
18	33.0	0	0	1842	2342	1
18	33.0	0	0	1842	2342	1
18	33.0	0	0	1842	2342	1
18	33.0	0	0	1842	2342	1
18	33.0	0	0	1842	2342	1
18	33.0	0	0	1842	2342	1
18	33.0	0	0	1842	2342	1
18	33.0	0	0	1842	2342	1
18	33.0	0	0	1842	2342	1
18	33.0	0	0	1842	2342	1
18	33.0	0	0	1842	2342	0
18	29.0	0	0	1842	2342	0
18	27.0	0	0	1842	2342	0
18	27.0	0	0	1842	2342	0
18	27.0	0	0	1842	2342	0
19	27.0	0	0	1973	2473	1
19	30.0	0	0	1973	2473	1
19	34.0	0	0	1973	2473	1
19	34.0	0	0	1973	2473	1
19	34.0	0	0	1973	2473	1
19	34.0	0	0	1973	2473	1
19	34.0	0	0	1973	2473	1
19	34.0	0	0	1973	2473	1
19	34.0	0	0	1973	2473	1
19	34.0	0	0	1973	2473	1
19	34.0	0	0	1973	2473	1
19	34.0	0	0	1973	2473	1
19	34.0	0	0	1973	2473	1
19	34.0	0	0	1973	2473	1
19	34.0	0	0	1973	2473	1
19	34.0	0	0	1973	2473	1
19	34.0	0	0	1973	2473	1
19	34.0	0	0	1973	2473	1
19	34.0	0	0	1973	2473	1
19	34.0	0	0	1973	2473	1
19	34.0	0	0	1973	2473	0
19	27.0	0	0	1973	2473	0
19	27.0	0	0	1973	2473	0
19	27.0	0	0	1973	2473	0
19	27.0	0	0	1973	2473	0
20	27.0	0	0	2105	2605	1
20	34.0	0	0	2105	2605	1
20	34.0	0	0	2105	2605	1
20	34.0	0	0	2105	2605	1
20	34.0	0	0	2105	2605	1
20	34.0	0	0	2105	2605	1
20	34.0	0	0	2105	2605	1
20	34.0	0	0	2105	2605	1
20	34.0	0	0	2105	2605	1
20	34.0	0	0	2105	2605	1
20	34.0	0	0	2105	2605	1
20	34.0	0	0	2105	2605	1
20	34.0	0	0	2105	2605	1
20	34.0	0	0	2105	2605	1
20	34.0	0	0	2105	2605	1
20	34.0	0	0	2105	2605	1
20	34.0	0	0	2105	2605	1
20	34.0	0	0	2105	2605	1
20	34.0	0	0	2105	2605	1
20	34.0	0	0	2105	2605	1
20	34.0	0	0	2105	2605	0
20	29.0	0	0	2105	2605	0
20	27.0	0	0	2105	2605	0
20	27.0	0	0	2105	2605	0
20	27.0	0	0	2105	2605	0
21	27.0	0	0	2236	2736	1
21	31.0	0	0	2236	2736	1
21	35.0	0	0	2236	2736	1
21	35.0	0	0	2236	2736	1
21	35.0	0	0	2236	2736	1
21	35.0	0	0	2236	2736	1
21	35.0	0	0	2236	2736	1
21	35.0	0	0	2236	2736	1
21	34.0	0	0	2236	2736	1
21	34.0	0	0	2236	2736	1
21	35.0	0	0	2236	2736	1
21	35.0	0	0	2236	2736	1
21	34.0	0	0	2236	2736	1
21	34.0	0	0	2236	2736	1
21	34.0	0	0	2236	2736	1
21	35.0	0	0	2236	2736	1
21	35.0	0	0	2236	2736	1
21	34.0	0	0	2236	2736	1
21	34.0	0	0	2236	2736	1
21	34.0	0	0	2236	2736	1
21	33.0	0	0	2236	2736	0
21	27.0	0	0	2236	2736	0
21	27.0	0	0	2236	2736	0
21	27.0	0	0	2236	2736	0
21	27.0	0	0	2236	2736	0
22	27.0	0	0	2368	2868	1
22	27.0	0	0	2368	2868	1
22	35.0	0	0	2368	2868	1
22	35.0	0	0	2368	2868	1
22	35.0	0	0	2368	2868	1
22	35.0	0	0	2368	2868	1
22	35.0	0	0	2368	2868	1
22	35.0	0	0	2368	2868	1
22	35.0	0	0	2368	2868	1
22	35.0	0	0	2368	2868	1
22	35.0	0	0	2368	2868	1
22	35.0	0	0	2368	2868	1
22	35.0	0	0	2368	2868	1
22	35.0	0	0	2368	2868	1
22	35.0	0	0	2368	2868	1
22	35.0	0	0	2368	2868	1
22	35.0	0	0	2368	2868	1
22	35.0	0	0	2368	2868	1
22	35.0	0	0	2368	2868	1
22	35.0	0	0	2368	2868	1
22	35.0	0	0	2368	2868	0
22	28.0	0	0	2368	2868	0
22	27.0	0	0	2368	2868	0
22	27.0	0	0	2368	2868	0
22	27.0	0	0	2368	2868	0
23	27.0	0	0	2500	3000	1
23	33.0	0	0	2500	3000	1
23	35.0	0	0	2500	3000	1
23	35.0	0	0	2500	3000	1
23	35.0	0	0	2500	3000	1
23	35.0	0	0	2500	3000	1
23	35.0	0	0	2500	3000	1
23	35.0	0	0	2500	3000	1
23	35.0	0	0	2500	3000	1
23	35.0	0	0	2500	3000	1
23	35.0	0	0	2500	3000	1
23	35.0	0	0	2500	3000	1
23	35.0	0	0	2500	3000	1
23	35.0	0	0	2500	3000	1
23	35.0	0	0	2500	3000	1
23	35.0	0	0	2500	3000	1
23	35.0	0	0	2500	3000	1
23	35.0	0	0	2500	3000	1
23	35.0	0	0	2500	3000	1
23	35.0	0	0	2500	3000	1
