Stim	Lux	Yellow	Red	Blue	Blue2	Trig
1	30.0	0	0	0	0	1
1	30.0	0	0	0	0	1
1	30.0	0	0	0	0	1
1	30.0	0	0	0	0	1
1	30.0	0	0	0	0	1
1	30.0	0	0	0	0	1
1	30.0	0	0	0	0	1
1	30.0	0	0	0	0	1
1	30.0	0	0	0	0	1
1	30.0	0	0	0	0	1
1	30.0	0	0	0	0	1
1	30.0	0	0	0	0	1
1	30.0	0	0	0	0	1
1	30.0	0	0	0	0	1
1	30.0	0	0	0	0	1
1	30.0	0	0	0	0	1
1	30.0	0	0	0	0	1
1	30.0	0	0	0	0	1
1	30.0	0	0	0	0	1
1	30.0	0	0	0	0	1
1	30.0	0	0	0	0	0
1	30.0	0	0	0	0	0
1	30.0	0	0	0	0	0
1	30.0	0	0	0	0	0
1	30.0	0	0	0	0	0
2	30.0	0	0	0	0	1
2	30.0	0	0	0	0	1
2	30.0	0	0	0	0	1
2	30.0	0	0	0	0	1
2	30.0	0	0	0	0	1
2	30.0	0	0	0	0	1
2	30.0	0	0	0	0	1
2	30.0	0	0	0	0	1
2	30.0	0	0	0	0	1
2	30.0	0	0	0	0	1
2	30.0	0	0	0	0	1
2	30.0	0	0	0	0	1
2	30.0	0	0	0	0	1
2	30.0	0	0	0	0	1
2	30.0	0	0	0	0	1
2	30.0	0	0	0	0	1
2	30.0	0	0	0	0	1
2	30.0	0	0	0	0	1
2	30.0	0	0	0	0	1
2	30.0	0	0	0	0	1
2	30.0	0	0	0	0	0
2	30.0	0	0	0	0	0
2	30.0	0	0	0	0	0
2	30.0	0	0	0	0	0
2	30.0	0	0	0	0	0
3	30.0	0	0	0	0	1
3	30.0	0	0	0	0	1
3	30.0	0	0	0	0	1
3	30.0	0	0	0	0	1
3	30.0	0	0	0	0	1
3	30.0	0	0	0	0	1
3	30.0	0	0	0	0	1
3	30.0	0	0	0	0	1
3	30.0	0	0	0	0	1
3	30.0	0	0	0	0	1
3	30.0	0	0	0	0	1
3	30.0	0	0	0	0	1
3	30.0	0	0	0	0	1
3	30.0	0	0	0	0	1
3	30.0	0	0	0	0	1
3	30.0	0	0	0	0	1
3	30.0	0	0	0	0	1
3	30.0	0	0	0	0	1
3	30.0	0	0	0	0	1
3	30.0	0	0	0	0	1
3	30.0	0	0	0	0	0
3	30.0	0	0	0	0	0
3	30.0	0	0	0	0	0
3	30.0	0	0	0	0	0
3	30.0	0	0	0	0	0
4	30.0	0	0	0	500	1
4	38.0	0	0	0	500	1
4	38.0	0	0	0	500	1
4	38.0	0	0	0	500	1
4	38.0	0	0	0	500	1
4	38.0	0	0	0	500	1
4	38.0	0	0	0	500	1
4	38.0	0	0	0	500	1
4	38.0	0	0	0	500	1
4	38.0	0	0	0	500	1
4	38.0	0	0	0	500	1
4	38.0	0	0	0	500	1
4	38.0	0	0	0	500	1
4	38.0	0	0	0	500	1
4	38.0	0	0	0	500	1
4	38.0	0	0	0	500	1
4	38.0	0	0	0	500	1
4	38.0	0	0	0	500	1
4	38.0	0	0	0	500	1
4	38.0	0	0	0	500	1
4	33.0	0	0	0	500	0
4	30.0	0	0	0	500	0
4	30.0	0	0	0	500	0
4	30.0	0	0	0	500	0
4	30.0	0	0	0	500	0
5	30.0	0	0	131	631	1
5	36.0	0	0	131	631	1
5	41.0	0	0	131	631	1
5	41.0	0	0	131	631	1
5	41.0	0	0	131	631	1
5	41.0	0	0	131	631	1
5	41.0	0	0	131	631	1
5	41.0	0	0	131	631	1
5	41.0	0	0	131	631	1
5	41.0	0	0	131	631	1
5	42.0	0	0	131	631	1
5	41.0	0	0	131	631	1
5	41.0	0	0	131	631	1
5	41.0	0	0	131	631	1
5	41.0	0	0	131	631	1
5	41.0	0	0	131	631	1
5	41.0	0	0	131	631	1
5	41.0	0	0	131	631	1
5	41.0	0	0	131	631	1
5	41.0	0	0	131	631	1
5	36.0	0	0	131	631	0
5	30.0	0	0	131	631	0
5	30.0	0	0	131	631	0
5	30.0	0	0	131	631	0
5	30.0	0	0	131	631	0
6	31.0	0	0	263	763	1
6	47.0	0	0	263	763	1
6	47.0	0	0	263	763	1
6	47.0	0	0	263	763	1
6	47.0	0	0	263	763	1
6	47.0	0	0	263	763	1
6	47.0	0	0	263	763	1
6	47.0	0	0	263	763	1
6	47.0	0	0	263	763	1
6	47.0	0	0	263	763	1
6	47.0	0	0	263	763	1
6	47.0	0	0	263	763	1
6	47.0	0	0	263	763	1
6	47.0	0	0	263	763	1
6	47.0	0	0	263	763	1
6	47.0	0	0	263	763	1
6	47.0	0	0	263	763	1
6	47.0	0	0	263	763	1
6	47.0	0	0	263	763	1
6	47.0	0	0	263	763	1
6	47.0	0	0	263	763	0
6	30.0	0	0	263	763	0
6	30.0	0	0	263	763	0
6	30.0	0	0	263	763	0
6	30.0	0	0	263	763	0
7	30.0	0	0	394	894	1
7	51.0	0	0	394	894	1
7	52.0	0	0	394	894	1
7	52.0	0	0	394	894	1
7	52.0	0	0	394	894	1
7	52.0	0	0	394	894	1
7	52.0	0	0	394	894	1
7	52.0	0	0	394	894	1
7	52.0	0	0	394	894	1
7	52.0	0	0	394	894	1
7	52.0	0	0	394	894	1
7	52.0	0	0	394	894	1
7	52.0	0	0	394	894	1
7	52.0	0	0	394	894	1
7	52.0	0	0	394	894	1
7	52.0	0	0	394	894	1
7	52.0	0	0	394	894	1
7	52.0	0	0	394	894	1
7	52.0	0	0	394	894	1
7	52.0	0	0	394	894	1
7	48.0	0	0	394	894	0
7	30.0	0	0	394	894	0
7	30.0	0	0	394	894	0
7	30.0	0	0	394	894	0
7	30.0	0	0	394	894	0
8	35.0	0	0	526	1026	1
8	58.0	0	0	526	1026	1
8	58.0	0	0	526	1026	1
8	58.0	0	0	526	1026	1
8	58.0	0	0	526	1026	1
8	58.0	0	0	526	1026	1
8	58.0	0	0	526	1026	1
8	58.0	0	0	526	1026	1
8	58.0	0	0	526	1026	1
8	58.0	0	0	526	1026	1
8	58.0	0	0	526	1026	1
8	58.0	0	0	526	1026	1
8	58.0	0	0	526	1026	1
8	58.0	0	0	526	1026	1
8	58.0	0	0	526	1026	1
8	58.0	0	0	526	1026	1
8	58.0	0	0	526	1026	1
8	58.0	0	0	526	1026	1
8	58.0	0	0	526	1026	1
8	58.0	0	0	526	1026	1
8	58.0	0	0	526	1026	0
8	30.0	0	0	526	1026	0
8	30.0	0	0	526	1026	0
8	30.0	0	0	526	1026	0
8	30.0	0	0	526	1026	0
9	30.0	0	0	657	1157	1
9	64.0	0	0	657	1157	1
9	64.0	0	0	657	1157	1
9	64.0	0	0	657	1157	1
9	64.0	0	0	657	1157	1
9	64.0	0	0	657	1157	1
9	64.0	0	0	657	1157	1
9	64.0	0	0	657	1157	1
9	64.0	0	0	657	1157	1
9	64.0	0	0	657	1157	1
9	64.0	0	0	657	1157	1
9	64.0	0	0	657	1157	1
9	64.0	0	0	657	1157	1
9	64.0	0	0	657	1157	1
9	64.0	0	0	657	1157	1
9	64.0	0	0	657	1157	1
9	64.0	0	0	657	1157	1
9	64.0	0	0	657	1157	1
9	64.0	0	0	657	1157	1
9	64.0	0	0	657	1157	1
9	40.0	0	0	657	1157	0
9	30.0	0	0	657	1157	0
9	30.0	0	0	657	1157	0
9	30.0	0	0	657	1157	0
9	30.0	0	0	657	1157	0
10	30.0	0	0	789	1289	1
10	51.0	0	0	789	1289	1
10	70.0	0	0	789	1289	1
10	70.0	0	0	789	1289	1
10	70.0	0	0	789	1289	1
10	70.0	0	0	789	1289	1
10	70.0	0	0	789	1289	1
10	70.0	0	0	789	1289	1
10	70.0	0	0	789	1289	1
10	70.0	0	0	789	1289	1
10	70.0	0	0	789	1289	1
10	70.0	0	0	789	1289	1
10	70.0	0	0	789	1289	1
10	70.0	0	0	789	1289	1
10	70.0	0	0	789	1289	1
10	70.0	0	0	789	1289	1
10	69.0	0	0	789	1289	1
10	70.0	0	0	789	1289	1
10	69.0	0	0	789	1289	1
10	69.0	0	0	789	1289	1
10	70.0	0	0	789	1289	0
10	30.0	0	0	789	1289	0
10	30.0	0	0	789	1289	0
10	30.0	0	0	789	1289	0
10	30.0	0	0	789	1289	0
11	30.0	0	0	921	1421	1
11	75.0	0	0	921	1421	1
11	75.0	0	0	921	1421	1
11	75.0	0	0	921	1421	1
11	75.0	0	0	921	1421	1
11	75.0	0	0	921	1421	1
11	75.0	0	0	921	1421	1
11	75.0	0	0	921	1421	1
11	75.0	0	0	921	1421	1
11	75.0	0	0	921	1421	1
11	75.0	0	0	921	1421	1
11	75.0	0	0	921	1421	1
11	75.0	0	0	921	1421	1
11	75.0	0	0	921	1421	1
11	75.0	0	0	921	1421	1
11	75.0	0	0	921	1421	1
11	75.0	0	0	921	1421	1
11	75.0	0	0	921	1421	1
11	75.0	0	0	921	1421	1
11	75.0	0	0	921	1421	1
11	75.0	0	0	921	1421	0
11	30.0	0	0	921	1421	0
11	30.0	0	0	921	1421	0
11	30.0	0	0	921	1421	0
11	30.0	0	0	921	1421	0
12	30.0	0	0	1052	1552	1
12	56.0	0	0	1052	1552	1
12	81.0	0	0	1052	1552	1
12	81.0	0	0	1052	1552	1
12	81.0	0	0	1052	1552	1
12	81.0	0	0	1052	1552	1
12	81.0	0	0	1052	1552	1
12	81.0	0	0	1052	1552	1
12	81.0	0	0	1052	1552	1
12	81.0	0	0	1052	1552	1
12	81.0	0	0	1052	1552	1
12	81.0	0	0	1052	1552	1
12	81.0	0	0	1052	1552	1
12	81.0	0	0	1052	1552	1
12	81.0	0	0	1052	1552	1
12	81.0	0	0	1052	1552	1
12	81.0	0	0	1052	1552	1
12	81.0	0	0	1052	1552	1
12	81.0	0	0	1052	1552	1
12	81.0	0	0	1052	1552	1
12	72.0	0	0	1052	1552	0
12	30.0	0	0	1052	1552	0
12	30.0	0	0	1052	1552	0
12	30.0	0	0	1052	1552	0
12	30.0	0	0	1052	1552	0
13	30.0	0	0	1184	1684	1
13	87.0	0	0	1184	1684	1
13	87.0	0	0	1184	1684	1
13	87.0	0	0	1184	1684	1
13	87.0	0	0	1184	1684	1
13	87.0	0	0	1184	1684	1
13	87.0	0	0	1184	1684	1
13	87.0	0	0	1184	1684	1
13	87.0	0	0	1184	1684	1
13	87.0	0	0	1184	1684	1
13	87.0	0	0	1184	1684	1
13	87.0	0	0	1184	1684	1
13	87.0	0	0	1184	1684	1
13	87.0	0	0	1184	1684	1
13	87.0	0	0	1184	1684	1
13	87.0	0	0	1184	1684	1
13	87.0	0	0	1184	1684	1
13	87.0	0	0	1184	1684	1
13	87.0	0	0	1184	1684	1
13	87.0	0	0	1184	1684	1
13	87.0	0	0	1184	1684	0
13	42.0	0	0	1184	1684	0
13	30.0	0	0	1184	1684	0
13	30.0	0	0	1184	1684	0
13	30.0	0	0	1184	1684	0
14	30.0	0	0	1315	1815	1
14	74.0	0	0	1315	1815	1
14	93.0	0	0	1315	1815	1
14	93.0	0	0	1315	1815	1
14	93.0	0	0	1315	1815	1
14	93.0	0	0	1315	1815	1
14	93.0	0	0	1315	1815	1
14	93.0	0	0	1315	1815	1
14	93.0	0	0	1315	1815	1
14	93.0	0	0	1315	1815	1
14	93.0	0	0	1315	1815	1
14	93.0	0	0	1315	1815	1
14	93.0	0	0	1315	1815	1
14	93.0	0	0	1315	1815	1
14	93.0	0	0	1315	1815	1
14	93.0	0	0	1315	1815	1
14	93.0	0	0	1315	1815	1
14	93.0	0	0	1315	1815	1
14	93.0	0	0	1315	1815	1
14	93.0	0	0	1315	1815	1
14	75.0	0	0	1315	1815	0
14	30.0	0	0	1315	1815	0
14	30.0	0	0	1315	1815	0
14	30.0	0	0	1315	1815	0
14	30.0	0	0	1315	1815	0
15	30.0	0	0	1447	1947	1
15	99.0	0	0	1447	1947	1
15	99.0	0	0	1447	1947	1
15	99.0	0	0	1447	1947	1
15	99.0	0	0	1447	1947	1
15	99.0	0	0	1447	1947	1
15	99.0	0	0	1447	1947	1
15	99.0	0	0	1447	1947	1
15	99.0	0	0	1447	1947	1
15	99.0	0	0	1447	1947	1
15	99.0	0	0	1447	1947	1
15	99.0	0	0	1447	1947	1
15	99.0	0	0	1447	1947	1
15	99.0	0	0	1447	1947	1
15	99.0	0	0	1447	1947	1
15	99.0	0	0	1447	1947	1
15	99.0	0	0	1447	1947	1
15	99.0	0	0	1447	1947	1
15	99.0	0	0	1447	1947	1
15	99.0	0	0	1447	1947	1
15	99.0	0	0	1447	1947	0
15	30.0	0	0	1447	1947	0
15	30.0	0	0	1447	1947	0
15	30.0	0	0	1447	1947	0
15	30.0	0	0	1447	1947	0
16	30.0	0	0	1578	2078	1
16	95.0	0	0	1578	2078	1
16	105.0	0	0	1578	2078	1
16	105.0	0	0	1578	2078	1
16	105.0	0	0	1578	2078	1
16	105.0	0	0	1578	2078	1
16	105.0	0	0	1578	2078	1
16	105.0	0	0	1578	2078	1
16	105.0	0	0	1578	2078	1
16	105.0	0	0	1578	2078	1
16	105.0	0	0	1578	2078	1
16	105.0	0	0	1578	2078	1
16	105.0	0	0	1578	2078	1
16	105.0	0	0	1578	2078	1
16	105.0	0	0	1578	2078	1
16	105.0	0	0	1578	2078	1
16	105.0	0	0	1578	2078	1
16	105.0	0	0	1578	2078	1
16	105.0	0	0	1578	2078	1
16	105.0	0	0	1578	2078	1
16	81.0	0	0	1578	2078	0
16	30.0	0	0	1578	2078	0
16	30.0	0	0	1578	2078	0
16	30.0	0	0	1578	2078	0
16	30.0	0	0	1578	2078	0
17	30.0	0	0	1710	2210	1
17	51.0	0	0	1710	2210	1
17	111.0	0	0	1710	2210	1
17	111.0	0	0	1710	2210	1
17	111.0	0	0	1710	2210	1
17	111.0	0	0	1710	2210	1
17	111.0	0	0	1710	2210	1
17	111.0	0	0	1710	2210	1
17	111.0	0	0	1710	2210	1
17	111.0	0	0	1710	2210	1
17	111.0	0	0	1710	2210	1
17	111.0	0	0	1710	2210	1
17	111.0	0	0	1710	2210	1
17	111.0	0	0	1710	2210	1
17	111.0	0	0	1710	2210	1
17	111.0	0	0	1710	2210	1
17	111.0	0	0	1710	2210	1
17	111.0	0	0	1710	2210	1
17	111.0	0	0	1710	2210	1
17	111.0	0	0	1710	2210	1
17	111.0	0	0	1710	2210	0
17	30.0	0	0	1710	2210	0
17	30.0	0	0	1710	2210	0
17	30.0	0	0	1710	2210	0
17	30.0	0	0	1710	2210	0
18	30.0	0	0	1842	2342	1
18	117.0	0	0	1842	2342	1
18	117.0	0	0	1842	2342	1
18	117.0	0	0	1842	2342	1
18	117.0	0	0	1842	2342	1
18	117.0	0	0	1842	2342	1
18	117.0	0	0	1842	2342	1
18	117.0	0	0	1842	2342	1
18	117.0	0	0	1842	2342	1
18	117.0	0	0	1842	2342	1
18	117.0	0	0	1842	2342	1
18	117.0	0	0	1842	2342	1
18	117.0	0	0	1842	2342	1
18	117.0	0	0	1842	2342	1
18	117.0	0	0	1842	2342	1
18	117.0	0	0	1842	2342	1
18	117.0	0	0	1842	2342	1
18	117.0	0	0	1842	2342	1
18	117.0	0	0	1842	2342	1
18	117.0	0	0	1842	2342	1
18	117.0	0	0	1842	2342	0
18	62.0	0	0	1842	2342	0
18	30.0	0	0	1842	2342	0
18	30.0	0	0	1842	2342	0
18	30.0	0	0	1842	2342	0
19	30.0	0	0	1973	2473	1
19	72.0	0	0	1973	2473	1
19	123.0	0	0	1973	2473	1
19	122.0	0	0	1973	2473	1
19	123.0	0	0	1973	2473	1
19	123.0	0	0	1973	2473	1
19	123.0	0	0	1973	2473	1
19	123.0	0	0	1973	2473	1
19	123.0	0	0	1973	2473	1
19	123.0	0	0	1973	2473	1
19	123.0	0	0	1973	2473	1
19	123.0	0	0	1973	2473	1
19	123.0	0	0	1973	2473	1
19	123.0	0	0	1973	2473	1
19	123.0	0	0	1973	2473	1
19	123.0	0	0	1973	2473	1
19	123.0	0	0	1973	2473	1
19	123.0	0	0	1973	2473	1
19	123.0	0	0	1973	2473	1
19	123.0	0	0	1973	2473	1
19	123.0	0	0	1973	2473	0
19	30.0	0	0	1973	2473	0
19	30.0	0	0	1973	2473	0
19	30.0	0	0	1973	2473	0
19	30.0	0	0	1973	2473	0
20	30.0	0	0	2105	2605	1
20	129.0	0	0	2105	2605	1
20	129.0	0	0	2105	2605	1
20	129.0	0	0	2105	2605	1
20	129.0	0	0	2105	2605	1
20	129.0	0	0	2105	2605	1
20	129.0	0	0	2105	2605	1
20	129.0	0	0	2105	2605	1
20	129.0	0	0	2105	2605	1
20	129.0	0	0	2105	2605	1
20	129.0	0	0	2105	2605	1
20	128.0	0	0	2105	2605	1
20	129.0	0	0	2105	2605	1
20	129.0	0	0	2105	2605	1
20	129.0	0	0	2105	2605	1
20	128.0	0	0	2105	2605	1
20	128.0	0	0	2105	2605	1
20	129.0	0	0	2105	2605	1
20	129.0	0	0	2105	2605	1
20	129.0	0	0	2105	2605	1
20	129.0	0	0	2105	2605	0
20	59.0	0	0	2105	2605	0
20	30.0	0	0	2105	2605	0
20	30.0	0	0	2105	2605	0
20	30.0	0	0	2105	2605	0
21	30.0	0	0	2236	2736	1
21	89.0	0	0	2236	2736	1
21	134.0	0	0	2236	2736	1
21	135.0	0	0	2236	2736	1
21	135.0	0	0	2236	2736	1
21	135.0	0	0	2236	2736	1
21	134.0	0	0	2236	2736	1
21	134.0	0	0	2236	2736	1
21	135.0	0	0	2236	2736	1
21	135.0	0	0	2236	2736	1
21	134.0	0	0	2236	2736	1
21	135.0	0	0	2236	2736	1
21	135.0	0	0	2236	2736	1
21	135.0	0	0	2236	2736	1
21	135.0	0	0	2236	2736	1
21	134.0	0	0	2236	2736	1
21	135.0	0	0	2236	2736	1
21	135.0	0	0	2236	2736	1
21	134.0	0	0	2236	2736	1
21	134.0	0	0	2236	2736	1
21	118.0	0	0	2236	2736	0
21	30.0	0	0	2236	2736	0
21	30.0	0	0	2236	2736	0
21	30.0	0	0	2236	2736	0
21	30.0	0	0	2236	2736	0
22	30.0	0	0	2368	2868	1
22	30.0	0	0	2368	2868	1
22	141.0	0	0	2368	2868	1
22	141.0	0	0	2368	2868	1
22	141.0	0	0	2368	2868	1
22	141.0	0	0	2368	2868	1
22	141.0	0	0	2368	2868	1
22	141.0	0	0	2368	2868	1
22	141.0	0	0	2368	2868	1
22	141.0	0	0	2368	2868	1
22	141.0	0	0	2368	2868	1
22	141.0	0	0	2368	2868	1
22	141.0	0	0	2368	2868	1
22	141.0	0	0	2368	2868	1
22	141.0	0	0	2368	2868	1
22	141.0	0	0	2368	2868	1
22	141.0	0	0	2368	2868	1
22	141.0	0	0	2368	2868	1
22	141.0	0	0	2368	2868	1
22	141.0	0	0	2368	2868	1
22	141.0	0	0	2368	2868	0
22	52.0	0	0	2368	2868	0
22	30.0	0	0	2368	2868	0
22	30.0	0	0	2368	2868	0
22	30.0	0	0	2368	2868	0
23	30.0	0	0	2500	3000	1
23	114.0	0	0	2500	3000	1
23	147.0	0	0	2500	3000	1
23	147.0	0	0	2500	3000	1
23	147.0	0	0	2500	3000	1
23	147.0	0	0	2500	3000	1
23	147.0	0	0	2500	3000	1
23	147.0	0	0	2500	3000	1
23	147.0	0	0	2500	3000	1
23	147.0	0	0	2500	3000	1
23	147.0	0	0	2500	3000	1
23	147.0	0	0	2500	3000	1
23	147.0	0	0	2500	3000	1
23	147.0	0	0	2500	3000	1
23	147.0	0	0	2500	3000	1
23	147.0	0	0	2500	3000	1
23	147.0	0	0	2500	3000	1
23	147.0	0	0	2500	3000	1
23	147.0	0	0	2500	3000	1
23	147.0	0	0	2500	3000	1
