Stim	Lux	Yellow	Red	Blue	Blue2	Trig
1	61.0	1800	0	0	0	1
1	65.0	1800	0	0	0	1
1	65.0	1800	0	0	0	1
1	65.0	1800	0	0	0	1
1	65.0	1800	0	0	0	1
1	65.0	1800	0	0	0	1
1	65.0	1800	0	0	0	1
1	65.0	1800	0	0	0	1
1	65.0	1800	0	0	0	1
1	65.0	1800	0	0	0	1
1	65.0	1800	0	0	0	1
1	65.0	1800	0	0	0	1
1	65.0	1800	0	0	0	1
1	65.0	1800	0	0	0	1
1	65.0	1800	0	0	0	1
1	65.0	1800	0	0	0	1
1	65.0	1800	0	0	0	1
1	65.0	1800	0	0	0	1
1	65.0	1800	0	0	0	1
1	65.0	1800	0	0	0	1
1	65.0	1800	0	0	0	0
1	27.0	1800	0	0	0	0
1	27.0	1800	0	0	0	0
1	27.0	1800	0	0	0	0
1	27.0	1800	0	0	0	0
2	41.0	1800	0	0	0	1
2	65.0	1800	0	0	0	1
2	65.0	1800	0	0	0	1
2	65.0	1800	0	0	0	1
2	65.0	1800	0	0	0	1
2	65.0	1800	0	0	0	1
2	65.0	1800	0	0	0	1
2	65.0	1800	0	0	0	1
2	65.0	1800	0	0	0	1
2	65.0	1800	0	0	0	1
2	65.0	1800	0	0	0	1
2	65.0	1800	0	0	0	1
2	65.0	1800	0	0	0	1
2	65.0	1800	0	0	0	1
2	65.0	1800	0	0	0	1
2	65.0	1800	0	0	0	1
2	65.0	1800	0	0	0	1
2	65.0	1800	0	0	0	1
2	65.0	1800	0	0	0	1
2	65.0	1800	0	0	0	1
2	39.0	1800	0	0	0	0
2	27.0	1800	0	0	0	0
2	27.0	1800	0	0	0	0
2	27.0	1800	0	0	0	0
2	27.0	1800	0	0	0	0
3	27.0	1800	0	0	0	1
3	65.0	1800	0	0	0	1
3	65.0	1800	0	0	0	1
3	65.0	1800	0	0	0	1
3	65.0	1800	0	0	0	1
3	65.0	1800	0	0	0	1
3	65.0	1800	0	0	0	1
3	65.0	1800	0	0	0	1
3	65.0	1800	0	0	0	1
3	65.0	1800	0	0	0	1
3	65.0	1800	0	0	0	1
3	65.0	1800	0	0	0	1
3	65.0	1800	0	0	0	1
3	65.0	1800	0	0	0	1
3	65.0	1800	0	0	0	1
3	65.0	1800	0	0	0	1
3	65.0	1800	0	0	0	1
3	65.0	1800	0	0	0	1
3	65.0	1800	0	0	0	1
3	65.0	1800	0	0	0	1
3	59.0	1800	0	0	0	0
3	27.0	1800	0	0	0	0
3	27.0	1800	0	0	0	0
3	27.0	1800	0	0	0	0
3	27.0	1800	0	0	0	0
4	27.0	1800	0	0	0	1
4	46.0	1800	0	0	0	1
4	46.0	1800	0	0	0	1
4	46.0	1800	0	0	0	1
4	46.0	1800	0	0	0	1
4	46.0	1800	0	0	0	1
4	46.0	1800	0	0	0	1
4	46.0	1800	0	0	0	1
4	46.0	1800	0	0	0	1
4	46.0	1800	0	0	0	1
4	46.0	1800	0	0	0	1
4	46.0	1800	0	0	0	1
4	46.0	1800	0	0	0	1
4	46.0	1800	0	0	0	1
4	46.0	1800	0	0	0	1
4	46.0	1800	0	0	0	1
4	46.0	1800	0	0	0	1
4	46.0	1800	0	0	0	1
4	46.0	1800	0	0	0	1
4	46.0	1800	0	0	0	1
4	34.0	1800	0	0	0	0
4	27.0	1800	0	0	0	0
4	27.0	1800	0	0	0	0
4	27.0	1800	0	0	0	0
4	27.0	1800	0	0	0	0
5	27.0	1800	0	131	0	1
5	46.0	1800	0	131	0	1
5	46.0	1800	0	131	0	1
5	46.0	1800	0	131	0	1
5	46.0	1800	0	131	0	1
5	46.0	1800	0	131	0	1
5	46.0	1800	0	131	0	1
5	46.0	1800	0	131	0	1
5	46.0	1800	0	131	0	1
5	46.0	1800	0	131	0	1
5	46.0	1800	0	131	0	1
5	46.0	1800	0	131	0	1
5	46.0	1800	0	131	0	1
5	46.0	1800	0	131	0	1
5	46.0	1800	0	131	0	1
5	46.0	1800	0	131	0	1
5	46.0	1800	0	131	0	1
5	46.0	1800	0	131	0	1
5	46.0	1800	0	131	0	1
5	46.0	1800	0	131	0	1
5	46.0	1800	0	131	0	0
5	27.0	1800	0	131	0	0
5	27.0	1800	0	131	0	0
5	27.0	1800	0	131	0	0
5	27.0	1800	0	131	0	0
6	33.0	1800	0	263	0	1
6	46.0	1800	0	263	0	1
6	46.0	1800	0	263	0	1
6	46.0	1800	0	263	0	1
6	46.0	1800	0	263	0	1
6	46.0	1800	0	263	0	1
6	46.0	1800	0	263	0	1
6	46.0	1800	0	263	0	1
6	46.0	1800	0	263	0	1
6	46.0	1800	0	263	0	1
6	46.0	1800	0	263	0	1
6	46.0	1800	0	263	0	1
6	46.0	1800	0	263	0	1
6	46.0	1800	0	263	0	1
6	46.0	1800	0	263	0	1
6	46.0	1800	0	263	0	1
6	46.0	1800	0	263	0	1
6	46.0	1800	0	263	0	1
6	46.0	1800	0	263	0	1
6	46.0	1800	0	263	0	1
6	46.0	1800	0	263	0	0
6	27.0	1800	0	263	0	0
6	27.0	1800	0	263	0	0
6	27.0	1800	0	263	0	0
6	27.0	1800	0	263	0	0
7	27.0	1800	0	394	0	1
7	46.0	1800	0	394	0	1
7	46.0	1800	0	394	0	1
7	46.0	1800	0	394	0	1
7	46.0	1800	0	394	0	1
7	46.0	1800	0	394	0	1
7	46.0	1800	0	394	0	1
7	46.0	1800	0	394	0	1
7	46.0	1800	0	394	0	1
7	46.0	1800	0	394	0	1
7	46.0	1800	0	394	0	1
7	46.0	1800	0	394	0	1
7	46.0	1800	0	394	0	1
7	46.0	1800	0	394	0	1
7	46.0	1800	0	394	0	1
7	46.0	1800	0	394	0	1
7	46.0	1800	0	394	0	1
7	47.0	1800	0	394	0	1
7	46.0	1800	0	394	0	1
7	46.0	1800	0	394	0	1
7	46.0	1800	0	394	0	0
7	27.0	1800	0	394	0	0
7	27.0	1800	0	394	0	0
7	27.0	1800	0	394	0	0
7	27.0	1800	0	394	0	0
8	39.0	1800	0	526	0	1
8	47.0	1800	0	526	0	1
8	47.0	1800	0	526	0	1
8	46.0	1800	0	526	0	1
8	47.0	1800	0	526	0	1
8	47.0	1800	0	526	0	1
8	46.0	1800	0	526	0	1
8	47.0	1800	0	526	0	1
8	46.0	1800	0	526	0	1
8	46.0	1800	0	526	0	1
8	47.0	1800	0	526	0	1
8	46.0	1800	0	526	0	1
8	46.0	1800	0	526	0	1
8	47.0	1800	0	526	0	1
8	46.0	1800	0	526	0	1
8	47.0	1800	0	526	0	1
8	46.0	1800	0	526	0	1
8	46.0	1800	0	526	0	1
8	47.0	1800	0	526	0	1
8	46.0	1800	0	526	0	1
8	46.0	1800	0	526	0	0
8	27.0	1800	0	526	0	0
8	27.0	1800	0	526	0	0
8	27.0	1800	0	526	0	0
8	27.0	1800	0	526	0	0
9	27.0	1800	0	657	0	1
9	46.0	1800	0	657	0	1
9	46.0	1800	0	657	0	1
9	47.0	1800	0	657	0	1
9	47.0	1800	0	657	0	1
9	47.0	1800	0	657	0	1
9	47.0	1800	0	657	0	1
9	47.0	1800	0	657	0	1
9	47.0	1800	0	657	0	1
9	47.0	1800	0	657	0	1
9	47.0	1800	0	657	0	1
9	47.0	1800	0	657	0	1
9	47.0	1800	0	657	0	1
9	47.0	1800	0	657	0	1
9	47.0	1800	0	657	0	1
9	47.0	1800	0	657	0	1
9	46.0	1800	0	657	0	1
9	47.0	1800	0	657	0	1
9	47.0	1800	0	657	0	1
9	47.0	1800	0	657	0	1
9	43.0	1800	0	657	0	0
9	27.0	1800	0	657	0	0
9	27.0	1800	0	657	0	0
9	27.0	1800	0	657	0	0
9	27.0	1800	0	657	0	0
10	27.0	1800	0	789	0	1
10	43.0	1800	0	789	0	1
10	47.0	1800	0	789	0	1
10	47.0	1800	0	789	0	1
10	47.0	1800	0	789	0	1
10	47.0	1800	0	789	0	1
10	47.0	1800	0	789	0	1
10	47.0	1800	0	789	0	1
10	47.0	1800	0	789	0	1
10	47.0	1800	0	789	0	1
10	47.0	1800	0	789	0	1
10	47.0	1800	0	789	0	1
10	47.0	1800	0	789	0	1
10	47.0	1800	0	789	0	1
10	47.0	1800	0	789	0	1
10	47.0	1800	0	789	0	1
10	47.0	1800	0	789	0	1
10	47.0	1800	0	789	0	1
10	47.0	1800	0	789	0	1
10	47.0	1800	0	789	0	1
10	47.0	1800	0	789	0	0
10	27.0	1800	0	789	0	0
10	27.0	1800	0	789	0	0
10	27.0	1800	0	789	0	0
10	27.0	1800	0	789	0	0
11	27.0	1800	0	921	0	1
11	47.0	1800	0	921	0	1
11	47.0	1800	0	921	0	1
11	47.0	1800	0	921	0	1
11	47.0	1800	0	921	0	1
11	47.0	1800	0	921	0	1
11	47.0	1800	0	921	0	1
11	47.0	1800	0	921	0	1
11	47.0	1800	0	921	0	1
11	47.0	1800	0	921	0	1
11	47.0	1800	0	921	0	1
11	47.0	1800	0	921	0	1
11	47.0	1800	0	921	0	1
11	47.0	1800	0	921	0	1
11	47.0	1800	0	921	0	1
11	47.0	1800	0	921	0	1
11	47.0	1800	0	921	0	1
11	47.0	1800	0	921	0	1
11	47.0	1800	0	921	0	1
11	47.0	1800	0	921	0	1
11	47.0	1800	0	921	0	0
11	27.0	1800	0	921	0	0
11	27.0	1800	0	921	0	0
11	27.0	1800	0	921	0	0
11	27.0	1800	0	921	0	0
12	27.0	1800	0	1052	0	1
12	47.0	1800	0	1052	0	1
12	47.0	1800	0	1052	0	1
12	47.0	1800	0	1052	0	1
12	47.0	1800	0	1052	0	1
12	47.0	1800	0	1052	0	1
12	48.0	1800	0	1052	0	1
12	47.0	1800	0	1052	0	1
12	47.0	1800	0	1052	0	1
12	47.0	1800	0	1052	0	1
12	47.0	1800	0	1052	0	1
12	47.0	1800	0	1052	0	1
12	47.0	1800	0	1052	0	1
12	47.0	1800	0	1052	0	1
12	47.0	1800	0	1052	0	1
12	47.0	1800	0	1052	0	1
12	47.0	1800	0	1052	0	1
12	47.0	1800	0	1052	0	1
12	47.0	1800	0	1052	0	1
12	47.0	1800	0	1052	0	1
12	47.0	1800	0	1052	0	0
12	27.0	1800	0	1052	0	0
12	27.0	1800	0	1052	0	0
12	27.0	1800	0	1052	0	0
12	27.0	1800	0	1052	0	0
13	27.0	1800	0	1184	0	1
13	47.0	1800	0	1184	0	1
13	48.0	1800	0	1184	0	1
13	48.0	1800	0	1184	0	1
13	47.0	1800	0	1184	0	1
13	48.0	1800	0	1184	0	1
13	48.0	1800	0	1184	0	1
13	48.0	1800	0	1184	0	1
13	48.0	1800	0	1184	0	1
13	47.0	1800	0	1184	0	1
13	47.0	1800	0	1184	0	1
13	48.0	1800	0	1184	0	1
13	47.0	1800	0	1184	0	1
13	47.0	1800	0	1184	0	1
13	48.0	1800	0	1184	0	1
13	47.0	1800	0	1184	0	1
13	48.0	1800	0	1184	0	1
13	47.0	1800	0	1184	0	1
13	47.0	1800	0	1184	0	1
13	48.0	1800	0	1184	0	1
13	48.0	1800	0	1184	0	0
13	34.0	1800	0	1184	0	0
13	27.0	1800	0	1184	0	0
13	27.0	1800	0	1184	0	0
13	27.0	1800	0	1184	0	0
14	27.0	1800	0	1315	0	1
14	48.0	1800	0	1315	0	1
14	48.0	1800	0	1315	0	1
14	48.0	1800	0	1315	0	1
14	48.0	1800	0	1315	0	1
14	48.0	1800	0	1315	0	1
14	48.0	1800	0	1315	0	1
14	48.0	1800	0	1315	0	1
14	48.0	1800	0	1315	0	1
14	48.0	1800	0	1315	0	1
14	48.0	1800	0	1315	0	1
14	48.0	1800	0	1315	0	1
14	48.0	1800	0	1315	0	1
14	48.0	1800	0	1315	0	1
14	48.0	1800	0	1315	0	1
14	48.0	1800	0	1315	0	1
14	48.0	1800	0	1315	0	1
14	48.0	1800	0	1315	0	1
14	48.0	1800	0	1315	0	1
14	48.0	1800	0	1315	0	1
14	48.0	1800	0	1315	0	0
14	27.0	1800	0	1315	0	0
14	27.0	1800	0	1315	0	0
14	27.0	1800	0	1315	0	0
14	27.0	1800	0	1315	0	0
15	27.0	1800	0	1447	0	1
15	48.0	1800	0	1447	0	1
15	48.0	1800	0	1447	0	1
15	48.0	1800	0	1447	0	1
15	48.0	1800	0	1447	0	1
15	48.0	1800	0	1447	0	1
15	48.0	1800	0	1447	0	1
15	48.0	1800	0	1447	0	1
15	48.0	1800	0	1447	0	1
15	48.0	1800	0	1447	0	1
15	48.0	1800	0	1447	0	1
15	48.0	1800	0	1447	0	1
15	48.0	1800	0	1447	0	1
15	48.0	1800	0	1447	0	1
15	48.0	1800	0	1447	0	1
15	48.0	1800	0	1447	0	1
15	48.0	1800	0	1447	0	1
15	48.0	1800	0	1447	0	1
15	48.0	1800	0	1447	0	1
15	48.0	1800	0	1447	0	1
15	48.0	1800	0	1447	0	0
15	27.0	1800	0	1447	0	0
15	27.0	1800	0	1447	0	0
15	27.0	1800	0	1447	0	0
15	27.0	1800	0	1447	0	0
16	27.0	1800	0	1578	0	1
16	48.0	1800	0	1578	0	1
16	48.0	1800	0	1578	0	1
16	48.0	1800	0	1578	0	1
16	48.0	1800	0	1578	0	1
16	48.0	1800	0	1578	0	1
16	48.0	1800	0	1578	0	1
16	48.0	1800	0	1578	0	1
16	48.0	1800	0	1578	0	1
16	48.0	1800	0	1578	0	1
16	48.0	1800	0	1578	0	1
16	48.0	1800	0	1578	0	1
16	48.0	1800	0	1578	0	1
16	48.0	1800	0	1578	0	1
16	48.0	1800	0	1578	0	1
16	48.0	1800	0	1578	0	1
16	48.0	1800	0	1578	0	1
16	48.0	1800	0	1578	0	1
16	48.0	1800	0	1578	0	1
16	48.0	1800	0	1578	0	1
16	48.0	1800	0	1578	0	0
16	27.0	1800	0	1578	0	0
16	27.0	1800	0	1578	0	0
16	27.0	1800	0	1578	0	0
16	27.0	1800	0	1578	0	0
17	27.0	1800	0	1710	0	1
17	40.0	1800	0	1710	0	1
17	49.0	1800	0	1710	0	1
17	48.0	1800	0	1710	0	1
17	49.0	1800	0	1710	0	1
17	48.0	1800	0	1710	0	1
17	48.0	1800	0	1710	0	1
17	48.0	1800	0	1710	0	1
17	48.0	1800	0	1710	0	1
17	48.0	1800	0	1710	0	1
17	49.0	1800	0	1710	0	1
17	48.0	1800	0	1710	0	1
17	48.0	1800	0	1710	0	1
17	48.0	1800	0	1710	0	1
17	48.0	1800	0	1710	0	1
17	48.0	1800	0	1710	0	1
17	48.0	1800	0	1710	0	1
17	48.0	1800	0	1710	0	1
17	48.0	1800	0	1710	0	1
17	48.0	1800	0	1710	0	1
17	48.0	1800	0	1710	0	0
17	27.0	1800	0	1710	0	0
17	27.0	1800	0	1710	0	0
17	27.0	1800	0	1710	0	0
17	27.0	1800	0	1710	0	0
18	27.0	1800	0	1842	0	1
18	48.0	1800	0	1842	0	1
18	49.0	1800	0	1842	0	1
18	49.0	1800	0	1842	0	1
18	49.0	1800	0	1842	0	1
18	49.0	1800	0	1842	0	1
18	49.0	1800	0	1842	0	1
18	49.0	1800	0	1842	0	1
18	49.0	1800	0	1842	0	1
18	49.0	1800	0	1842	0	1
18	49.0	1800	0	1842	0	1
18	49.0	1800	0	1842	0	1
18	49.0	1800	0	1842	0	1
18	49.0	1800	0	1842	0	1
18	49.0	1800	0	1842	0	1
18	49.0	1800	0	1842	0	1
18	49.0	1800	0	1842	0	1
18	49.0	1800	0	1842	0	1
18	49.0	1800	0	1842	0	1
18	49.0	1800	0	1842	0	1
18	49.0	1800	0	1842	0	0
18	45.0	1800	0	1842	0	0
18	27.0	1800	0	1842	0	0
18	27.0	1800	0	1842	0	0
18	27.0	1800	0	1842	0	0
19	27.0	1800	0	1973	0	1
19	45.0	1800	0	1973	0	1
19	49.0	1800	0	1973	0	1
19	49.0	1800	0	1973	0	1
19	49.0	1800	0	1973	0	1
19	49.0	1800	0	1973	0	1
19	49.0	1800	0	1973	0	1
19	49.0	1800	0	1973	0	1
19	49.0	1800	0	1973	0	1
19	49.0	1800	0	1973	0	1
19	49.0	1800	0	1973	0	1
19	49.0	1800	0	1973	0	1
19	49.0	1800	0	1973	0	1
19	49.0	1800	0	1973	0	1
19	49.0	1800	0	1973	0	1
19	49.0	1800	0	1973	0	1
19	49.0	1800	0	1973	0	1
19	49.0	1800	0	1973	0	1
19	49.0	1800	0	1973	0	1
19	49.0	1800	0	1973	0	1
19	49.0	1800	0	1973	0	0
19	27.0	1800	0	1973	0	0
19	27.0	1800	0	1973	0	0
19	27.0	1800	0	1973	0	0
19	27.0	1800	0	1973	0	0
20	27.0	1800	0	2105	0	1
20	49.0	1800	0	2105	0	1
20	49.0	1800	0	2105	0	1
20	49.0	1800	0	2105	0	1
20	49.0	1800	0	2105	0	1
20	49.0	1800	0	2105	0	1
20	49.0	1800	0	2105	0	1
20	49.0	1800	0	2105	0	1
20	49.0	1800	0	2105	0	1
20	49.0	1800	0	2105	0	1
20	49.0	1800	0	2105	0	1
20	49.0	1800	0	2105	0	1
20	49.0	1800	0	2105	0	1
20	49.0	1800	0	2105	0	1
20	49.0	1800	0	2105	0	1
20	49.0	1800	0	2105	0	1
20	49.0	1800	0	2105	0	1
20	49.0	1800	0	2105	0	1
20	49.0	1800	0	2105	0	1
20	49.0	1800	0	2105	0	1
20	49.0	1800	0	2105	0	0
20	39.0	1800	0	2105	0	0
20	27.0	1800	0	2105	0	0
20	27.0	1800	0	2105	0	0
20	27.0	1800	0	2105	0	0
21	27.0	1800	0	2236	0	1
21	49.0	1800	0	2236	0	1
21	49.0	1800	0	2236	0	1
21	49.0	1800	0	2236	0	1
21	49.0	1800	0	2236	0	1
21	49.0	1800	0	2236	0	1
21	49.0	1800	0	2236	0	1
21	49.0	1800	0	2236	0	1
21	49.0	1800	0	2236	0	1
21	49.0	1800	0	2236	0	1
21	49.0	1800	0	2236	0	1
21	49.0	1800	0	2236	0	1
21	49.0	1800	0	2236	0	1
21	49.0	1800	0	2236	0	1
21	49.0	1800	0	2236	0	1
21	49.0	1800	0	2236	0	1
21	49.0	1800	0	2236	0	1
21	49.0	1800	0	2236	0	1
21	49.0	1800	0	2236	0	1
21	49.0	1800	0	2236	0	1
21	49.0	1800	0	2236	0	0
21	27.0	1800	0	2236	0	0
21	27.0	1800	0	2236	0	0
21	27.0	1800	0	2236	0	0
21	27.0	1800	0	2236	0	0
22	27.0	1800	0	2368	0	1
22	27.0	1800	0	2368	0	1
22	50.0	1800	0	2368	0	1
22	50.0	1800	0	2368	0	1
22	49.0	1800	0	2368	0	1
22	50.0	1800	0	2368	0	1
22	50.0	1800	0	2368	0	1
22	49.0	1800	0	2368	0	1
22	50.0	1800	0	2368	0	1
22	50.0	1800	0	2368	0	1
22	49.0	1800	0	2368	0	1
22	50.0	1800	0	2368	0	1
22	49.0	1800	0	2368	0	1
22	49.0	1800	0	2368	0	1
22	50.0	1800	0	2368	0	1
22	49.0	1800	0	2368	0	1
22	49.0	1800	0	2368	0	1
22	49.0	1800	0	2368	0	1
22	49.0	1800	0	2368	0	1
22	50.0	1800	0	2368	0	1
22	49.0	1800	0	2368	0	0
22	35.0	1800	0	2368	0	0
22	27.0	1800	0	2368	0	0
22	27.0	1800	0	2368	0	0
22	27.0	1800	0	2368	0	0
23	27.0	1800	0	2500	0	1
23	50.0	1800	0	2500	0	1
23	50.0	1800	0	2500	0	1
23	49.0	1800	0	2500	0	1
23	50.0	1800	0	2500	0	1
23	49.0	1800	0	2500	0	1
23	49.0	1800	0	2500	0	1
23	50.0	1800	0	2500	0	1
23	49.0	1800	0	2500	0	1
23	50.0	1800	0	2500	0	1
23	50.0	1800	0	2500	0	1
23	49.0	1800	0	2500	0	1
23	50.0	1800	0	2500	0	1
23	50.0	1800	0	2500	0	1
23	50.0	1800	0	2500	0	1
23	50.0	1800	0	2500	0	1
23	49.0	1800	0	2500	0	1
23	50.0	1800	0	2500	0	1
23	50.0	1800	0	2500	0	1
23	50.0	1800	0	2500	0	1
