Stim	R	G	B	C	Temp	HueLux	Yellow	Red	Blue	Blue2	Trig
1	422	513	422	1385	5201	363.0	0	0	0	0	1
1	420	510	420	1378	5201	361.0	0	0	0	0	1
1	422	513	422	1386	5201	363.0	0	0	0	0	1
1	420	511	420	1380	5201	362.0	0	0	0	0	1
1	422	512	422	1384	5201	362.0	0	0	0	0	1
1	420	511	421	1380	5210	362.0	0	0	0	0	1
1	421	512	421	1382	5201	363.0	0	0	0	0	1
1	421	512	421	1383	5201	363.0	0	0	0	0	1
1	422	512	422	1384	5201	362.0	0	0	0	0	1
1	420	511	420	1379	5201	362.0	0	0	0	0	1
1	421	511	421	1381	5201	361.0	0	0	0	0	1
1	418	508	418	1373	5201	360.0	0	0	0	0	1
1	420	511	420	1380	5201	362.0	0	0	0	0	1
1	418	508	418	1371	5201	360.0	0	0	0	0	1
1	420	511	420	1379	5201	362.0	0	0	0	0	1
1	417	507	417	1370	5201	359.0	0	0	0	0	1
1	420	511	420	1379	5201	362.0	0	0	0	0	1
1	417	507	417	1370	5201	359.0	0	0	0	0	1
1	420	510	420	1379	5201	361.0	0	0	0	0	1
1	417	507	418	1370	5210	358.0	0	0	0	0	1
1	420	510	420	1379	5201	361.0	0	0	0	0	1
1	418	508	418	1373	5201	360.0	0	0	0	0	1
1	421	512	421	1383	5201	363.0	0	0	0	0	1
1	420	510	420	1378	5201	361.0	0	0	0	0	1
1	421	512	421	1382	5201	363.0	0	0	0	0	1
1	420	510	420	1379	5201	361.0	0	0	0	0	1
1	420	511	420	1382	5201	362.0	0	0	0	0	1
1	420	511	420	1380	5201	362.0	0	0	0	0	0
1	421	511	421	1382	5201	361.0	0	0	0	0	0
1	420	510	420	1378	5201	361.0	0	0	0	0	0
1	421	512	421	1383	5201	363.0	0	0	0	0	0
1	420	510	420	1378	5201	361.0	0	0	0	0	0
1	422	512	422	1384	5201	362.0	0	0	0	0	0
1	419	510	419	1377	5201	362.0	0	0	0	0	0
2	422	513	422	1385	5201	363.0	0	0	0	0	1
2	419	509	419	1376	5201	360.0	0	0	0	0	1
2	422	513	422	1386	5201	363.0	0	0	0	0	1
2	419	509	419	1376	5201	360.0	0	0	0	0	1
2	422	513	422	1385	5201	363.0	0	0	0	0	1
2	419	509	419	1375	5201	360.0	0	0	0	0	1
2	421	512	421	1383	5201	363.0	0	0	0	0	1
2	418	509	419	1374	5210	361.0	0	0	0	0	1
2	420	511	421	1380	5210	362.0	0	0	0	0	1
2	418	508	419	1374	5210	359.0	0	0	0	0	1
2	420	511	420	1380	5201	362.0	0	0	0	0	1
2	420	511	420	1379	5201	362.0	0	0	0	0	1
2	419	510	420	1377	5210	361.0	0	0	0	0	1
2	419	510	420	1377	5210	361.0	0	0	0	0	1
2	420	510	420	1379	5201	361.0	0	0	0	0	1
2	419	509	419	1376	5201	360.0	0	0	0	0	1
2	420	511	420	1380	5201	362.0	0	0	0	0	1
2	419	509	419	1374	5201	360.0	0	0	0	0	1
2	421	511	421	1381	5201	361.0	0	0	0	0	1
2	418	508	419	1373	5210	359.0	0	0	0	0	1
2	421	511	421	1382	5201	361.0	0	0	0	0	1
2	418	508	418	1373	5201	360.0	0	0	0	0	1
2	421	512	421	1382	5201	363.0	0	0	0	0	1
2	418	508	418	1373	5201	360.0	0	0	0	0	1
2	421	512	421	1382	5201	363.0	0	0	0	0	1
2	418	508	418	1373	5201	360.0	0	0	0	0	1
2	421	512	421	1382	5201	363.0	0	0	0	0	1
2	418	508	419	1374	5210	359.0	0	0	0	0	0
2	421	511	421	1382	5201	361.0	0	0	0	0	0
2	420	511	421	1375	5210	362.0	0	0	0	0	0
2	419	509	419	1376	5201	360.0	0	0	0	0	0
2	420	510	420	1379	5201	361.0	0	0	0	0	0
2	419	510	420	1377	5210	361.0	0	0	0	0	0
2	419	510	420	1378	5210	361.0	0	0	0	0	0
3	420	510	420	1379	5201	361.0	0	0	0	0	1
3	419	509	419	1376	5201	360.0	0	0	0	0	1
3	420	511	421	1380	5210	362.0	0	0	0	0	1
3	419	509	419	1374	5201	360.0	0	0	0	0	1
3	421	511	421	1381	5201	361.0	0	0	0	0	1
3	418	508	419	1374	5210	359.0	0	0	0	0	1
3	421	512	421	1382	5201	363.0	0	0	0	0	1
3	418	508	419	1373	5210	359.0	0	0	0	0	1
3	421	512	421	1383	5201	363.0	0	0	0	0	1
3	418	508	419	1373	5210	359.0	0	0	0	0	1
3	421	512	421	1383	5201	363.0	0	0	0	0	1
3	418	508	419	1373	5210	359.0	0	0	0	0	1
3	421	512	421	1382	5201	363.0	0	0	0	0	1
3	419	509	419	1374	5201	360.0	0	0	0	0	1
3	419	509	419	1376	5201	360.0	0	0	0	0	1
3	420	511	420	1380	5201	362.0	0	0	0	0	1
3	419	510	420	1377	5210	361.0	0	0	0	0	1
3	420	510	420	1378	5201	361.0	0	0	0	0	1
3	420	510	420	1378	5201	361.0	0	0	0	0	1
3	419	510	420	1377	5210	361.0	0	0	0	0	1
3	420	511	420	1379	5201	362.0	0	0	0	0	1
3	419	509	419	1375	5201	360.0	0	0	0	0	1
3	420	511	421	1381	5210	362.0	0	0	0	0	1
3	418	508	419	1374	5210	359.0	0	0	0	0	1
3	421	511	421	1381	5201	361.0	0	0	0	0	1
3	418	508	418	1373	5201	360.0	0	0	0	0	1
3	421	512	421	1383	5201	363.0	0	0	0	0	1
3	418	508	418	1373	5201	360.0	0	0	0	0	0
3	421	512	421	1383	5201	363.0	0	0	0	0	0
3	418	508	418	1373	5201	360.0	0	0	0	0	0
3	421	512	421	1382	5201	363.0	0	0	0	0	0
3	418	509	419	1374	5210	361.0	0	0	0	0	0
3	421	509	419	1382	5182	360.0	0	0	0	0	0
3	420	511	421	1380	5210	362.0	0	0	0	0	0
4	419	509	419	1376	5201	360.0	0	0	0	500	1
4	420	511	420	1379	5201	362.0	0	0	0	500	1
4	434	590	845	1911	8809	171.0	0	0	0	500	1
4	437	606	929	2016	9490	134.0	0	0	0	500	1
4	437	603	909	1992	9316	144.0	0	0	0	500	1
4	436	602	909	1989	9334	143.0	0	0	0	500	1
4	437	604	910	1994	9324	145.0	0	0	0	500	1
4	435	601	908	1988	9343	142.0	0	0	0	500	1
4	437	604	910	1995	9324	145.0	0	0	0	500	1
4	435	601	908	1987	9343	142.0	0	0	0	500	1
4	437	604	910	1996	9324	145.0	0	0	0	500	1
4	435	601	908	1986	9343	142.0	0	0	0	500	1
4	438	604	911	1996	9315	144.0	0	0	0	500	1
4	435	601	908	1987	9343	142.0	0	0	0	500	1
4	438	604	911	1996	9315	144.0	0	0	0	500	1
4	435	602	910	1990	9361	142.0	0	0	0	500	1
4	438	608	930	2020	9480	136.0	0	0	0	500	1
4	438	608	930	2019	9480	136.0	0	0	0	500	1
4	436	605	925	2010	9474	136.0	0	0	0	500	1
4	437	607	930	2018	9499	135.0	0	0	0	500	1
4	437	606	929	2016	9490	134.0	0	0	0	500	1
4	437	607	929	2017	9490	136.0	0	0	0	500	1
4	437	606	927	2015	9473	136.0	0	0	0	500	1
4	436	606	928	2014	9500	135.0	0	0	0	500	1
4	438	607	930	2019	9480	135.0	0	0	0	500	1
4	436	605	928	2013	9500	134.0	0	0	0	500	1
4	437	605	913	1998	9351	144.0	0	0	0	500	1
4	435	601	908	1988	9343	142.0	0	0	0	500	0
4	438	605	911	1996	9315	145.0	0	0	0	500	0
4	418	508	419	1373	5210	359.0	0	0	0	500	0
4	421	512	421	1383	5201	363.0	0	0	0	500	0
4	418	508	418	1373	5201	360.0	0	0	0	500	0
4	421	512	421	1383	5201	363.0	0	0	0	500	0
4	418	508	419	1374	5210	359.0	0	0	0	500	0
5	421	512	421	1382	5201	363.0	0	0	131	631	1
5	419	511	421	1375	5219	362.0	0	0	131	631	1
5	443	644	1129	2266	11100	46.0	0	0	131	631	1
5	445	649	1149	2294	11228	38.0	0	0	131	631	1
5	444	648	1147	2290	11233	39.0	0	0	131	631	1
5	445	648	1149	2293	11228	37.0	0	0	131	631	1
5	445	649	1149	2294	11228	38.0	0	0	131	631	1
5	444	648	1148	2291	11242	38.0	0	0	131	631	1
5	445	649	1147	2292	11211	40.0	0	0	131	631	1
5	443	647	1147	2287	11255	37.0	0	0	131	631	1
5	446	649	1150	2296	11214	37.0	0	0	131	631	1
5	443	647	1148	2288	11264	37.0	0	0	131	631	1
5	446	650	1150	2297	11214	39.0	0	0	131	631	1
5	443	646	1147	2288	11255	36.0	0	0	131	631	1
5	445	645	1124	2264	11014	50.0	0	0	131	631	1
5	442	641	1121	2255	11053	47.0	0	0	131	631	1
5	445	645	1127	2268	11040	48.0	0	0	131	631	1
5	442	642	1122	2256	11062	48.0	0	0	131	631	1
5	445	645	1124	2264	11014	50.0	0	0	131	631	1
5	443	642	1122	2257	11040	48.0	0	0	131	631	1
5	443	643	1123	2259	11049	49.0	0	0	131	631	1
5	444	644	1123	2262	11027	50.0	0	0	131	631	1
5	444	643	1123	2260	11027	48.0	0	0	131	631	1
5	444	643	1123	2260	11027	48.0	0	0	131	631	1
5	445	647	1141	2283	11160	41.0	0	0	131	631	1
5	444	647	1147	2289	11233	37.0	0	0	131	631	1
5	446	650	1150	2296	11214	39.0	0	0	131	631	1
5	444	647	1148	2290	11242	36.0	0	0	131	631	0
5	446	649	1147	2294	11189	40.0	0	0	131	631	0
5	432	583	813	1869	8561	184.0	0	0	131	631	0
5	421	512	422	1384	5210	362.0	0	0	131	631	0
5	418	509	419	1374	5210	361.0	0	0	131	631	0
5	421	512	422	1384	5210	362.0	0	0	131	631	0
5	419	509	419	1374	5201	360.0	0	0	131	631	0
6	421	512	422	1384	5210	362.0	0	0	263	763	1
6	419	509	419	1375	5201	360.0	0	0	263	763	1
6	421	512	421	1383	5201	363.0	0	0	263	763	1
6	456	713	1492	2722	13857	0.0	0	0	263	763	1
6	457	715	1495	2730	13854	0.0	0	0	263	763	1
6	457	714	1495	2728	13854	0.0	0	0	263	763	1
6	456	714	1493	2725	13865	0.0	0	0	263	763	1
6	456	714	1495	2726	13882	0.0	0	0	263	763	1
6	457	715	1495	2729	13854	0.0	0	0	263	763	1
6	456	713	1494	2724	13873	0.0	0	0	263	763	1
6	457	715	1493	2726	13838	0.0	0	0	263	763	1
6	455	712	1491	2720	13876	0.0	0	0	263	763	1
6	458	716	1496	2732	13835	0.0	0	0	263	763	1
6	454	707	1466	2688	13693	0.0	0	0	263	763	1
6	457	711	1472	2701	13663	0.0	0	0	263	763	1
6	454	707	1466	2688	13693	0.0	0	0	263	763	1
6	457	711	1469	2697	13638	0.0	0	0	263	763	1
6	454	707	1466	2688	13693	0.0	0	0	263	763	1
6	457	711	1472	2701	13663	0.0	0	0	263	763	1
6	454	707	1466	2689	13693	0.0	0	0	263	763	1
6	456	710	1468	2696	13656	0.0	0	0	263	763	1
6	455	708	1467	2690	13675	0.0	0	0	263	763	1
6	456	709	1467	2693	13648	0.0	0	0	263	763	1
6	456	709	1467	2693	13648	0.0	0	0	263	763	1
6	457	714	1495	2728	13854	0.0	0	0	263	763	1
6	456	713	1494	2725	13873	0.0	0	0	263	763	1
6	457	715	1495	2729	13854	0.0	0	0	263	763	1
6	455	712	1492	2721	13884	0.0	0	0	263	763	0
6	457	715	1496	2730	13863	0.0	0	0	263	763	0
6	434	592	861	1930	8949	163.0	0	0	263	763	0
6	421	512	421	1383	5201	363.0	0	0	263	763	0
6	418	509	419	1374	5210	361.0	0	0	263	763	0
6	421	512	422	1384	5210	362.0	0	0	263	763	0
6	419	509	419	1374	5201	360.0	0	0	263	763	0
7	421	512	422	1384	5210	362.0	0	0	394	894	1
7	419	509	419	1375	5201	360.0	0	0	394	894	1
7	421	512	422	1384	5210	362.0	0	0	394	894	1
7	467	774	1819	3131	16231	0.0	0	0	394	894	1
7	469	777	1825	3144	16216	0.0	0	0	394	894	1
7	467	776	1828	3144	16304	0.0	0	0	394	894	1
7	468	777	1826	3143	16256	0.0	0	0	394	894	1
7	468	776	1825	3141	16248	0.0	0	0	394	894	1
7	468	777	1829	3147	16280	0.0	0	0	394	894	1
7	467	775	1824	3139	16272	0.0	0	0	394	894	1
7	469	777	1826	3145	16224	0.0	0	0	394	894	1
7	467	775	1824	3138	16272	0.0	0	0	394	894	1
7	469	778	1826	3145	16224	0.0	0	0	394	894	1
7	467	775	1824	3137	16272	0.0	0	0	394	894	1
7	470	783	1854	3181	16420	0.0	0	0	394	894	1
7	468	780	1852	3173	16468	0.0	0	0	394	894	1
7	470	784	1855	3182	16428	0.0	0	0	394	894	1
7	468	780	1852	3173	16468	0.0	0	0	394	894	1
7	470	783	1855	3182	16428	0.0	0	0	394	894	1
7	468	780	1850	3171	16451	0.0	0	0	394	894	1
7	470	783	1854	3181	16420	0.0	0	0	394	894	1
7	468	781	1853	3174	16476	0.0	0	0	394	894	1
7	470	783	1854	3180	16420	0.0	0	0	394	894	1
7	468	781	1853	3176	16476	0.0	0	0	394	894	1
7	469	781	1851	3175	16427	0.0	0	0	394	894	1
7	468	777	1828	3145	16272	0.0	0	0	394	894	1
7	468	777	1825	3143	16248	0.0	0	0	394	894	1
7	467	775	1824	3139	16272	0.0	0	0	394	894	1
7	469	778	1829	3149	16249	0.0	0	0	394	894	0
7	426	546	615	1622	6891	273.0	0	0	394	894	0
7	421	512	421	1383	5201	363.0	0	0	394	894	0
7	419	509	419	1375	5201	360.0	0	0	394	894	0
7	421	512	422	1384	5210	362.0	0	0	394	894	0
7	419	509	419	1374	5201	360.0	0	0	394	894	0
8	421	512	422	1384	5210	362.0	0	0	526	1026	1
8	419	509	419	1375	5201	360.0	0	0	526	1026	1
8	425	531	520	1507	6052	319.0	0	0	526	1026	1
8	481	850	2224	3640	19007	0.0	0	0	526	1026	1
8	483	853	2224	3645	18934	0.0	0	0	526	1026	1
8	481	851	2223	3640	18999	0.0	0	0	526	1026	1
8	482	853	2226	3646	18986	0.0	0	0	526	1026	1
8	481	852	2225	3643	19015	0.0	0	0	526	1026	1
8	482	852	2225	3644	18978	0.0	0	0	526	1026	1
8	482	852	2225	3644	18978	0.0	0	0	526	1026	1
8	481	851	2222	3639	18991	0.0	0	0	526	1026	1
8	481	851	2224	3641	19007	0.0	0	0	526	1026	1
8	482	848	2198	3612	18765	0.0	0	0	526	1026	1
8	479	845	2196	3604	18858	0.0	0	0	526	1026	1
8	482	848	2198	3613	18765	0.0	0	0	526	1026	1
8	479	845	2194	3602	18842	0.0	0	0	526	1026	1
8	482	848	2198	3613	18765	0.0	0	0	526	1026	1
8	479	845	2196	3603	18858	0.0	0	0	526	1026	1
8	482	849	2202	3617	18796	0.0	0	0	526	1026	1
8	479	845	2196	3604	18858	0.0	0	0	526	1026	1
8	482	848	2198	3612	18765	0.0	0	0	526	1026	1
8	480	845	2195	3604	18813	0.0	0	0	526	1026	1
8	482	848	2198	3612	18765	0.0	0	0	526	1026	1
8	480	847	2200	3610	18853	0.0	0	0	526	1026	1
8	482	852	2226	3645	18986	0.0	0	0	526	1026	1
8	482	852	2225	3643	18978	0.0	0	0	526	1026	1
8	482	851	2223	3641	18962	0.0	0	0	526	1026	1
8	482	852	2225	3645	18978	0.0	0	0	526	1026	1
8	481	851	2225	3642	19015	0.0	0	0	526	1026	0
8	438	615	978	2076	9898	112.0	0	0	526	1026	0
8	421	512	421	1383	5201	363.0	0	0	526	1026	0
8	419	509	419	1375	5201	360.0	0	0	526	1026	0
8	422	512	422	1384	5201	362.0	0	0	526	1026	0
8	419	509	419	1375	5201	360.0	0	0	526	1026	0
8	422	512	422	1384	5201	362.0	0	0	526	1026	0
9	419	509	419	1375	5201	360.0	0	0	657	1157	1
9	429	552	629	1644	6977	271.0	0	0	657	1157	1
9	494	921	2601	4113	21451	0.0	0	0	657	1157	1
9	496	924	2600	4117	21362	0.0	0	0	657	1157	1
9	494	922	2601	4114	21451	0.0	0	0	657	1157	1
9	496	924	2600	4116	21362	0.0	0	0	657	1157	1
9	494	922	2601	4115	21451	0.0	0	0	657	1157	1
9	495	924	2602	4118	21418	0.0	0	0	657	1157	1
9	495	923	2602	4117	21418	0.0	0	0	657	1157	1
9	495	923	2602	4117	21418	0.0	0	0	657	1157	1
9	495	923	2601	4116	21410	0.0	0	0	657	1157	1
9	494	919	2583	4092	21312	0.0	0	0	657	1157	1
9	495	919	2575	4085	21210	0.0	0	0	657	1157	1
9	495	919	2575	4085	21210	0.0	0	0	657	1157	1
9	492	916	2572	4076	21308	0.0	0	0	657	1157	1
9	495	919	2573	4083	21195	0.0	0	0	657	1157	1
9	492	916	2572	4076	21308	0.0	0	0	657	1157	1
9	495	920	2575	4086	21210	0.0	0	0	657	1157	1
9	493	916	2572	4077	21267	0.0	0	0	657	1157	1
9	495	920	2578	4090	21233	0.0	0	0	657	1157	1
9	493	917	2572	4078	21267	0.0	0	0	657	1157	1
9	495	919	2573	4083	21195	0.0	0	0	657	1157	1
9	494	922	2601	4114	21451	0.0	0	0	657	1157	1
9	496	923	2599	4115	21355	0.0	0	0	657	1157	1
9	495	923	2601	4115	21410	0.0	0	0	657	1157	1
9	495	923	2600	4114	21403	0.0	0	0	657	1157	1
9	495	923	2600	4114	21403	0.0	0	0	657	1157	1
9	494	923	2601	4115	21451	0.0	0	0	657	1157	0
9	495	924	2602	4118	21418	0.0	0	0	657	1157	0
9	437	605	924	2010	9446	136.0	0	0	657	1157	0
9	421	512	421	1382	5201	363.0	0	0	657	1157	0
9	421	512	421	1383	5201	363.0	0	0	657	1157	0
9	419	509	419	1375	5201	360.0	0	0	657	1157	0
9	421	512	422	1384	5210	362.0	0	0	657	1157	0
10	419	509	419	1374	5201	360.0	0	0	789	1289	1
10	424	528	505	1488	5928	326.0	0	0	789	1289	1
10	506	987	2951	4552	23610	0.0	0	0	789	1289	1
10	508	991	2954	4561	23546	0.0	0	0	789	1289	1
10	506	988	2951	4553	23610	0.0	0	0	789	1289	1
10	508	990	2951	4557	23523	0.0	0	0	789	1289	1
10	506	988	2952	4554	23618	0.0	0	0	789	1289	1
10	508	990	2953	4558	23538	0.0	0	0	789	1289	1
10	507	989	2952	4555	23574	0.0	0	0	789	1289	1
10	507	989	2952	4557	23574	0.0	0	0	789	1289	1
10	507	989	2952	4557	23574	0.0	0	0	789	1289	1
10	507	989	2952	4555	23574	0.0	0	0	789	1289	1
10	508	995	2981	4593	23748	0.0	0	0	789	1289	1
10	507	993	2979	4589	23777	0.0	0	0	789	1289	1
10	509	995	2977	4590	23674	0.0	0	0	789	1289	1
10	507	992	2976	4584	23755	0.0	0	0	789	1289	1
10	507	993	2979	4587	23777	0.0	0	0	789	1289	1
10	509	996	2978	4592	23682	0.0	0	0	789	1289	1
10	507	993	2978	4586	23770	0.0	0	0	789	1289	1
10	509	996	2978	4592	23682	0.0	0	0	789	1289	1
10	507	993	2979	4587	23777	0.0	0	0	789	1289	1
10	509	996	2981	4596	23704	0.0	0	0	789	1289	1
10	507	991	2969	4576	23702	0.0	0	0	789	1289	1
10	508	990	2953	4559	23538	0.0	0	0	789	1289	1
10	506	988	2947	4549	23580	0.0	0	0	789	1289	1
10	508	990	2952	4558	23531	0.0	0	0	789	1289	1
10	507	989	2951	4555	23567	0.0	0	0	789	1289	1
10	507	989	2952	4557	23574	0.0	0	0	789	1289	0
10	507	989	2951	4555	23567	0.0	0	0	789	1289	0
10	432	580	791	1844	8367	196.0	0	0	789	1289	0
10	421	511	421	1381	5201	361.0	0	0	789	1289	0
10	419	510	420	1377	5210	361.0	0	0	789	1289	0
10	421	512	421	1383	5201	363.0	0	0	789	1289	0
10	419	509	419	1376	5201	360.0	0	0	789	1289	0
11	419	509	419	1384	5201	360.0	0	0	921	1421	1
11	436	592	843	1913	8757	175.0	0	0	921	1421	1
11	520	1063	3354	5058	25965	0.0	0	0	921	1421	1
11	522	1067	3356	5066	25885	0.0	0	0	921	1421	1
11	520	1064	3357	5062	25987	0.0	0	0	921	1421	1
11	523	1068	3360	5072	25868	0.0	0	0	921	1421	1
11	520	1064	3356	5061	25980	0.0	0	0	921	1421	1
11	522	1067	3356	5066	25885	0.0	0	0	921	1421	1
11	520	1065	3358	5064	25994	0.0	0	0	921	1421	1
11	522	1067	3359	5069	25907	0.0	0	0	921	1421	1
11	520	1062	3342	5045	25877	0.0	0	0	921	1421	1
11	521	1061	3332	5034	25757	0.0	0	0	921	1421	1
11	520	1060	3329	5029	25782	0.0	0	0	921	1421	1
11	520	1060	3330	5031	25789	0.0	0	0	921	1421	1
11	520	1061	3330	5032	25789	0.0	0	0	921	1421	1
11	519	1060	3329	5029	25829	0.0	0	0	921	1421	1
11	521	1061	3327	5029	25720	0.0	0	0	921	1421	1
11	519	1059	3329	5028	25829	0.0	0	0	921	1421	1
11	521	1062	3331	5034	25750	0.0	0	0	921	1421	1
11	521	1063	3333	5037	25764	0.0	0	0	921	1421	1
11	519	1059	3327	5024	25814	0.0	0	0	921	1421	1
11	523	1068	3360	5071	25868	0.0	0	0	921	1421	1
11	520	1064	3357	5062	25987	0.0	0	0	921	1421	1
11	522	1067	3355	5065	25878	0.0	0	0	921	1421	1
11	520	1064	3354	5057	25965	0.0	0	0	921	1421	1
11	522	1067	3359	5070	25907	0.0	0	0	921	1421	1
11	520	1065	3357	5063	25987	0.0	0	0	921	1421	1
11	522	1066	3356	5065	25885	0.0	0	0	921	1421	0
11	520	1064	3354	5059	25965	0.0	0	0	921	1421	0
11	441	621	1000	2108	10030	105.0	0	0	921	1421	0
11	420	510	420	1379	5201	361.0	0	0	921	1421	0
11	420	511	420	1380	5201	362.0	0	0	921	1421	0
11	420	511	420	1380	5201	362.0	0	0	921	1421	0
11	420	510	420	1378	5201	361.0	0	0	921	1421	0
12	421	511	421	1382	5201	361.0	0	0	1052	1552	1
12	419	510	419	1377	5201	362.0	0	0	1052	1552	1
12	441	621	1001	2110	10039	104.0	0	0	1052	1552	1
12	535	1138	3734	5534	27982	0.0	0	0	1052	1552	1
12	533	1135	3733	5533	28075	0.0	0	0	1052	1552	1
12	535	1138	3733	5540	27975	0.0	0	0	1052	1552	1
12	533	1135	3734	5534	28082	0.0	0	0	1052	1552	1
12	535	1138	3735	5541	27989	0.0	0	0	1052	1552	1
12	533	1135	3730	5530	28053	0.0	0	0	1052	1552	1
12	535	1139	3736	5543	27996	0.0	0	0	1052	1552	1
12	532	1130	3705	5500	27924	0.0	0	0	1052	1552	1
12	534	1133	3708	5507	27846	0.0	0	0	1052	1552	1
12	532	1131	3705	5499	27924	0.0	0	0	1052	1552	1
12	534	1132	3704	5502	27818	0.0	0	0	1052	1552	1
12	533	1131	3706	5502	27882	0.0	0	0	1052	1552	1
12	533	1132	3707	5503	27889	0.0	0	0	1052	1552	1
12	533	1132	3706	5503	27882	0.0	0	0	1052	1552	1
12	533	1131	3705	5500	27875	0.0	0	0	1052	1552	1
12	533	1131	3704	5500	27867	0.0	0	0	1052	1552	1
12	532	1130	3705	5498	27924	0.0	0	0	1052	1552	1
12	534	1132	3707	5504	27839	0.0	0	0	1052	1552	1
12	533	1135	3733	5533	28075	0.0	0	0	1052	1552	1
12	533	1135	3731	5530	28061	0.0	0	0	1052	1552	1
12	535	1139	3736	5543	27996	0.0	0	0	1052	1552	1
12	533	1135	3733	5534	28075	0.0	0	0	1052	1552	1
12	535	1138	3733	5539	27975	0.0	0	0	1052	1552	1
12	533	1135	3730	5530	28053	0.0	0	0	1052	1552	1
12	536	1138	3734	5541	27933	0.0	0	0	1052	1552	0
12	533	1136	3733	5535	28075	0.0	0	0	1052	1552	0
12	436	590	835	1903	8687	178.0	0	0	1052	1552	0
12	420	510	420	1377	5201	361.0	0	0	1052	1552	0
12	421	512	421	1383	5201	363.0	0	0	1052	1552	0
12	420	510	420	1379	5201	361.0	0	0	1052	1552	0
12	421	511	421	1381	5201	361.0	0	0	1052	1552	0
13	421	511	421	1382	5201	361.0	0	0	1184	1684	1
13	421	512	421	1382	5201	363.0	0	0	1184	1684	1
13	432	575	763	1809	8120	208.0	0	0	1184	1684	1
13	545	1202	4085	5977	29948	0.0	0	0	1184	1684	1
13	547	1205	4090	5986	29878	0.0	0	0	1184	1684	1
13	545	1202	4085	5975	29948	0.0	0	0	1184	1684	1
13	545	1201	4083	5979	29934	0.0	0	0	1184	1684	1
13	548	1205	4087	5984	29806	0.0	0	0	1184	1684	1
13	545	1202	4085	5974	29948	0.0	0	0	1184	1684	1
13	548	1205	4087	5984	29806	0.0	0	0	1184	1684	1
13	545	1204	4097	5991	30032	0.0	0	0	1184	1684	1
13	549	1211	4115	6019	29948	0.0	0	0	1184	1684	1
13	546	1207	4113	6011	30091	0.0	0	0	1184	1684	1
13	549	1210	4115	6019	29948	0.0	0	0	1184	1684	1
13	546	1207	4110	6007	30070	0.0	0	0	1184	1684	1
13	548	1209	4112	6014	29979	0.0	0	0	1184	1684	1
13	546	1207	4110	6009	30070	0.0	0	0	1184	1684	1
13	548	1210	4115	6017	30000	0.0	0	0	1184	1684	1
13	547	1208	4113	6013	30039	0.0	0	0	1184	1684	1
13	547	1209	4111	6012	30025	0.0	0	0	1184	1684	1
13	548	1208	4109	6010	29959	0.0	0	0	1184	1684	1
13	547	1208	4114	6013	30046	0.0	0	0	1184	1684	1
13	547	1204	4086	5982	29851	0.0	0	0	1184	1684	1
13	546	1203	4085	5976	29896	0.0	0	0	1184	1684	1
13	547	1205	4086	5982	29851	0.0	0	0	1184	1684	1
13	548	1205	4087	5983	29806	0.0	0	0	1184	1684	1
13	545	1202	4084	5974	29941	0.0	0	0	1184	1684	1
13	548	1205	4085	5981	29792	0.0	0	0	1184	1684	0
13	545	1201	4081	5971	29920	0.0	0	0	1184	1684	0
13	435	587	817	1881	8546	187.0	0	0	1184	1684	0
13	419	509	419	1376	5201	360.0	0	0	1184	1684	0
13	422	513	422	1385	5201	363.0	0	0	1184	1684	0
13	419	510	419	1377	5201	362.0	0	0	1184	1684	0
13	421	512	422	1384	5210	362.0	0	0	1184	1684	0
14	420	510	420	1377	5201	361.0	0	0	1315	1815	1
14	421	512	421	1383	5201	363.0	0	0	1315	1815	1
14	450	677	1304	2487	12431	0.0	0	0	1315	1815	1
14	561	1280	4489	6486	31877	0.0	0	0	1315	1815	1
14	560	1280	4492	6489	31952	0.0	0	0	1315	1815	1
14	560	1280	4492	6488	31952	0.0	0	0	1315	1815	1
14	560	1280	4488	6485	31925	0.0	0	0	1315	1815	1
14	560	1279	4487	6482	31918	0.0	0	0	1315	1815	1
14	561	1281	4491	6490	31891	0.0	0	0	1315	1815	1
14	559	1276	4464	6485	31816	0.0	0	0	1315	1815	1
14	558	1273	4461	6448	31850	0.0	0	0	1315	1815	1
14	561	1276	4461	6453	31687	0.0	0	0	1315	1815	1
14	558	1273	4461	6448	31850	0.0	0	0	1315	1815	1
14	561	1277	4467	6461	31728	0.0	0	0	1315	1815	1
14	558	1273	4461	6448	31850	0.0	0	0	1315	1815	1
14	561	1276	4463	6455	31701	0.0	0	0	1315	1815	1
14	558	1273	4458	6445	31830	0.0	0	0	1315	1815	1
14	561	1276	4464	6457	31708	0.0	0	0	1315	1815	1
14	558	1274	4461	6449	31850	0.0	0	0	1315	1815	1
14	561	1276	4464	6456	31708	0.0	0	0	1315	1815	1
14	559	1278	4484	6477	31952	0.0	0	0	1315	1815	1
14	561	1281	4490	6488	31884	0.0	0	0	1315	1815	1
14	560	1280	4490	6487	31939	0.0	0	0	1315	1815	1
14	561	1280	4491	6488	31891	0.0	0	0	1315	1815	1
14	560	1279	4487	6483	31918	0.0	0	0	1315	1815	1
14	560	1279	4487	6482	31918	0.0	0	0	1315	1815	1
14	561	1280	4491	6488	31891	0.0	0	0	1315	1815	1
14	560	1279	4490	6485	31939	0.0	0	0	1315	1815	1
14	559	1278	4486	6479	31966	0.0	0	0	1315	1815	0
14	436	594	854	1926	8853	170.0	0	0	1315	1815	0
14	419	509	419	1376	5201	360.0	0	0	1315	1815	0
14	422	513	422	1385	5201	363.0	0	0	1315	1815	0
14	419	509	419	1376	5201	360.0	0	0	1315	1815	0
14	422	513	422	1385	5201	363.0	0	0	1315	1815	0
15	419	509	419	1376	5201	360.0	0	0	1447	1947	1
15	422	513	422	1385	5201	363.0	0	0	1447	1947	1
15	458	720	1535	2776	14160	0.0	0	0	1447	1947	1
15	575	1353	4871	6967	33666	0.0	0	0	1447	1947	1
15	572	1351	4870	6961	33829	0.0	0	0	1447	1947	1
15	575	1354	4874	6970	33686	0.0	0	0	1447	1947	1
15	573	1351	4872	6964	33785	0.0	0	0	1447	1947	1
15	574	1352	4870	6964	33716	0.0	0	0	1447	1947	1
15	573	1350	4865	6956	33739	0.0	0	0	1447	1947	1
15	573	1347	4844	6931	33599	0.0	0	0	1447	1947	1
15	572	1347	4844	6930	33656	0.0	0	0	1447	1947	1
15	572	1346	4843	6930	33649	0.0	0	0	1447	1947	1
15	573	1346	4841	6931	33579	0.0	0	0	1447	1947	1
15	573	1348	4844	6933	33599	0.0	0	0	1447	1947	1
15	571	1346	4843	6927	33705	0.0	0	0	1447	1947	1
15	574	1348	4845	6935	33550	0.0	0	0	1447	1947	1
15	571	1344	4839	6921	33679	0.0	0	0	1447	1947	1
15	574	1348	4844	6934	33543	0.0	0	0	1447	1947	1
15	571	1345	4842	6925	33699	0.0	0	0	1447	1947	1
15	574	1349	4848	6939	33570	0.0	0	0	1447	1947	1
15	572	1349	4866	6956	33802	0.0	0	0	1447	1947	1
15	575	1353	4872	6969	33673	0.0	0	0	1447	1947	1
15	572	1350	4870	6961	33829	0.0	0	0	1447	1947	1
15	575	1353	4872	6969	33673	0.0	0	0	1447	1947	1
15	572	1350	4867	6957	33809	0.0	0	0	1447	1947	1
15	574	1353	4869	6965	33709	0.0	0	0	1447	1947	1
15	573	1351	4870	6961	33772	0.0	0	0	1447	1947	1
15	574	1353	4872	6968	33729	0.0	0	0	1447	1947	1
15	573	1350	4866	6957	33746	0.0	0	0	1447	1947	0
15	574	1352	4868	6961	33702	0.0	0	0	1447	1947	0
15	426	545	601	1606	6766	282.0	0	0	1447	1947	0
15	421	511	421	1381	5201	361.0	0	0	1447	1947	0
15	420	510	420	1379	5201	361.0	0	0	1447	1947	0
15	421	512	421	1382	5201	363.0	0	0	1447	1947	0
15	420	510	420	1377	5201	361.0	0	0	1447	1947	0
16	421	512	421	1383	5201	363.0	0	0	1578	2078	1
16	445	651	1171	2319	11416	25.0	0	0	1578	2078	1
16	587	1420	5224	7410	35298	0.0	0	0	1578	2078	1
16	584	1417	5221	7402	35452	0.0	0	0	1578	2078	1
16	587	1420	5222	7408	35285	0.0	0	0	1578	2078	1
16	584	1416	5220	7400	35446	0.0	0	0	1578	2078	1
16	587	1420	5224	7411	35298	0.0	0	0	1578	2078	1
16	584	1417	5221	7401	35452	0.0	0	0	1578	2078	1
16	587	1420	5222	7409	35285	0.0	0	0	1578	2078	1
16	585	1421	5242	7428	35531	0.0	0	0	1578	2078	1
16	587	1425	5252	7445	35479	0.0	0	0	1578	2078	1
16	585	1422	5249	7437	35576	0.0	0	0	1578	2078	1
16	587	1424	5247	7439	35447	0.0	0	0	1578	2078	1
16	585	1422	5245	7433	35550	0.0	0	0	1578	2078	1
16	587	1423	5250	7443	35466	0.0	0	0	1578	2078	1
16	587	1423	5246	7436	35440	0.0	0	0	1578	2078	1
16	586	1423	5246	7435	35498	0.0	0	0	1578	2078	1
16	586	1424	5250	7440	35524	0.0	0	0	1578	2078	1
16	587	1424	5250	7442	35466	0.0	0	0	1578	2078	1
16	585	1418	5223	7406	35407	0.0	0	0	1578	2078	1
16	586	1418	5218	7402	35316	0.0	0	0	1578	2078	1
16	585	1417	5220	7401	35387	0.0	0	0	1578	2078	1
16	586	1419	5222	7407	35342	0.0	0	0	1578	2078	1
16	584	1416	5216	7395	35420	0.0	0	0	1578	2078	1
16	586	1419	5218	7403	35316	0.0	0	0	1578	2078	1
16	584	1417	5222	7403	35459	0.0	0	0	1578	2078	1
16	587	1420	5222	7408	35285	0.0	0	0	1578	2078	1
16	584	1415	5216	7394	35420	0.0	0	0	1578	2078	0
16	587	1419	5219	7404	35265	0.0	0	0	1578	2078	0
16	428	560	687	1712	7506	242.0	0	0	1578	2078	0
16	422	512	422	1384	5201	362.0	0	0	1578	2078	0
16	419	509	419	1376	5201	360.0	0	0	1578	2078	0
16	422	512	422	1384	5201	362.0	0	0	1578	2078	0
16	422	512	422	1384	5201	362.0	0	0	1578	2078	0
17	420	510	420	1377	5201	361.0	0	0	1710	2210	1
17	473	793	1912	3253	16792	0.0	0	0	1710	2210	1
17	599	1496	5634	7921	37226	0.0	0	0	1710	2210	1
17	600	1497	5634	7923	37166	0.0	0	0	1710	2210	1
17	599	1495	5630	7917	37201	0.0	0	0	1710	2210	1
17	600	1495	5629	7916	37135	0.0	0	0	1710	2210	1
17	600	1496	5634	7922	37166	0.0	0	0	1710	2210	1
17	598	1491	5608	7888	37120	0.0	0	0	1710	2210	1
17	599	1491	5603	7884	37029	0.0	0	0	1710	2210	1
17	598	1489	5600	7877	37069	0.0	0	0	1710	2210	1
17	600	1492	5605	7888	36982	0.0	0	0	1710	2210	1
17	598	1489	5604	7881	37095	0.0	0	0	1710	2210	1
17	600	1492	5604	7887	36976	0.0	0	0	1710	2210	1
17	597	1488	5599	7876	37123	0.0	0	0	1710	2210	1
17	600	1492	5605	7890	36982	0.0	0	0	1710	2210	1
17	598	1490	5606	7884	37108	0.0	0	0	1710	2210	1
17	600	1492	5604	7888	36976	0.0	0	0	1710	2210	1
17	597	1492	5604	7875	37155	0.0	0	0	1710	2210	1
17	598	1494	5628	7912	37248	0.0	0	0	1710	2210	1
17	601	1497	5629	7919	37075	0.0	0	0	1710	2210	1
17	599	1494	5627	7911	37182	0.0	0	0	1710	2210	1
17	601	1497	5633	7924	37101	0.0	0	0	1710	2210	1
17	599	1494	5628	7913	37188	0.0	0	0	1710	2210	1
17	600	1496	5629	7917	37135	0.0	0	0	1710	2210	1
17	599	1495	5627	7913	37182	0.0	0	0	1710	2210	1
17	600	1496	5632	7921	37154	0.0	0	0	1710	2210	1
17	600	1496	5632	7919	37154	0.0	0	0	1710	2210	1
17	600	1495	5627	7914	37122	0.0	0	0	1710	2210	0
17	600	1495	5627	7915	37122	0.0	0	0	1710	2210	0
17	426	544	596	1600	6721	284.0	0	0	1710	2210	0
17	421	512	421	1382	5201	363.0	0	0	1710	2210	0
17	420	510	420	1377	5201	361.0	0	0	1710	2210	0
17	422	512	422	1384	5201	362.0	0	0	1710	2210	0
17	419	509	419	1376	5201	360.0	0	0	1710	2210	0
18	422	512	422	1384	5201	362.0	0	0	1842	2342	1
18	419	509	419	1376	5201	360.0	0	0	1842	2342	1
18	612	1567	6015	8398	38837	0.0	0	0	1842	2342	1
18	614	1570	6019	8409	38740	0.0	0	0	1842	2342	1
18	611	1566	6012	8394	38879	0.0	0	0	1842	2342	1
18	614	1570	6014	8403	38709	0.0	0	0	1842	2342	1
18	612	1566	6011	8393	38812	0.0	0	0	1842	2342	1
18	613	1565	5989	8371	38614	0.0	0	0	1842	2342	1
18	611	1562	5986	8361	38717	0.0	0	0	1842	2342	1
18	613	1564	5985	8365	38589	0.0	0	0	1842	2342	1
18	611	1562	5986	8362	38717	0.0	0	0	1842	2342	1
18	613	1564	5988	8369	38608	0.0	0	0	1842	2342	1
18	611	1562	5985	8363	38711	0.0	0	0	1842	2342	1
18	612	1563	5983	8362	38638	0.0	0	0	1842	2342	1
18	612	1563	5986	8364	38656	0.0	0	0	1842	2342	1
18	612	1563	5987	8365	38663	0.0	0	0	1842	2342	1
18	612	1563	5986	8365	38656	0.0	0	0	1842	2342	1
18	611	1562	5986	8363	38717	0.0	0	0	1842	2342	1
18	613	1569	6014	8401	38770	0.0	0	0	1842	2342	1
18	612	1567	6014	8398	38831	0.0	0	0	1842	2342	1
18	611	1565	6006	8400	38842	0.0	0	0	1842	2342	1
18	614	1569	6014	8401	38709	0.0	0	0	1842	2342	1
18	611	1566	6013	8395	38886	0.0	0	0	1842	2342	1
18	614	1569	6013	8400	38702	0.0	0	0	1842	2342	1
18	611	1565	6006	8386	38842	0.0	0	0	1842	2342	1
18	614	1569	6014	8402	38709	0.0	0	0	1842	2342	1
18	611	1566	6013	8395	38886	0.0	0	0	1842	2342	1
18	614	1569	6013	8401	38702	0.0	0	0	1842	2342	0
18	611	1563	5990	8367	38742	0.0	0	0	1842	2342	0
18	422	512	422	1385	5201	362.0	0	0	1842	2342	0
18	419	510	420	1377	5210	361.0	0	0	1842	2342	0
18	422	512	422	1384	5201	362.0	0	0	1842	2342	0
18	420	510	420	1378	5201	361.0	0	0	1842	2342	0
18	421	512	421	1383	5201	363.0	0	0	1842	2342	0
19	420	510	420	1379	5201	361.0	0	0	1973	2473	1
19	421	511	421	1382	5201	361.0	0	0	1973	2473	1
19	465	756	1717	3007	15459	0.0	0	0	1973	2473	1
19	625	1635	6368	8844	40210	0.0	0	0	1973	2473	1
19	625	1636	6370	8848	40222	0.0	0	0	1973	2473	1
19	626	1635	6366	8842	40136	0.0	0	0	1973	2473	1
19	624	1634	6366	8840	40260	0.0	0	0	1973	2473	1
19	627	1641	6392	8876	40232	0.0	0	0	1973	2473	1
19	625	1639	6393	8872	40362	0.0	0	0	1973	2473	1
19	627	1642	6395	8880	40250	0.0	0	0	1973	2473	1
19	625	1639	6395	8875	40374	0.0	0	0	1973	2473	1
19	627	1642	6396	8882	40256	0.0	0	0	1973	2473	1
19	625	1638	6393	8873	40362	0.0	0	0	1973	2473	1
19	627	1642	6395	8881	40250	0.0	0	0	1973	2473	1
19	625	1638	6393	8872	40362	0.0	0	0	1973	2473	1
19	627	1642	6395	8881	40250	0.0	0	0	1973	2473	1
19	625	1639	6394	8874	40368	0.0	0	0	1973	2473	1
19	627	1642	6394	8880	40244	0.0	0	0	1973	2473	1
19	625	1639	6392	8872	40356	0.0	0	0	1973	2473	1
19	626	1637	6372	8851	40172	0.0	0	0	1973	2473	1
19	624	1634	6367	8841	40266	0.0	0	0	1973	2473	1
19	626	1636	6364	8841	40123	0.0	0	0	1973	2473	1
19	624	1634	6363	8836	40242	0.0	0	0	1973	2473	1
19	625	1635	6367	8845	40204	0.0	0	0	1973	2473	1
19	625	1634	6363	8838	40179	0.0	0	0	1973	2473	1
19	625	1634	6363	8838	40179	0.0	0	0	1973	2473	1
19	625	1634	6367	8841	40204	0.0	0	0	1973	2473	1
19	625	1636	6367	8844	40204	0.0	0	0	1973	2473	0
19	624	1633	6363	8835	40242	0.0	0	0	1973	2473	0
19	422	515	438	1404	5345	355.0	0	0	1973	2473	0
19	419	509	419	1376	5201	360.0	0	0	1973	2473	0
19	422	512	422	1384	5201	362.0	0	0	1973	2473	0
19	419	509	419	1376	5201	360.0	0	0	1973	2473	0
19	422	512	422	1384	5201	362.0	0	0	1973	2473	0
20	419	509	419	1375	5201	360.0	0	0	2105	2605	1
20	422	513	422	1385	5201	363.0	0	0	2105	2605	1
20	496	930	2646	4170	21716	0.0	0	0	2105	2605	1
20	641	1715	6782	9366	41702	0.0	0	0	2105	2605	1
20	638	1712	6780	9358	41879	0.0	0	0	2105	2605	1
20	641	1716	6785	9370	41719	0.0	0	0	2105	2605	1
20	638	1712	6780	9359	41879	0.0	0	0	2105	2605	1
20	639	1709	6752	9328	41649	0.0	0	0	2105	2605	1
20	639	1710	6759	9335	41691	0.0	0	0	2105	2605	1
20	638	1708	6754	9327	41724	0.0	0	0	2105	2605	1
20	639	1708	6750	9325	41637	0.0	0	0	2105	2605	1
20	638	1707	6750	9323	41700	0.0	0	0	2105	2605	1
20	638	1708	6754	9328	41724	0.0	0	0	2105	2605	1
20	639	1708	6754	9328	41661	0.0	0	0	2105	2605	1
20	638	1707	6749	9321	41694	0.0	0	0	2105	2605	1
20	639	1708	6750	9324	41637	0.0	0	0	2105	2605	1
20	638	1707	6753	9325	41718	0.0	0	0	2105	2605	1
20	640	1715	6783	9366	41771	0.0	0	0	2105	2605	1
20	638	1712	6777	9355	41861	0.0	0	0	2105	2605	1
20	640	1714	6779	9361	41747	0.0	0	0	2105	2605	1
20	638	1712	6780	9358	41879	0.0	0	0	2105	2605	1
20	641	1715	6782	9366	41702	0.0	0	0	2105	2605	1
20	638	1711	6777	9353	41861	0.0	0	0	2105	2605	1
20	641	1715	6779	9362	41684	0.0	0	0	2105	2605	1
20	638	1712	6779	9356	41873	0.0	0	0	2105	2605	1
20	641	1715	6779	9363	41684	0.0	0	0	2105	2605	1
20	640	1714	6778	9353	41741	0.0	0	0	2105	2605	1
20	638	1712	6779	9357	41873	0.0	0	0	2105	2605	0
20	639	1708	6744	9318	41601	0.0	0	0	2105	2605	0
20	420	510	420	1378	5201	361.0	0	0	2105	2605	0
20	421	512	421	1383	5201	363.0	0	0	2105	2605	0
20	420	510	420	1378	5201	361.0	0	0	2105	2605	0
20	421	512	421	1382	5201	363.0	0	0	2105	2605	0
20	420	511	420	1380	5201	362.0	0	0	2105	2605	0
21	421	511	421	1381	5201	361.0	0	0	2236	2736	1
21	421	511	421	1381	5201	361.0	0	0	2236	2736	1
21	508	995	2985	4598	23778	0.0	0	0	2236	2736	1
21	653	1786	7161	9840	43172	0.0	0	0	2236	2736	1
21	652	1785	7163	9839	43248	0.0	0	0	2236	2736	1
21	653	1787	7166	9847	43201	0.0	0	0	2236	2736	1
21	651	1780	7137	9807	43160	0.0	0	0	2236	2736	1
21	653	1783	7140	9814	43050	0.0	0	0	2236	2736	1
21	650	1779	7132	9800	43195	0.0	0	0	2236	2736	1
21	653	1782	7137	9811	43032	0.0	0	0	2236	2736	1
21	650	1779	7136	9805	43218	0.0	0	0	2236	2736	1
21	650	1778	7132	9799	43195	0.0	0	0	2236	2736	1
21	653	1782	7137	9811	43032	0.0	0	0	2236	2736	1
21	650	1779	7136	9804	43218	0.0	0	0	2236	2736	1
21	653	1782	7136	9810	43026	0.0	0	0	2236	2736	1
21	650	1779	7132	9799	43195	0.0	0	0	2236	2736	1
21	653	1782	7138	9812	43038	0.0	0	0	2236	2736	1
21	652	1785	7165	9841	43260	0.0	0	0	2236	2736	1
21	653	1786	7162	9841	43178	0.0	0	0	2236	2736	1
21	652	1785	7161	9836	43236	0.0	0	0	2236	2736	1
21	653	1786	7163	9842	43184	0.0	0	0	2236	2736	1
21	652	1786	7165	9843	43260	0.0	0	0	2236	2736	1
21	653	1786	7161	9839	43172	0.0	0	0	2236	2736	1
21	652	1785	7161	9839	43236	0.0	0	0	2236	2736	1
21	652	1785	7161	9838	43236	0.0	0	0	2236	2736	1
21	653	1787	7165	9844	43195	0.0	0	0	2236	2736	1
21	652	1785	7161	9837	43236	0.0	0	0	2236	2736	1
21	653	1785	7157	9836	43149	0.0	0	0	2236	2736	0
21	650	1778	7130	9798	43183	0.0	0	0	2236	2736	0
21	419	509	419	9299	5201	360.0	0	0	2236	2736	0
21	422	512	422	1384	5201	362.0	0	0	2236	2736	0
21	419	509	419	1376	5201	360.0	0	0	2236	2736	0
21	422	513	422	1385	5201	363.0	0	0	2236	2736	0
21	419	509	419	1376	5201	360.0	0	0	2236	2736	0
22	422	513	422	1385	5201	363.0	0	0	2368	2868	1
22	419	509	419	1376	5201	360.0	0	0	2368	2868	1
22	490	887	2403	3871	20075	0.0	0	0	2368	2868	1
22	664	1853	7525	10294	44569	0.0	0	0	2368	2868	1
22	666	1855	7523	10296	44427	0.0	0	0	2368	2868	1
22	664	1853	7521	10289	44546	0.0	0	0	2368	2868	1
22	666	1856	7526	10299	44445	0.0	0	0	2368	2868	1
22	665	1859	7551	10327	44653	0.0	0	0	2368	2868	1
22	666	1860	7551	10330	44588	0.0	0	0	2368	2868	1
22	665	1859	7550	10326	44647	0.0	0	0	2368	2868	1
22	666	1860	7554	10332	44605	0.0	0	0	2368	2868	1
22	666	1860	7552	10330	44593	0.0	0	0	2368	2868	1
22	665	1859	7549	10326	44641	0.0	0	0	2368	2868	1
22	666	1859	7550	10328	44582	0.0	0	0	2368	2868	1
22	667	1860	7553	10333	44534	0.0	0	0	2368	2868	1
22	665	1858	7547	10322	44630	0.0	0	0	2368	2868	1
22	667	1860	7550	10330	44517	0.0	0	0	2368	2868	1
22	664	1854	7526	10295	44574	0.0	0	0	2368	2868	1
22	666	1856	7524	10297	44433	0.0	0	0	2368	2868	1
22	663	1852	7520	10287	44605	0.0	0	0	2368	2868	1
22	666	1855	7520	10293	44410	0.0	0	0	2368	2868	1
22	663	1852	7521	10288	44611	0.0	0	0	2368	2868	1
22	666	1856	7524	10297	44433	0.0	0	0	2368	2868	1
22	663	1852	7520	10287	44605	0.0	0	0	2368	2868	1
22	666	1855	7519	10291	44405	0.0	0	0	2368	2868	1
22	663	1852	7520	10287	44605	0.0	0	0	2368	2868	1
22	666	1855	7523	10295	44427	0.0	0	0	2368	2868	1
22	664	1852	7521	10288	44546	0.0	0	0	2368	2868	1
22	666	1854	7518	10289	44399	0.0	0	0	2368	2868	0
22	655	1805	7265	9968	43650	0.0	0	0	2368	2868	0
22	421	512	421	1383	5201	363.0	0	0	2368	2868	0
22	420	510	420	1379	5201	361.0	0	0	2368	2868	0
22	420	511	420	1380	5201	362.0	0	0	2368	2868	0
22	420	511	420	1379	5201	362.0	0	0	2368	2868	0
23	421	511	421	1381	5201	361.0	0	0	2500	3000	1
23	420	510	420	1377	5201	361.0	0	0	2500	3000	1
23	528	1103	3548	5306	26993	0.0	0	0	2500	3000	1
23	678	1931	7936	10809	45987	0.0	0	0	2500	3000	1
23	680	1934	7944	10822	45900	0.0	0	0	2500	3000	1
23	677	1926	7915	10782	45934	0.0	0	0	2500	3000	1
23	679	1928	7911	10782	45781	0.0	0	0	2500	3000	1
23	677	1925	7909	10774	45901	0.0	0	0	2500	3000	1
23	679	1929	7914	10786	45797	0.0	0	0	2500	3000	1
23	677	1926	7911	10777	45912	0.0	0	0	2500	3000	1
23	679	1928	7910	10781	45775	0.0	0	0	2500	3000	1
23	676	1925	7910	10775	45972	0.0	0	0	2500	3000	1
23	679	1929	7912	10783	45786	0.0	0	0	2500	3000	1
23	677	1925	7910	10775	45906	0.0	0	0	2500	3000	1
23	679	1928	7909	10779	45769	0.0	0	0	2500	3000	1
23	676	1925	7906	10770	45949	0.0	0	0	2500	3000	1
23	679	1928	7910	10779	45775	0.0	0	0	2500	3000	1
23	679	1933	7936	10813	45921	0.0	0	0	2500	3000	1
23	678	1931	7932	10806	45964	0.0	0	0	2500	3000	1
23	679	1933	7936	10812	45921	0.0	0	0	2500	3000	1
23	679	1933	7939	10815	45938	0.0	0	0	2500	3000	1
23	679	1932	7935	10810	45915	0.0	0	0	2500	3000	1
23	679	1932	7935	10810	45915	0.0	0	0	2500	3000	1
23	679	1932	7936	10809	45921	0.0	0	0	2500	3000	1
23	680	1934	7939	10817	45872	0.0	0	0	2500	3000	1
23	678	1931	7933	10806	45970	0.0	0	0	2500	3000	1
23	680	1933	7935	10812	45850	0.0	0	0	2500	3000	1
23	677	1925	7905	10770	45878	0.0	0	0	2500	3000	1
