Stim	R	G	B	C	Temp	HueLux	Yellow	Red	Blue	Blue2	Trig
1	415	508	418	1372	5228	361.0	0	0	0	0	1
1	415	509	419	1374	5237	361.0	0	0	0	0	1
1	414	507	417	1369	5228	360.0	0	0	0	0	1
1	416	506	417	1375	5210	358.0	0	0	0	0	1
1	416	509	419	1376	5228	361.0	0	0	0	0	1
1	413	506	417	1367	5237	359.0	0	0	0	0	1
1	415	509	419	1375	5237	361.0	0	0	0	0	1
1	413	505	416	1365	5228	358.0	0	0	0	0	1
1	415	509	419	1375	5237	361.0	0	0	0	0	1
1	413	505	416	1366	5228	358.0	0	0	0	0	1
1	415	509	419	1375	5237	361.0	0	0	0	0	1
1	413	506	417	1366	5237	359.0	0	0	0	0	1
1	415	509	419	1374	5237	361.0	0	0	0	0	1
1	413	506	417	1367	5237	359.0	0	0	0	0	1
1	415	508	419	1373	5237	360.0	0	0	0	0	1
1	414	506	417	1369	5228	359.0	0	0	0	0	1
1	415	508	418	1372	5228	361.0	0	0	0	0	1
1	414	507	418	1370	5237	359.0	0	0	0	0	1
1	414	507	418	1370	5237	359.0	0	0	0	0	1
1	414	507	418	1371	5237	359.0	0	0	0	0	1
1	413	506	417	1368	5237	359.0	0	0	0	0	1
1	415	508	418	1372	5228	361.0	0	0	0	0	1
1	415	508	419	1373	5237	360.0	0	0	0	0	1
1	413	506	416	1366	5228	360.0	0	0	0	0	1
1	415	509	419	1374	5237	361.0	0	0	0	0	1
1	413	505	416	1366	5228	358.0	0	0	0	0	1
1	416	509	419	1375	5228	361.0	0	0	0	0	1
1	413	505	416	1365	5228	358.0	0	0	0	0	0
1	416	509	419	1375	5228	361.0	0	0	0	0	0
1	413	506	416	1366	5228	360.0	0	0	0	0	0
1	415	509	419	1374	5237	361.0	0	0	0	0	0
1	413	506	417	1367	5237	359.0	0	0	0	0	0
1	415	508	419	1374	5237	360.0	0	0	0	0	0
1	413	506	417	1368	5237	359.0	0	0	0	0	0
2	415	508	418	1372	5228	361.0	0	0	0	0	1
2	414	507	417	1369	5228	360.0	0	0	0	0	1
2	414	507	418	1370	5237	359.0	0	0	0	0	1
2	414	507	418	1371	5237	359.0	0	0	0	0	1
2	414	507	417	1369	5228	360.0	0	0	0	0	1
2	415	508	418	1372	5228	361.0	0	0	0	0	1
2	413	508	419	1368	5256	361.0	0	0	0	0	1
2	413	506	416	1366	5228	360.0	0	0	0	0	1
2	416	509	419	1375	5228	361.0	0	0	0	0	1
2	413	506	416	1366	5228	360.0	0	0	0	0	1
2	416	509	419	1375	5228	361.0	0	0	0	0	1
2	413	505	416	1366	5228	358.0	0	0	0	0	1
2	416	509	419	1375	5228	361.0	0	0	0	0	1
2	413	506	416	1366	5228	360.0	0	0	0	0	1
2	416	509	419	1375	5228	361.0	0	0	0	0	1
2	413	506	417	1367	5237	359.0	0	0	0	0	1
2	415	509	419	1374	5237	361.0	0	0	0	0	1
2	414	506	417	1368	5228	359.0	0	0	0	0	1
2	415	508	418	1373	5228	361.0	0	0	0	0	1
2	414	507	417	1369	5228	360.0	0	0	0	0	1
2	414	507	418	1371	5237	359.0	0	0	0	0	1
2	414	507	418	1371	5237	359.0	0	0	0	0	1
2	414	507	417	1370	5228	360.0	0	0	0	0	1
2	415	508	418	1372	5228	361.0	0	0	0	0	1
2	414	506	417	1368	5228	359.0	0	0	0	0	1
2	413	506	417	1367	5237	359.0	0	0	0	0	1
2	416	509	419	1374	5228	361.0	0	0	0	0	1
2	413	505	416	1365	5228	358.0	0	0	0	0	0
2	415	509	419	1374	5237	361.0	0	0	0	0	0
2	412	505	416	1364	5237	358.0	0	0	0	0	0
2	415	509	419	1374	5237	361.0	0	0	0	0	0
2	413	505	416	1365	5228	358.0	0	0	0	0	0
2	415	508	419	1374	5237	360.0	0	0	0	0	0
2	413	505	416	1366	5228	358.0	0	0	0	0	0
3	415	508	419	1373	5237	360.0	0	0	0	0	1
3	413	506	417	1366	5237	359.0	0	0	0	0	1
3	414	507	418	1371	5237	359.0	0	0	0	0	1
3	413	506	417	1367	5237	359.0	0	0	0	0	1
3	414	507	418	1370	5237	359.0	0	0	0	0	1
3	415	508	418	1371	5228	361.0	0	0	0	0	1
3	414	507	418	1370	5237	359.0	0	0	0	0	1
3	415	508	418	1372	5228	361.0	0	0	0	0	1
3	414	507	417	1369	5228	360.0	0	0	0	0	1
3	415	508	417	1373	5219	361.0	0	0	0	0	1
3	415	509	419	1374	5237	361.0	0	0	0	0	1
3	413	506	416	1366	5228	360.0	0	0	0	0	1
3	416	509	419	1375	5228	361.0	0	0	0	0	1
3	413	505	416	1365	5228	358.0	0	0	0	0	1
3	416	509	419	1374	5228	361.0	0	0	0	0	1
3	413	505	416	1365	5228	358.0	0	0	0	0	1
3	416	509	419	1375	5228	361.0	0	0	0	0	1
3	413	506	417	1367	5237	359.0	0	0	0	0	1
3	415	509	419	1374	5237	361.0	0	0	0	0	1
3	414	506	417	1368	5228	359.0	0	0	0	0	1
3	415	508	418	1373	5228	361.0	0	0	0	0	1
3	414	507	417	1369	5228	360.0	0	0	0	0	1
3	415	508	418	1371	5228	361.0	0	0	0	0	1
3	414	507	418	1370	5237	359.0	0	0	0	0	1
3	414	507	417	1369	5228	360.0	0	0	0	0	1
3	415	508	418	1372	5228	361.0	0	0	0	0	1
3	413	506	417	1367	5237	359.0	0	0	0	0	1
3	415	508	419	1373	5237	360.0	0	0	0	0	0
3	415	509	419	1374	5237	361.0	0	0	0	0	0
3	413	505	416	1365	5228	358.0	0	0	0	0	0
3	415	509	419	1374	5237	361.0	0	0	0	0	0
3	413	505	416	1365	5228	358.0	0	0	0	0	0
3	416	509	419	1375	5228	361.0	0	0	0	0	0
3	413	506	416	1366	5228	360.0	0	0	0	0	0
4	415	509	419	1374	5237	361.0	0	0	0	0	1
4	413	506	417	1366	5237	359.0	0	0	0	0	1
4	415	508	419	1374	5237	360.0	0	0	0	0	1
4	413	506	417	1367	5237	359.0	0	0	0	0	1
4	415	508	418	1372	5228	361.0	0	0	0	0	1
4	414	507	417	1369	5228	360.0	0	0	0	0	1
4	414	507	418	1371	5237	359.0	0	0	0	0	1
4	414	507	418	1370	5237	359.0	0	0	0	0	1
4	414	507	417	1369	5228	360.0	0	0	0	0	1
4	415	508	418	1372	5228	361.0	0	0	0	0	1
4	413	506	417	1367	5237	359.0	0	0	0	0	1
4	415	508	419	1373	5237	360.0	0	0	0	0	1
4	413	506	419	1366	5256	357.0	0	0	0	0	1
4	413	505	416	1366	5228	358.0	0	0	0	0	1
4	416	509	419	1375	5228	361.0	0	0	0	0	1
4	413	505	416	1365	5228	358.0	0	0	0	0	1
4	416	509	419	1375	5228	361.0	0	0	0	0	1
4	413	505	416	1365	5228	358.0	0	0	0	0	1
4	415	509	419	1374	5237	361.0	0	0	0	0	1
4	413	506	417	1366	5237	359.0	0	0	0	0	1
4	415	508	419	1373	5237	360.0	0	0	0	0	1
4	413	506	417	1368	5237	359.0	0	0	0	0	1
4	415	508	418	1372	5228	361.0	0	0	0	0	1
4	414	507	417	1369	5228	360.0	0	0	0	0	1
4	414	507	418	1370	5237	359.0	0	0	0	0	1
4	414	507	418	1370	5237	359.0	0	0	0	0	1
4	414	507	417	1369	5228	360.0	0	0	0	0	1
4	415	508	418	1372	5228	361.0	0	0	0	0	0
4	413	506	417	1367	5237	359.0	0	0	0	0	0
4	415	508	419	1373	5237	360.0	0	0	0	0	0
4	413	506	416	1366	5228	360.0	0	0	0	0	0
4	413	505	416	1365	5228	358.0	0	0	0	0	0
4	416	509	419	1375	5228	361.0	0	0	0	0	0
4	413	505	416	1365	5228	358.0	0	0	0	0	0
5	416	509	419	1375	5228	361.0	0	0	131	0	1
5	413	506	416	1366	5228	360.0	0	0	131	0	1
5	416	511	432	1391	5347	355.0	0	0	131	0	1
5	414	511	444	1400	5477	347.0	0	0	131	0	1
5	416	514	446	1407	5475	349.0	0	0	131	0	1
5	414	512	444	1402	5477	348.0	0	0	131	0	1
5	416	513	445	1406	5466	348.0	0	0	131	0	1
5	415	512	444	1403	5467	348.0	0	0	131	0	1
5	415	512	444	1403	5467	348.0	0	0	131	0	1
5	415	512	444	1403	5467	348.0	0	0	131	0	1
5	414	512	443	1401	5467	349.0	0	0	131	0	1
5	415	513	444	1404	5467	350.0	0	0	131	0	1
5	414	511	443	1399	5467	347.0	0	0	131	0	1
5	416	513	445	1406	5466	348.0	0	0	131	0	1
5	414	511	442	1398	5458	348.0	0	0	131	0	1
5	416	514	442	1407	5439	352.0	0	0	131	0	1
5	416	514	445	1407	5466	350.0	0	0	131	0	1
5	414	510	442	1398	5458	347.0	0	0	131	0	1
5	416	514	445	1407	5466	350.0	0	0	131	0	1
5	414	511	443	1399	5467	347.0	0	0	131	0	1
5	416	514	446	1408	5475	349.0	0	0	131	0	1
5	414	511	444	1400	5477	347.0	0	0	131	0	1
5	416	513	446	1407	5475	348.0	0	0	131	0	1
5	414	511	444	1401	5477	347.0	0	0	131	0	1
5	416	513	445	1405	5466	348.0	0	0	131	0	1
5	415	512	444	1403	5467	348.0	0	0	131	0	1
5	415	512	445	1403	5476	347.0	0	0	131	0	1
5	415	512	445	1404	5476	347.0	0	0	131	0	0
5	414	511	444	1401	5477	347.0	0	0	131	0	0
5	415	508	422	1376	5265	358.0	0	0	131	0	0
5	413	506	416	1366	5228	360.0	0	0	131	0	0
5	415	508	418	1372	5228	361.0	0	0	131	0	0
5	413	505	416	1365	5228	358.0	0	0	131	0	0
5	415	508	419	1374	5237	360.0	0	0	131	0	0
6	416	509	419	1374	5228	361.0	0	0	263	0	1
6	413	505	416	1365	5228	358.0	0	0	263	0	1
6	419	528	521	1503	6128	316.0	0	0	263	0	1
6	419	541	604	1601	6883	275.0	0	0	263	0	1
6	422	544	606	1609	6862	278.0	0	0	263	0	1
6	419	542	604	1602	6883	277.0	0	0	263	0	1
6	421	544	607	1609	6884	277.0	0	0	263	0	1
6	420	542	604	1602	6870	277.0	0	0	263	0	1
6	421	542	599	1599	6811	280.0	0	0	263	0	1
6	420	541	598	1596	6815	279.0	0	0	263	0	1
6	420	542	598	1597	6815	281.0	0	0	263	0	1
6	420	542	598	1597	6815	281.0	0	0	263	0	1
6	420	541	598	1595	6815	279.0	0	0	263	0	1
6	421	542	599	1599	6811	280.0	0	0	263	0	1
6	419	541	597	1594	6819	280.0	0	0	263	0	1
6	421	543	600	1601	6820	281.0	0	0	263	0	1
6	419	540	597	1592	6819	279.0	0	0	263	0	1
6	421	543	599	1600	6811	281.0	0	0	263	0	1
6	419	540	607	1591	6910	272.0	0	0	263	0	1
6	419	541	604	1600	6883	275.0	0	0	263	0	1
6	422	545	607	1610	6871	278.0	0	0	263	0	1
6	419	541	604	1601	6883	275.0	0	0	263	0	1
6	422	544	606	1608	6862	278.0	0	0	263	0	1
6	419	542	604	1602	6883	277.0	0	0	263	0	1
6	421	544	606	1609	6875	278.0	0	0	263	0	1
6	420	542	605	1603	6879	276.0	0	0	263	0	1
6	421	544	606	1607	6875	278.0	0	0	263	0	1
6	420	543	605	1605	6879	277.0	0	0	263	0	0
6	421	543	605	1605	6866	277.0	0	0	263	0	0
6	415	509	424	1378	5283	358.0	0	0	263	0	0
6	414	506	417	1368	5228	359.0	0	0	263	0	0
6	415	508	418	1372	5228	361.0	0	0	263	0	0
6	413	506	416	1366	5228	360.0	0	0	263	0	0
6	415	508	418	1372	5228	361.0	0	0	263	0	0
7	412	505	416	1364	5237	358.0	0	0	394	0	1
7	415	508	418	1373	5228	361.0	0	0	394	0	1
7	412	505	416	1364	5237	358.0	0	0	394	0	1
7	425	575	783	1825	8410	196.0	0	0	394	0	1
7	428	578	786	1835	8387	198.0	0	0	394	0	1
7	425	575	783	1826	8410	196.0	0	0	394	0	1
7	428	578	786	1834	8387	198.0	0	0	394	0	1
7	426	575	782	1826	8384	196.0	0	0	394	0	1
7	427	576	774	1819	8297	204.0	0	0	394	0	1
7	426	574	770	1812	8277	204.0	0	0	394	0	1
7	426	574	771	1813	8286	203.0	0	0	394	0	1
7	426	574	771	1813	8286	203.0	0	0	394	0	1
7	426	574	770	1812	8277	204.0	0	0	394	0	1
7	427	575	773	1817	8288	203.0	0	0	394	0	1
7	425	573	770	1810	8293	202.0	0	0	394	0	1
7	427	576	772	1816	8279	205.0	0	0	394	0	1
7	425	573	769	1809	8284	203.0	0	0	394	0	1
7	427	576	772	1817	8279	205.0	0	0	394	0	1
7	425	572	769	1808	8284	202.0	0	0	394	0	1
7	428	576	772	1818	8263	205.0	0	0	394	0	1
7	425	575	783	1826	8410	196.0	0	0	394	0	1
7	428	578	783	1831	8361	200.0	0	0	394	0	1
7	428	578	786	1834	8387	198.0	0	0	394	0	1
7	426	576	784	1827	8402	197.0	0	0	394	0	1
7	427	578	785	1833	8395	199.0	0	0	394	0	1
7	426	576	784	1828	8402	197.0	0	0	394	0	1
7	427	577	785	1832	8395	197.0	0	0	394	0	1
7	426	577	784	1830	8402	198.0	0	0	394	0	1
7	427	577	785	1830	8395	197.0	0	0	394	0	0
7	416	513	448	1409	5494	346.0	0	0	394	0	0
7	414	506	417	1368	5228	359.0	0	0	394	0	0
7	415	508	418	1372	5228	361.0	0	0	394	0	0
7	413	506	416	1366	5228	360.0	0	0	394	0	0
7	415	508	419	1373	5237	360.0	0	0	394	0	0
8	413	505	416	1365	5228	358.0	0	0	526	0	1
8	415	509	419	1374	5237	361.0	0	0	526	0	1
8	413	505	416	1365	5228	358.0	0	0	526	0	1
8	427	575	768	1812	8243	206.0	0	0	526	0	1
8	432	611	976	2067	9998	109.0	0	0	526	0	1
8	435	615	980	2078	9974	112.0	0	0	526	0	1
8	434	615	980	2078	9994	112.0	0	0	526	0	1
8	432	608	956	2044	9822	119.0	0	0	526	0	1
8	433	610	958	2049	9820	121.0	0	0	526	0	1
8	432	609	957	2046	9831	120.0	0	0	526	0	1
8	433	610	960	2050	9838	119.0	0	0	526	0	1
8	432	609	957	2047	9831	120.0	0	0	526	0	1
8	432	609	957	2045	9831	120.0	0	0	526	0	1
8	433	610	958	2048	9820	121.0	0	0	526	0	1
8	431	608	956	2043	9841	120.0	0	0	526	0	1
8	433	610	958	2049	9820	121.0	0	0	526	0	1
8	431	608	956	2042	9841	120.0	0	0	526	0	1
8	434	611	958	2051	9801	122.0	0	0	526	0	1
8	432	611	977	2069	10007	109.0	0	0	526	0	1
8	434	615	980	2078	9994	112.0	0	0	526	0	1
8	432	611	975	2066	9989	110.0	0	0	526	0	1
8	435	615	980	2078	9974	112.0	0	0	526	0	1
8	432	612	977	2069	10007	110.0	0	0	526	0	1
8	434	614	978	2075	9976	112.0	0	0	526	0	1
8	432	611	980	2067	10034	106.0	0	0	526	0	1
8	432	612	978	2071	10016	109.0	0	0	526	0	1
8	434	614	977	2073	9967	113.0	0	0	526	0	1
8	433	613	977	2071	9987	111.0	0	0	526	0	1
8	433	613	979	2074	10005	110.0	0	0	526	0	0
8	416	516	461	1424	5613	341.0	0	0	526	0	0
8	414	506	417	1368	5228	359.0	0	0	526	0	0
8	415	508	418	1372	5228	361.0	0	0	526	0	0
8	413	506	417	1366	5237	359.0	0	0	526	0	0
8	415	508	419	1373	5237	360.0	0	0	526	0	0
8	413	505	416	1365	5228	358.0	0	0	526	0	0
9	416	509	419	1374	5228	361.0	0	0	657	0	1
9	413	505	416	1365	5228	358.0	0	0	657	0	1
9	433	607	935	2023	9618	133.0	0	0	657	0	1
9	439	648	1172	2314	11562	22.0	0	0	657	0	1
9	441	652	1173	2321	11525	27.0	0	0	657	0	1
9	439	649	1174	2317	11579	22.0	0	0	657	0	1
9	440	646	1147	2288	11322	37.0	0	0	657	0	1
9	439	644	1145	2281	11328	35.0	0	0	657	0	1
9	439	644	1145	2283	11328	35.0	0	0	657	0	1
9	439	645	1146	2285	11336	36.0	0	0	657	0	1
9	439	645	1146	2285	11336	36.0	0	0	657	0	1
9	439	644	1145	2283	11328	35.0	0	0	657	0	1
9	440	646	1146	2286	11314	38.0	0	0	657	0	1
9	438	644	1145	2280	11350	36.0	0	0	657	0	1
9	440	646	1147	2287	11322	37.0	0	0	657	0	1
9	438	643	1144	2279	11342	35.0	0	0	657	0	1
9	441	649	1159	2303	11404	32.0	0	0	657	0	1
9	439	649	1174	2316	11579	22.0	0	0	657	0	1
9	442	652	1174	2323	11510	26.0	0	0	657	0	1
9	439	649	1174	2316	11579	22.0	0	0	657	0	1
9	442	652	1176	2325	11528	24.0	0	0	657	0	1
9	439	649	1174	2316	11579	22.0	0	0	657	0	1
9	441	652	1176	2324	11551	25.0	0	0	657	0	1
9	439	649	1172	2314	11562	24.0	0	0	657	0	1
9	441	651	1173	2320	11525	25.0	0	0	657	0	1
9	440	650	1175	2320	11565	23.0	0	0	657	0	1
9	441	652	1176	2323	11551	25.0	0	0	657	0	1
9	439	645	1146	2285	11336	36.0	0	0	657	0	0
9	415	508	418	1372	5228	361.0	0	0	657	0	0
9	414	507	417	1369	5228	360.0	0	0	657	0	0
9	416	509	419	1374	5228	361.0	0	0	657	0	0
9	414	506	417	1367	5228	359.0	0	0	657	0	0
9	416	509	419	1375	5228	361.0	0	0	657	0	0
9	413	506	417	1366	5237	359.0	0	0	657	0	0
10	416	509	419	1375	5228	361.0	0	0	789	0	1
10	413	506	416	1366	5228	360.0	0	0	789	0	1
10	436	622	1013	2121	10243	98.0	0	0	789	0	1
10	446	686	1371	2564	13102	0.0	0	0	789	0	1
10	449	690	1374	2574	13050	0.0	0	0	789	0	1
10	446	687	1371	2565	13102	0.0	0	0	789	0	1
10	448	689	1372	2570	13059	0.0	0	0	789	0	1
10	445	680	1335	2520	12821	0.0	0	0	789	0	1
10	447	682	1336	2525	12778	0.0	0	0	789	0	1
10	446	680	1335	2520	12795	0.0	0	0	789	0	1
10	446	681	1336	2523	12803	0.0	0	0	789	0	1
10	446	680	1335	2521	12795	0.0	0	0	789	0	1
10	446	681	1336	2523	12803	0.0	0	0	789	0	1
10	445	680	1334	2519	12812	0.0	0	0	789	0	1
10	447	683	1340	2530	12812	0.0	0	0	789	0	1
10	445	679	1334	2518	12812	0.0	0	0	789	0	1
10	447	682	1336	2526	12778	0.0	0	0	789	0	1
10	446	686	1371	2564	13102	0.0	0	0	789	0	1
10	449	689	1373	2572	13041	0.0	0	0	789	0	1
10	446	686	1370	2562	13094	0.0	0	0	789	0	1
10	449	690	1374	2573	13050	0.0	0	0	789	0	1
10	446	686	1371	2564	13102	0.0	0	0	789	0	1
10	449	689	1370	2568	13016	0.0	0	0	789	0	1
10	446	686	1368	2561	13077	0.0	0	0	789	0	1
10	449	690	1373	2573	13041	0.0	0	0	789	0	1
10	447	687	1371	2566	13076	0.0	0	0	789	0	1
10	448	689	1373	2571	13067	0.0	0	0	789	0	1
10	447	687	1370	2566	13068	0.0	0	0	789	0	0
10	448	688	1368	2564	13025	0.0	0	0	789	0	0
10	415	508	418	1371	5228	361.0	0	0	789	0	0
10	415	508	419	1373	5237	360.0	0	0	789	0	0
10	414	507	417	1369	5228	360.0	0	0	789	0	0
10	416	509	419	1374	5228	361.0	0	0	789	0	0
10	414	506	417	1368	5228	359.0	0	0	789	0	0
11	416	509	419	1376	5228	361.0	0	0	921	0	1
11	414	506	417	1367	5228	359.0	0	0	921	0	1
11	446	675	1293	2473	12436	0.0	0	0	921	0	1
11	453	724	1568	2811	14578	0.0	0	0	921	0	1
11	456	726	1566	2815	14475	0.0	0	0	921	0	1
11	452	715	1523	2756	14228	0.0	0	0	921	0	1
11	454	719	1526	2765	14197	0.0	0	0	921	0	1
11	452	715	1523	2756	14228	0.0	0	0	921	0	1
11	454	718	1526	2764	14197	0.0	0	0	921	0	1
11	452	716	1524	2758	14237	0.0	0	0	921	0	1
11	454	718	1525	2763	14188	0.0	0	0	921	0	1
11	452	716	1524	2759	14237	0.0	0	0	921	0	1
11	453	718	1530	2768	14259	0.0	0	0	921	0	1
11	453	717	1524	2760	14208	0.0	0	0	921	0	1
11	453	717	1525	2762	14217	0.0	0	0	921	0	1
11	452	718	1533	2769	14312	0.0	0	0	921	0	1
11	455	726	1567	2815	14512	0.0	0	0	921	0	1
11	453	724	1567	2812	14570	0.0	0	0	921	0	1
11	456	727	1570	2820	14508	0.0	0	0	921	0	1
11	453	724	1567	2811	14570	0.0	0	0	921	0	1
11	455	726	1567	2816	14512	0.0	0	0	921	0	1
11	453	723	1567	2810	14570	0.0	0	0	921	0	1
11	456	727	1570	2820	14508	0.0	0	0	921	0	1
11	453	723	1567	2811	14570	0.0	0	0	921	0	1
11	456	726	1568	2817	14492	0.0	0	0	921	0	1
11	453	724	1567	2811	14570	0.0	0	0	921	0	1
11	456	727	1570	2819	14508	0.0	0	0	921	0	1
11	452	716	1523	2757	14228	0.0	0	0	921	0	0
11	454	718	1525	2762	14188	0.0	0	0	921	0	0
11	417	524	506	1480	6014	321.0	0	0	921	0	0
11	415	508	418	1372	5228	361.0	0	0	921	0	0
11	415	507	418	1370	5228	359.0	0	0	921	0	0
11	415	507	418	1370	5228	359.0	0	0	921	0	0
11	414	507	417	1369	5228	360.0	0	0	921	0	0
12	415	508	418	1373	5228	361.0	0	0	1052	0	1
12	414	506	417	1367	5228	359.0	0	0	1052	0	1
12	453	715	1511	2744	14099	0.0	0	0	1052	0	1
12	460	760	1763	3057	15993	0.0	0	0	1052	0	1
12	461	758	1737	3029	15746	0.0	0	0	1052	0	1
12	458	750	1711	2991	15624	0.0	0	0	1052	0	1
12	461	754	1714	3000	15556	0.0	0	0	1052	0	1
12	458	751	1711	2991	15624	0.0	0	0	1052	0	1
12	461	754	1714	3000	15556	0.0	0	0	1052	0	1
12	458	751	1711	2991	15624	0.0	0	0	1052	0	1
12	461	755	1719	3007	15597	0.0	0	0	1052	0	1
12	458	751	1711	2992	15624	0.0	0	0	1052	0	1
12	460	753	1713	2999	15579	0.0	0	0	1052	0	1
12	459	751	1712	2994	15601	0.0	0	0	1052	0	1
12	460	754	1719	3005	15628	0.0	0	0	1052	0	1
12	459	752	1712	2995	15601	0.0	0	0	1052	0	1
12	461	762	1764	3061	15969	0.0	0	0	1052	0	1
12	460	760	1755	3048	15926	0.0	0	0	1052	0	1
12	461	762	1763	3061	15961	0.0	0	0	1052	0	1
12	460	761	1763	3057	15993	0.0	0	0	1052	0	1
12	462	763	1765	3063	15946	0.0	0	0	1052	0	1
12	460	760	1761	3054	15976	0.0	0	0	1052	0	1
12	462	763	1763	3061	15930	0.0	0	0	1052	0	1
12	459	760	1762	3055	16016	0.0	0	0	1052	0	1
12	462	763	1765	3064	15946	0.0	0	0	1052	0	1
12	459	759	1761	3053	16008	0.0	0	0	1052	0	1
12	461	756	1729	3018	15680	0.0	0	0	1052	0	1
12	458	750	1710	2990	15616	0.0	0	0	1052	0	0
12	460	753	1713	2999	15579	0.0	0	0	1052	0	0
12	414	506	417	1366	5228	359.0	0	0	1052	0	0
12	416	508	419	1373	5228	360.0	0	0	1052	0	0
12	414	506	417	1367	5228	359.0	0	0	1052	0	0
12	415	508	418	1372	5228	361.0	0	0	1052	0	0
12	414	507	417	1369	5228	360.0	0	0	1052	0	0
13	415	507	418	1370	5228	359.0	0	0	1184	0	1
13	415	507	418	1370	5228	359.0	0	0	1184	0	1
13	455	728	1583	2834	14646	0.0	0	0	1184	0	1
13	466	797	1956	3299	17383	0.0	0	0	1184	0	1
13	468	798	1954	3301	17298	0.0	0	0	1184	0	1
13	464	786	1900	3228	16992	0.0	0	0	1184	0	1
13	467	789	1902	3236	16908	0.0	0	0	1184	0	1
13	464	786	1900	3227	16992	0.0	0	0	1184	0	1
13	467	790	1909	3245	16965	0.0	0	0	1184	0	1
13	464	786	1900	3227	16992	0.0	0	0	1184	0	1
13	467	789	1902	3237	16908	0.0	0	0	1184	0	1
13	464	786	1900	3228	16992	0.0	0	0	1184	0	1
13	467	789	1902	3236	16908	0.0	0	0	1184	0	1
13	465	786	1900	3229	16958	0.0	0	0	1184	0	1
13	467	789	1902	3235	16908	0.0	0	0	1184	0	1
13	465	787	1900	3230	16958	0.0	0	0	1184	0	1
13	466	789	1906	3240	16974	0.0	0	0	1184	0	1
13	467	798	1957	3302	17357	0.0	0	0	1184	0	1
13	468	799	1960	3306	17347	0.0	0	0	1184	0	1
13	468	799	1961	3307	17355	0.0	0	0	1184	0	1
13	468	799	1957	3304	17322	0.0	0	0	1184	0	1
13	466	797	1959	3303	17407	0.0	0	0	1184	0	1
13	469	800	1961	3310	17321	0.0	0	0	1184	0	1
13	466	797	1959	3302	17407	0.0	0	0	1184	0	1
13	469	798	1951	3297	17240	0.0	0	0	1184	0	1
13	466	797	1958	3301	17399	0.0	0	0	1184	0	1
13	469	801	1962	3311	17329	0.0	0	0	1184	0	1
13	464	786	1899	3227	16984	0.0	0	0	1184	0	0
13	467	790	1909	3245	16965	0.0	0	0	1184	0	0
13	413	506	416	1366	5228	360.0	0	0	1184	0	0
13	416	509	419	1373	5228	361.0	0	0	1184	0	0
13	414	506	416	1366	5219	359.0	0	0	1184	0	0
13	416	508	418	1373	5219	360.0	0	0	1184	0	0
13	414	506	417	1367	5228	359.0	0	0	1184	0	0
14	415	508	418	1371	5228	361.0	0	0	1315	0	1
14	414	507	417	1369	5228	360.0	0	0	1315	0	1
14	415	507	417	1370	5219	360.0	0	0	1315	0	1
14	468	798	1956	3302	17314	0.0	0	0	1315	0	1
14	474	832	2141	3532	18600	0.0	0	0	1315	0	1
14	471	822	2088	3465	18281	0.0	0	0	1315	0	1
14	473	824	2090	3472	18225	0.0	0	0	1315	0	1
14	471	821	2088	3464	18281	0.0	0	0	1315	0	1
14	473	825	2090	3472	18225	0.0	0	0	1315	0	1
14	471	821	2087	3463	18273	0.0	0	0	1315	0	1
14	474	825	2090	3473	18190	0.0	0	0	1315	0	1
14	471	821	2088	3463	18281	0.0	0	0	1315	0	1
14	474	825	2090	3473	18190	0.0	0	0	1315	0	1
14	471	822	2088	3464	18281	0.0	0	0	1315	0	1
14	474	826	2097	3481	18246	0.0	0	0	1315	0	1
14	474	834	2154	3548	18704	0.0	0	0	1315	0	1
14	475	836	2154	3552	18668	0.0	0	0	1315	0	1
14	474	835	2155	3550	18712	0.0	0	0	1315	0	1
14	475	835	2149	3544	18628	0.0	0	0	1315	0	1
14	475	836	2156	3552	18684	0.0	0	0	1315	0	1
14	475	836	2156	3552	18684	0.0	0	0	1315	0	1
14	475	836	2153	3550	18660	0.0	0	0	1315	0	1
14	474	833	2147	3540	18648	0.0	0	0	1315	0	1
14	474	834	2154	3548	18704	0.0	0	0	1315	0	1
14	476	837	2157	3556	18656	0.0	0	0	1315	0	1
14	472	829	2126	3512	18552	0.0	0	0	1315	0	1
14	474	825	2090	3472	18190	0.0	0	0	1315	0	1
14	471	821	2087	3462	18273	0.0	0	0	1315	0	1
14	474	825	2090	3472	18190	0.0	0	0	1315	0	0
14	418	531	550	1533	6404	299.0	0	0	1315	0	0
14	416	509	419	1374	5228	361.0	0	0	1315	0	0
14	414	506	416	1366	5219	359.0	0	0	1315	0	0
14	416	509	419	1374	5228	361.0	0	0	1315	0	0
14	414	506	417	1367	5228	359.0	0	0	1315	0	0
15	416	508	418	1373	5219	360.0	0	0	1447	0	1
15	414	507	417	1368	5228	360.0	0	0	1447	0	1
15	415	508	418	1371	5228	361.0	0	0	1447	0	1
15	478	854	2253	3674	19349	0.0	0	0	1447	0	1
15	479	860	2286	3716	19574	0.0	0	0	1447	0	1
15	479	859	2279	3708	19518	0.0	0	0	1447	0	1
15	478	858	2278	3704	19548	0.0	0	0	1447	0	1
15	480	860	2279	3709	19480	0.0	0	0	1447	0	1
15	480	860	2279	3710	19480	0.0	0	0	1447	0	1
15	478	857	2277	3701	19540	0.0	0	0	1447	0	1
15	480	861	2280	3710	19488	0.0	0	0	1447	0	1
15	477	857	2277	3701	19578	0.0	0	0	1447	0	1
15	480	861	2280	3711	19488	0.0	0	0	1447	0	1
15	478	857	2277	3701	19540	0.0	0	0	1447	0	1
15	482	872	2338	3783	19871	0.0	0	0	1447	0	1
15	480	872	2352	3796	20060	0.0	0	0	1447	0	1
15	483	875	2354	3804	19959	0.0	0	0	1447	0	1
15	481	872	2352	3797	20021	0.0	0	0	1447	0	1
15	482	873	2350	3798	19966	0.0	0	0	1447	0	1
15	481	872	2351	3796	20013	0.0	0	0	1447	0	1
15	482	872	2345	3790	19927	0.0	0	0	1447	0	1
15	481	873	2353	3799	20029	0.0	0	0	1447	0	1
15	481	872	2352	3798	20021	0.0	0	0	1447	0	1
15	482	873	2350	3796	19966	0.0	0	0	1447	0	1
15	481	872	2352	3796	20021	0.0	0	0	1447	0	1
15	482	874	2353	3801	19990	0.0	0	0	1447	0	1
15	480	860	2279	3708	19480	0.0	0	0	1447	0	1
15	478	858	2285	3711	19604	0.0	0	0	1447	0	1
15	480	860	2279	3709	19480	0.0	0	0	1447	0	0
15	413	505	416	1364	5228	358.0	0	0	1447	0	0
15	416	509	419	1374	5228	361.0	0	0	1447	0	0
15	413	505	416	1365	5228	358.0	0	0	1447	0	0
15	416	509	419	1374	5228	361.0	0	0	1447	0	0
15	413	506	416	1365	5228	360.0	0	0	1447	0	0
15	416	509	419	1373	5228	361.0	0	0	1447	0	0
16	414	506	416	1366	5219	359.0	0	0	1578	0	1
16	415	508	418	1372	5228	361.0	0	0	1578	0	1
16	479	864	2310	3744	19764	0.0	0	0	1578	0	1
16	488	905	2522	4012	21081	0.0	0	0	1578	0	1
16	485	894	2466	3941	20763	0.0	0	0	1578	0	1
16	485	894	2467	3942	20770	0.0	0	0	1578	0	1
16	485	895	2467	3943	20770	0.0	0	0	1578	0	1
16	485	893	2466	3940	20763	0.0	0	0	1578	0	1
16	486	895	2467	3944	20731	0.0	0	0	1578	0	1
16	484	893	2465	3938	20795	0.0	0	0	1578	0	1
16	484	892	2465	3937	20795	0.0	0	0	1578	0	1
16	486	896	2467	3945	20731	0.0	0	0	1578	0	1
16	484	892	2465	3936	20795	0.0	0	0	1578	0	1
16	487	898	2477	3957	20769	0.0	0	0	1578	0	1
16	486	907	2544	4036	21334	0.0	0	0	1578	0	1
16	489	911	2550	4049	21259	0.0	0	0	1578	0	1
16	487	908	2547	4040	21317	0.0	0	0	1578	0	1
16	489	909	2541	4037	21188	0.0	0	0	1578	0	1
16	487	908	2544	4037	21293	0.0	0	0	1578	0	1
16	489	910	2547	4044	21235	0.0	0	0	1578	0	1
16	487	909	2548	4042	21325	0.0	0	0	1578	0	1
16	489	910	2549	4046	21251	0.0	0	0	1578	0	1
16	488	909	2548	4044	21284	0.0	0	0	1578	0	1
16	488	909	2545	4041	21260	0.0	0	0	1578	0	1
16	488	910	2547	4043	21276	0.0	0	0	1578	0	1
16	486	900	2502	3985	21005	0.0	0	0	1578	0	1
16	486	895	2467	3943	20731	0.0	0	0	1578	0	1
16	484	893	2465	3938	20795	0.0	0	0	1578	0	0
16	413	505	416	1365	5228	358.0	0	0	1578	0	0
16	416	508	419	1373	5228	360.0	0	0	1578	0	0
16	413	505	416	1364	5228	358.0	0	0	1578	0	0
16	416	509	419	1374	5228	361.0	0	0	1578	0	0
16	413	505	416	1364	5228	358.0	0	0	1578	0	0
16	416	509	419	1374	5228	361.0	0	0	1578	0	0
17	413	505	416	1365	5228	358.0	0	0	1710	0	1
17	416	509	419	1373	5228	361.0	0	0	1710	0	1
17	491	929	2655	4176	21992	0.0	0	0	1710	0	1
17	493	933	2668	4196	22009	0.0	0	0	1710	0	1
17	491	929	2656	4178	22000	0.0	0	0	1710	0	1
17	492	931	2657	4182	21966	0.0	0	0	1710	0	1
17	491	929	2656	4179	22000	0.0	0	0	1710	0	1
17	492	932	2667	4193	22043	0.0	0	0	1710	0	1
17	492	930	2657	4180	21966	0.0	0	0	1710	0	1
17	491	930	2656	4179	22000	0.0	0	0	1710	0	1
17	492	931	2657	4181	21966	0.0	0	0	1710	0	1
17	491	929	2656	4177	22000	0.0	0	0	1710	0	1
17	493	931	2657	4183	21924	0.0	0	0	1710	0	1
17	496	948	2748	4297	22499	0.0	0	0	1710	0	1
17	494	945	2745	4289	22561	0.0	0	0	1710	0	1
17	496	948	2745	4294	22476	0.0	0	0	1710	0	1
17	493	945	2741	4284	22573	0.0	0	0	1710	0	1
17	496	949	2748	4298	22499	0.0	0	0	1710	0	1
17	494	945	2745	4289	22561	0.0	0	0	1710	0	1
17	496	949	2748	4298	22499	0.0	0	0	1710	0	1
17	494	945	2742	4285	22538	0.0	0	0	1710	0	1
17	496	948	2744	4293	22468	0.0	0	0	1710	0	1
17	494	946	2745	4290	22561	0.0	0	0	1710	0	1
17	496	947	2737	4284	22415	0.0	0	0	1710	0	1
17	491	929	2655	4178	21992	0.0	0	0	1710	0	1
17	492	931	2656	4182	21958	0.0	0	0	1710	0	1
17	492	930	2656	4179	21958	0.0	0	0	1710	0	1
17	492	932	2666	4193	22036	0.0	0	0	1710	0	0
17	492	931	2656	4181	21958	0.0	0	0	1710	0	0
17	421	540	596	1593	6784	279.0	0	0	1710	0	0
17	415	508	418	1371	5228	361.0	0	0	1710	0	0
17	416	508	418	1372	5219	360.0	0	0	1710	0	0
17	413	506	416	1365	5228	360.0	0	0	1710	0	0
17	416	509	419	1374	5228	361.0	0	0	1710	0	0
18	414	506	416	1365	5219	359.0	0	0	1842	0	1
18	416	509	419	1374	5228	361.0	0	0	1842	0	1
18	497	964	2846	4415	23208	0.0	0	0	1842	0	1
18	500	968	2849	4425	23100	0.0	0	0	1842	0	1
18	497	965	2846	4416	23208	0.0	0	0	1842	0	1
18	500	970	2859	4438	23176	0.0	0	0	1842	0	1
18	497	965	2846	4416	23208	0.0	0	0	1842	0	1
18	500	968	2848	4424	23092	0.0	0	0	1842	0	1
18	498	965	2846	4417	23164	0.0	0	0	1842	0	1
18	500	969	2859	4436	23176	0.0	0	0	1842	0	1
18	498	965	2846	4418	23164	0.0	0	0	1842	0	1
18	499	967	2847	4421	23128	0.0	0	0	1842	0	1
18	498	967	2852	4425	23210	0.0	0	0	1842	0	1
18	501	982	2930	4524	23673	0.0	0	0	1842	0	1
18	502	985	2945	4543	23742	0.0	0	0	1842	0	1
18	501	984	2944	4540	23779	0.0	0	0	1842	0	1
18	501	983	2940	4534	23749	0.0	0	0	1842	0	1
18	503	985	2944	4543	23690	0.0	0	0	1842	0	1
18	501	983	2943	4538	23771	0.0	0	0	1842	0	1
18	503	986	2945	4546	23698	0.0	0	0	1842	0	1
18	500	982	2939	4532	23786	0.0	0	0	1842	0	1
18	503	983	2931	4528	23592	0.0	0	0	1842	0	1
18	501	983	2943	4537	23771	0.0	0	0	1842	0	1
18	500	968	2848	4424	23092	0.0	0	0	1842	0	1
18	497	965	2845	4415	23200	0.0	0	0	1842	0	1
18	500	968	2848	4424	23092	0.0	0	0	1842	0	1
18	497	965	2845	4415	23200	0.0	0	0	1842	0	1
18	500	968	2848	4423	23092	0.0	0	0	1842	0	0
18	498	965	2846	4416	23164	0.0	0	0	1842	0	0
18	416	508	418	1373	5219	360.0	0	0	1842	0	0
18	414	507	417	1368	5228	360.0	0	0	1842	0	0
18	415	508	418	1371	5228	361.0	0	0	1842	0	0
18	415	507	417	1369	5219	360.0	0	0	1842	0	0
18	415	507	417	1369	5219	360.0	0	0	1842	0	0
19	414	507	417	1368	5228	360.0	0	0	1973	0	1
19	415	508	418	1371	5228	361.0	0	0	1973	0	1
19	504	1001	3035	4654	24334	0.0	0	0	1973	0	1
19	506	1005	3049	4675	24348	0.0	0	0	1973	0	1
19	504	1001	3035	4653	24334	0.0	0	0	1973	0	1
19	506	1003	3037	4661	24258	0.0	0	0	1973	0	1
19	504	1000	3035	4653	24334	0.0	0	0	1973	0	1
19	506	1004	3037	4662	24258	0.0	0	0	1973	0	1
19	504	1000	3035	4652	24334	0.0	0	0	1973	0	1
19	507	1004	3038	4662	24220	0.0	0	0	1973	0	1
19	504	1000	3035	4652	24334	0.0	0	0	1973	0	1
19	507	1004	3038	4662	24220	0.0	0	0	1973	0	1
19	504	1001	3035	4653	24334	0.0	0	0	1973	0	1
19	509	1017	3107	4748	24647	0.0	0	0	1973	0	1
19	508	1021	3140	4786	24941	0.0	0	0	1973	0	1
19	509	1022	3138	4787	24879	0.0	0	0	1973	0	1
19	508	1020	3137	4782	24918	0.0	0	0	1973	0	1
19	509	1022	3142	4791	24909	0.0	0	0	1973	0	1
19	508	1021	3141	4787	24948	0.0	0	0	1973	0	1
19	508	1019	3126	4769	24836	0.0	0	0	1973	0	1
19	508	1021	3138	4784	24926	0.0	0	0	1973	0	1
19	509	1022	3142	4790	24909	0.0	0	0	1973	0	1
19	508	1021	3140	4786	24941	0.0	0	0	1973	0	1
19	509	1022	3138	4787	24879	0.0	0	0	1973	0	1
19	504	1001	3035	4653	24334	0.0	0	0	1973	0	1
19	506	1003	3037	4660	24258	0.0	0	0	1973	0	1
19	504	1000	3035	4652	24334	0.0	0	0	1973	0	1
19	507	1006	3049	4675	24303	0.0	0	0	1973	0	0
19	504	1000	3034	4652	24326	0.0	0	0	1973	0	0
19	416	509	419	1375	5228	361.0	0	0	1973	0	0
19	414	506	416	1365	5219	359.0	0	0	1973	0	0
19	416	509	419	1374	5228	361.0	0	0	1973	0	0
19	414	506	416	1365	5219	359.0	0	0	1973	0	0
19	416	509	419	1374	5228	361.0	0	0	1973	0	0
20	414	506	417	1366	5228	359.0	0	0	2105	0	1
20	416	509	419	1373	5228	361.0	0	0	2105	0	1
20	414	506	417	1367	5228	359.0	0	0	2105	0	1
20	511	1038	3228	4897	25458	0.0	0	0	2105	0	1
20	512	1039	3228	4899	25411	0.0	0	0	2105	0	1
20	512	1038	3228	4898	25411	0.0	0	0	2105	0	1
20	512	1038	3228	4897	25411	0.0	0	0	2105	0	1
20	512	1039	3228	4899	25411	0.0	0	0	2105	0	1
20	511	1038	3227	4896	25451	0.0	0	0	2105	0	1
20	513	1042	3241	4916	25461	0.0	0	0	2105	0	1
20	511	1037	3227	4894	25451	0.0	0	0	2105	0	1
20	513	1040	3229	4901	25372	0.0	0	0	2105	0	1
20	514	1057	3336	5031	26118	0.0	0	0	2105	0	1
20	517	1059	3329	5027	25923	0.0	0	0	2105	0	1
20	514	1058	3339	5034	26141	0.0	0	0	2105	0	1
20	517	1061	3340	5041	26004	0.0	0	0	2105	0	1
20	514	1057	3335	5029	26111	0.0	0	0	2105	0	1
20	517	1058	3327	5025	25909	0.0	0	0	2105	0	1
20	514	1058	3339	5034	26141	0.0	0	0	2105	0	1
20	517	1061	3342	5043	26019	0.0	0	0	2105	0	1
20	514	1057	3336	5030	26118	0.0	0	0	2105	0	1
20	517	1060	3338	5038	25990	0.0	0	0	2105	0	1
20	512	1039	3228	4899	25411	0.0	0	0	2105	0	1
20	511	1037	3227	4894	25451	0.0	0	0	2105	0	1
20	512	1038	3227	4897	25404	0.0	0	0	2105	0	1
20	511	1038	3227	4896	25451	0.0	0	0	2105	0	1
20	512	1038	3227	4897	25404	0.0	0	0	2105	0	1
20	512	1038	3227	4897	25404	0.0	0	0	2105	0	0
20	511	1038	3226	4895	25443	0.0	0	0	2105	0	0
20	423	550	643	1654	7182	260.0	0	0	2105	0	0
20	414	506	417	1367	5228	359.0	0	0	2105	0	0
20	416	508	418	1372	5219	360.0	0	0	2105	0	0
20	414	506	416	1365	5219	359.0	0	0	2105	0	0
20	416	508	419	1373	5228	360.0	0	0	2105	0	0
21	413	505	416	1364	5228	358.0	0	0	2236	0	1
21	416	509	419	1374	5228	361.0	0	0	2236	0	1
21	414	506	416	1365	5219	359.0	0	0	2236	0	1
21	520	1076	3420	5143	26449	0.0	0	0	2236	0	1
21	517	1073	3417	5134	26572	0.0	0	0	2236	0	1
21	520	1076	3420	5143	26449	0.0	0	0	2236	0	1
21	520	1076	3420	5142	26449	0.0	0	0	2236	0	1
21	518	1073	3417	5134	26523	0.0	0	0	2236	0	1
21	520	1076	3419	5141	26441	0.0	0	0	2236	0	1
21	518	1074	3418	5135	26531	0.0	0	0	2236	0	1
21	519	1076	3419	5140	26490	0.0	0	0	2236	0	1
21	522	1097	3536	5285	27199	0.0	0	0	2236	0	1
21	523	1097	3536	5286	27150	0.0	0	0	2236	0	1
21	523	1097	3536	5285	27150	0.0	0	0	2236	0	1
21	523	1098	3539	5289	27172	0.0	0	0	2236	0	1
21	523	1096	3526	5274	27077	0.0	0	0	2236	0	1
21	522	1096	3535	5284	27192	0.0	0	0	2236	0	1
21	524	1098	3536	5288	27101	0.0	0	0	2236	0	1
21	522	1097	3538	5286	27214	0.0	0	0	2236	0	1
21	524	1099	3540	5293	27130	0.0	0	0	2236	0	1
21	522	1096	3535	5281	27192	0.0	0	0	2236	0	1
21	524	1098	3536	5288	27101	0.0	0	0	2236	0	1
21	520	1088	3495	5231	26998	0.0	0	0	2236	0	1
21	521	1079	3433	5159	26496	0.0	0	0	2236	0	1
21	517	1073	3416	5133	26565	0.0	0	0	2236	0	1
21	518	1073	3416	5133	26516	0.0	0	0	2236	0	1
21	520	1076	3419	5142	26441	0.0	0	0	2236	0	1
21	518	1073	3417	5134	26523	0.0	0	0	2236	0	0
21	520	1076	3419	5141	26441	0.0	0	0	2236	0	0
21	415	507	417	1368	5219	360.0	0	0	2236	0	0
21	416	509	419	1374	5228	361.0	0	0	2236	0	0
21	415	507	417	1369	5219	360.0	0	0	2236	0	0
21	416	509	418	1373	5219	362.0	0	0	2236	0	0
21	415	507	418	1370	5228	359.0	0	0	2236	0	0
22	416	508	418	1372	5219	360.0	0	0	2368	0	1
22	415	508	418	1371	5228	361.0	0	0	2368	0	1
22	415	508	418	1371	5228	361.0	0	0	2368	0	1
22	526	1112	3612	5383	27553	0.0	0	0	2368	0	1
22	525	1111	3611	5379	27596	0.0	0	0	2368	0	1
22	526	1113	3612	5383	27553	0.0	0	0	2368	0	1
22	525	1113	3625	5395	27698	0.0	0	0	2368	0	1
22	527	1113	3613	5384	27511	0.0	0	0	2368	0	1
22	524	1110	3610	5376	27639	0.0	0	0	2368	0	1
22	525	1113	3624	5394	27690	0.0	0	0	2368	0	1
22	527	1113	3613	5385	27511	0.0	0	0	2368	0	1
22	524	1110	3610	5376	27639	0.0	0	0	2368	0	1
22	531	1138	3741	5546	28233	0.0	0	0	2368	0	1
22	528	1132	3724	5519	28263	0.0	0	0	2368	0	1
22	531	1137	3737	5541	28204	0.0	0	0	2368	0	1
22	529	1134	3734	5533	28284	0.0	0	0	2368	0	1
22	531	1137	3741	5546	28233	0.0	0	0	2368	0	1
22	529	1135	3739	5539	28320	0.0	0	0	2368	0	1
22	531	1136	3737	5540	28204	0.0	0	0	2368	0	1
22	529	1134	3735	5534	28291	0.0	0	0	2368	0	1
22	530	1136	3737	5540	28255	0.0	0	0	2368	0	1
22	530	1135	3739	5539	28269	0.0	0	0	2368	0	1
22	530	1133	3724	5522	28161	0.0	0	0	2368	0	1
22	526	1112	3614	5383	27568	0.0	0	0	2368	0	1
22	525	1111	3610	5378	27589	0.0	0	0	2368	0	1
22	526	1112	3611	5381	27546	0.0	0	0	2368	0	1
22	525	1110	3610	5376	27589	0.0	0	0	2368	0	1
22	526	1112	3611	5382	27546	0.0	0	0	2368	0	1
22	527	1113	3612	5383	27504	0.0	0	0	2368	0	0
22	414	506	417	1366	5228	359.0	0	0	2368	0	0
22	417	509	419	1375	5219	361.0	0	0	2368	0	0
22	414	506	416	1366	5219	359.0	0	0	2368	0	0
22	417	509	419	1375	5219	361.0	0	0	2368	0	0
22	414	506	416	1366	5219	359.0	0	0	2368	0	0
23	417	509	419	1375	5219	361.0	0	0	2500	0	1
23	414	506	417	1366	5228	359.0	0	0	2500	0	1
23	417	509	419	1375	5219	361.0	0	0	2500	0	1
23	532	1149	3819	5639	28741	0.0	0	0	2500	0	1
23	533	1149	3806	5628	28597	0.0	0	0	2500	0	1
23	532	1147	3804	5621	28633	0.0	0	0	2500	0	1
23	533	1149	3806	5626	28597	0.0	0	0	2500	0	1
23	532	1148	3805	5622	28641	0.0	0	0	2500	0	1
23	532	1148	3805	5624	28641	0.0	0	0	2500	0	1
23	532	1148	3805	5623	28641	0.0	0	0	2500	0	1
23	532	1148	3805	5623	28641	0.0	0	0	2500	0	1
23	537	1174	3938	5791	29331	0.0	0	0	2500	0	1
23	538	1174	3939	5793	29286	0.0	0	0	2500	0	1
23	536	1173	3940	5791	29397	0.0	0	0	2500	0	1
23	538	1175	3941	5797	29300	0.0	0	0	2500	0	1
23	536	1172	3937	5787	29376	0.0	0	0	2500	0	1
23	538	1175	3939	5794	29286	0.0	0	0	2500	0	1
23	536	1172	3937	5785	29376	0.0	0	0	2500	0	1
23	538	1176	3942	5797	29307	0.0	0	0	2500	0	1
23	535	1169	3924	5770	29335	0.0	0	0	2500	0	1
23	538	1175	3940	5795	29293	0.0	0	0	2500	0	1
23	535	1167	3913	5756	29257	0.0	0	0	2500	0	1
23	534	1150	3806	5627	28546	0.0	0	0	2500	0	1
23	532	1150	3818	5638	28734	0.0	0	0	2500	0	1
23	534	1150	3805	5626	28539	0.0	0	0	2500	0	1
23	531	1147	3803	5619	28678	0.0	0	0	2500	0	1
23	533	1149	3805	5625	28589	0.0	0	0	2500	0	1
23	532	1147	3803	5620	28626	0.0	0	0	2500	0	1
