Stim	R	G	B	C	Temp	HueLux	Yellow	Red	Blue	Blue2	Trig
1	412	495	245	1203	3656	468.0	0	1500	0	0	1
1	2354	605	459	3263	2030	0.0	0	1500	0	0	1
1	2795	628	507	3726	1963	0.0	0	1500	0	0	1
1	2796	630	508	3731	1966	0.0	0	1500	0	0	1
1	2794	627	507	3724	1964	0.0	0	1500	0	0	1
1	2795	630	508	3730	1966	0.0	0	1500	0	0	1
1	2791	627	506	3721	1964	0.0	0	1500	0	0	1
1	2796	630	508	3731	1966	0.0	0	1500	0	0	1
1	2793	627	506	3723	1964	0.0	0	1500	0	0	1
1	2796	631	508	3732	1966	0.0	0	1500	0	0	1
1	2792	627	506	3722	1964	0.0	0	1500	0	0	1
1	2794	631	508	3730	1966	0.0	0	1500	0	0	1
1	2793	628	507	3724	1964	0.0	0	1500	0	0	1
1	2796	631	508	3731	1965	0.0	0	1500	0	0	1
1	2792	628	507	3723	1964	0.0	0	1500	0	0	1
1	2793	630	508	3728	1967	0.0	0	1500	0	0	1
1	2794	629	507	3726	1964	0.0	0	1500	0	0	1
1	2794	629	507	3727	1965	0.0	0	1500	0	0	1
1	2792	630	507	3727	1965	0.0	0	1500	0	0	1
1	2792	629	507	3726	1965	0.0	0	1500	0	0	1
1	2794	630	507	3728	1965	0.0	0	1500	0	0	1
1	2794	630	507	3727	1964	0.0	0	1500	0	0	1
1	2793	629	507	3725	1964	0.0	0	1500	0	0	1
1	2792	630	507	3727	1965	0.0	0	1500	0	0	1
1	2793	629	507	3725	1964	0.0	0	1500	0	0	1
1	2794	630	508	3729	1966	0.0	0	1500	0	0	1
1	2792	628	507	3723	1964	0.0	0	1500	0	0	1
1	2793	630	507	3728	1965	0.0	0	1500	0	0	0
1	2668	620	493	3591	1980	0.0	0	1500	0	0	0
1	414	497	246	1207	3654	469.0	0	1500	0	0	0
1	411	493	245	1199	3662	465.0	0	1500	0	0	0
1	414	497	246	1208	3654	469.0	0	1500	0	0	0
1	411	494	245	1200	3662	466.0	0	1500	0	0	0
1	414	497	246	1208	3654	469.0	0	1500	0	0	0
2	411	494	245	1200	3662	466.0	0	1500	0	0	1
2	414	612	476	1208	6085	483.0	0	1500	0	0	1
2	2793	630	508	3728	1967	0.0	0	1500	0	0	1
2	2790	628	506	3721	1964	0.0	0	1500	0	0	1
2	2793	630	508	3728	1967	0.0	0	1500	0	0	1
2	2792	628	507	3723	1964	0.0	0	1500	0	0	1
2	2793	630	507	3727	1965	0.0	0	1500	0	0	1
2	2790	628	507	3722	1966	0.0	0	1500	0	0	1
2	2791	629	507	3724	1966	0.0	0	1500	0	0	1
2	2792	629	507	3725	1965	0.0	0	1500	0	0	1
2	2792	628	507	3724	1965	0.0	0	1500	0	0	1
2	2792	629	507	3726	1965	0.0	0	1500	0	0	1
2	2791	628	506	3722	1964	0.0	0	1500	0	0	1
2	2791	629	507	3724	1966	0.0	0	1500	0	0	1
2	2791	627	506	3721	1964	0.0	0	1500	0	0	1
2	2793	630	508	3727	1965	0.0	0	1500	0	0	1
2	2791	627	506	3721	1964	0.0	0	1500	0	0	1
2	2793	630	508	3728	1967	0.0	0	1500	0	0	1
2	2789	627	506	3719	1965	0.0	0	1500	0	0	1
2	2793	631	508	3729	1967	0.0	0	1500	0	0	1
2	2793	631	508	3729	1967	0.0	0	1500	0	0	1
2	2790	627	506	3720	1964	0.0	0	1500	0	0	1
2	2791	631	508	3727	1967	0.0	0	1500	0	0	1
2	2790	628	506	3721	1964	0.0	0	1500	0	0	1
2	2793	631	508	3729	1967	0.0	0	1500	0	0	1
2	2791	628	506	3722	1964	0.0	0	1500	0	0	1
2	2792	631	508	3728	1967	0.0	0	1500	0	0	1
2	2789	628	506	3721	1965	0.0	0	1500	0	0	0
2	2599	619	486	3522	1991	0.0	0	1500	0	0	0
2	412	495	246	1203	3665	467.0	0	1500	0	0	0
2	413	496	246	1205	3660	468.0	0	1500	0	0	0
2	413	496	246	1204	3660	468.0	0	1500	0	0	0
2	413	496	246	1204	3660	468.0	0	1500	0	0	0
2	413	496	246	1205	3660	468.0	0	1500	0	0	0
3	412	495	245	1203	3656	468.0	0	1500	0	0	1
3	414	497	246	1207	3654	469.0	0	1500	0	0	1
3	2588	617	484	3508	1991	0.0	0	1500	0	0	1
3	2791	630	508	3727	1967	0.0	0	1500	0	0	1
3	2790	628	508	3721	1966	0.0	0	1500	0	0	1
3	2790	627	506	3721	1964	0.0	0	1500	0	0	1
3	2793	631	508	3729	1967	0.0	0	1500	0	0	1
3	2788	627	506	3718	1965	0.0	0	1500	0	0	1
3	2792	631	508	3729	1967	0.0	0	1500	0	0	1
3	2790	627	506	3721	1964	0.0	0	1500	0	0	1
3	2793	631	508	3728	1965	0.0	0	1500	0	0	1
3	2789	628	506	3720	1965	0.0	0	1500	0	0	1
3	2790	631	508	3726	1967	0.0	0	1500	0	0	1
3	2790	628	506	3721	1964	0.0	0	1500	0	0	1
3	2792	630	508	3727	1967	0.0	0	1500	0	0	1
3	2790	628	507	3722	1966	0.0	0	1500	0	0	1
3	2789	630	507	3724	1966	0.0	0	1500	0	0	1
3	2788	629	506	3720	1965	0.0	0	1500	0	0	1
3	2791	630	507	3725	1966	0.0	0	1500	0	0	1
3	2791	630	507	3725	1966	0.0	0	1500	0	0	1
3	2791	629	507	3724	1966	0.0	0	1500	0	0	1
3	2790	630	507	3724	1966	0.0	0	1500	0	0	1
3	2789	629	507	3722	1966	0.0	0	1500	0	0	1
3	2790	629	507	3723	1966	0.0	0	1500	0	0	1
3	2792	631	508	3729	1967	0.0	0	1500	0	0	1
3	2788	629	506	3720	1965	0.0	0	1500	0	0	1
3	2791	632	508	3728	1967	0.0	0	1500	0	0	1
3	2790	628	506	3722	1964	0.0	0	1500	0	0	0
3	2433	612	469	3349	2018	0.0	0	1500	0	0	0
3	412	495	245	1203	3656	468.0	0	1500	0	0	0
3	415	498	247	1211	3658	470.0	0	1500	0	0	0
3	412	495	245	1203	3656	468.0	0	1500	0	0	0
3	415	498	247	1211	3658	470.0	0	1500	0	0	0
3	412	495	245	1203	3656	468.0	0	1500	0	0	0
4	415	498	247	1210	3658	470.0	0	1500	0	0	1
4	412	495	246	1203	3665	467.0	0	1500	0	0	1
4	414	497	247	1209	3664	469.0	0	1500	0	0	1
4	1578	561	374	2439	2224	99.0	0	1500	0	0	1
4	1580	563	374	2443	2223	101.0	0	1500	0	0	1
4	1625	564	379	2489	2207	85.0	0	1500	0	0	1
4	1624	564	379	2489	2208	85.0	0	1500	0	0	1
4	1626	564	379	2491	2207	84.0	0	1500	0	0	1
4	1626	565	379	2491	2207	86.0	0	1500	0	0	1
4	1624	563	379	2487	2208	83.0	0	1500	0	0	1
4	1625	565	379	2491	2207	86.0	0	1500	0	0	1
4	1619	563	378	2481	2208	86.0	0	1500	0	0	1
4	1627	566	380	2494	2209	87.0	0	1500	0	0	1
4	1625	563	378	2487	2205	84.0	0	1500	0	0	1
4	1626	566	380	2493	2209	87.0	0	1500	0	0	1
4	1585	560	374	2444	2220	95.0	0	1500	0	0	1
4	1580	563	375	2445	2227	101.0	0	1500	0	0	1
4	1578	560	373	2437	2221	98.0	0	1500	0	0	1
4	1580	563	375	2445	2227	101.0	0	1500	0	0	1
4	1583	560	374	2442	2221	96.0	0	1500	0	0	1
4	1580	563	375	2444	2225	101.0	0	1500	0	0	1
4	1578	560	373	2437	2221	98.0	0	1500	0	0	1
4	1580	563	375	2443	2225	101.0	0	1500	0	0	1
4	1578	561	374	2439	2224	99.0	0	1500	0	0	1
4	1579	562	374	2442	2225	100.0	0	1500	0	0	1
4	1579	561	374	2440	2223	99.0	0	1500	0	0	1
4	1626	564	379	2490	2207	84.0	0	1500	0	0	1
4	1626	564	379	2489	2205	84.0	0	1500	0	0	0
4	1330	548	347	2177	2333	179.0	0	1500	0	0	0
4	412	495	246	1203	3665	467.0	0	1500	0	0	0
4	414	497	246	1208	3654	469.0	0	1500	0	0	0
4	412	495	245	1202	3656	468.0	0	1500	0	0	0
4	415	498	247	1210	3658	470.0	0	1500	0	0	0
4	412	495	245	1203	3656	468.0	0	1500	0	0	0
5	415	498	247	1211	3658	470.0	0	1500	131	0	1
5	412	495	245	1203	3656	468.0	0	1500	131	0	1
5	415	499	247	1212	3658	472.0	0	1500	131	0	1
5	1625	564	381	2492	2212	83.0	0	1500	131	0	1
5	1628	568	383	2500	2215	87.0	0	1500	131	0	1
5	1620	564	381	2487	2215	85.0	0	1500	131	0	1
5	1627	568	382	2498	2213	88.0	0	1500	131	0	1
5	1625	565	381	2492	2212	85.0	0	1500	131	0	1
5	1628	567	382	2499	2213	86.0	0	1500	131	0	1
5	1621	565	381	2489	2214	86.0	0	1500	131	0	1
5	1627	567	382	2498	2213	87.0	0	1500	131	0	1
5	1625	566	382	2495	2214	86.0	0	1500	131	0	1
5	1626	566	382	2495	2214	85.0	0	1500	131	0	1
5	1626	566	382	2495	2214	85.0	0	1500	131	0	1
5	1581	564	377	2448	2229	100.0	0	1500	131	0	1
5	1579	563	376	2444	2228	100.0	0	1500	131	0	1
5	1581	565	377	2449	2229	102.0	0	1500	131	0	1
5	1579	562	376	2443	2228	99.0	0	1500	131	0	1
5	1581	565	377	2450	2231	102.0	0	1500	131	0	1
5	1579	562	376	2442	2228	99.0	0	1500	131	0	1
5	1582	565	377	2451	2231	102.0	0	1500	131	0	1
5	1579	562	376	2442	2228	99.0	0	1500	131	0	1
5	1582	565	377	2451	2231	102.0	0	1500	131	0	1
5	1579	562	376	2442	2228	99.0	0	1500	131	0	1
5	1581	565	377	2450	2231	102.0	0	1500	131	0	1
5	1626	565	381	2492	2210	85.0	0	1500	131	0	1
5	1628	567	382	2499	2213	86.0	0	1500	131	0	1
5	1624	565	381	2491	2213	85.0	0	1500	131	0	0
5	1627	567	382	2498	2213	87.0	0	1500	131	0	0
5	415	498	247	1209	3658	470.0	0	1500	131	0	0
5	414	497	246	1207	3654	469.0	0	1500	131	0	0
5	414	497	246	1207	3654	469.0	0	1500	131	0	0
5	414	497	247	1208	3664	469.0	0	1500	131	0	0
5	413	496	246	1205	3660	468.0	0	1500	131	0	0
6	415	498	247	1209	3658	470.0	0	1500	263	0	1
6	413	496	246	1204	3660	468.0	0	1500	263	0	1
6	439	499	250	1235	3560	462.0	0	1500	263	0	1
6	1624	567	389	2501	2232	82.0	0	1500	263	0	1
6	1628	570	390	2510	2232	85.0	0	1500	263	0	1
6	1625	567	389	2501	2229	82.0	0	1500	263	0	1
6	1628	570	390	2510	2232	85.0	0	1500	263	0	1
6	1620	566	388	2495	2232	83.0	0	1500	263	0	1
6	1626	570	390	2508	2233	86.0	0	1500	263	0	1
6	1625	567	389	2501	2229	82.0	0	1500	263	0	1
6	1628	570	390	2510	2232	85.0	0	1500	263	0	1
6	1626	567	389	2503	2231	82.0	0	1500	263	0	1
6	1628	570	390	2509	2232	85.0	0	1500	263	0	1
6	1624	568	389	2502	2232	84.0	0	1500	263	0	1
6	1585	566	384	2460	2245	97.0	0	1500	263	0	1
6	1580	566	384	2457	2249	99.0	0	1500	263	0	1
6	1580	566	384	2456	2247	99.0	0	1500	263	0	1
6	1579	565	384	2455	2250	98.0	0	1500	263	0	1
6	1581	566	384	2458	2249	99.0	0	1500	263	0	1
6	1580	565	384	2454	2247	97.0	0	1500	263	0	1
6	1581	567	385	2459	2249	99.0	0	1500	263	0	1
6	1579	565	383	2453	2245	98.0	0	1500	263	0	1
6	1582	567	385	2460	2249	99.0	0	1500	263	0	1
6	1584	565	384	2458	2245	96.0	0	1500	263	0	1
6	1612	570	389	2494	2240	91.0	0	1500	263	0	1
6	1626	567	389	2503	2231	82.0	0	1500	263	0	1
6	1629	571	391	2511	2232	86.0	0	1500	263	0	1
6	1626	567	389	2503	2231	82.0	0	1500	263	0	0
6	1627	570	390	2508	2233	86.0	0	1500	263	0	0
6	1082	534	324	1920	2506	254.0	0	1500	263	0	0
6	414	498	247	1209	3664	470.0	0	1500	263	0	0
6	412	495	245	1203	3656	468.0	0	1500	263	0	0
6	412	495	246	1203	3665	467.0	0	1500	263	0	0
6	414	496	246	1207	3654	468.0	0	1500	263	0	0
7	413	496	246	1205	3660	468.0	0	1500	394	0	1
7	413	496	246	1206	3660	468.0	0	1500	394	0	1
7	413	496	246	1206	3660	468.0	0	1500	394	0	1
7	1627	573	398	2520	2252	84.0	0	1500	394	0	1
7	1628	574	399	2522	2254	85.0	0	1500	394	0	1
7	1623	572	397	2514	2252	85.0	0	1500	394	0	1
7	1630	575	399	2525	2253	86.0	0	1500	394	0	1
7	1628	572	398	2519	2251	82.0	0	1500	394	0	1
7	1629	575	399	2525	2253	86.0	0	1500	394	0	1
7	1626	571	398	2516	2252	82.0	0	1500	394	0	1
7	1630	575	400	2526	2255	85.0	0	1500	394	0	1
7	1628	572	398	2518	2249	82.0	0	1500	394	0	1
7	1631	575	400	2527	2254	85.0	0	1500	394	0	1
7	1627	572	398	2517	2250	83.0	0	1500	394	0	1
7	1612	574	397	2506	2259	92.0	0	1500	394	0	1
7	1581	569	392	2468	2267	97.0	0	1500	394	0	1
7	1583	572	394	2475	2270	100.0	0	1500	394	0	1
7	1583	572	393	2475	2270	101.0	0	1500	394	0	1
7	1582	570	392	2470	2266	99.0	0	1500	394	0	1
7	1583	571	393	2473	2268	99.0	0	1500	394	0	1
7	1582	570	393	2471	2268	98.0	0	1500	394	0	1
7	1587	571	393	2477	2266	98.0	0	1500	394	0	1
7	1583	571	393	2472	2268	99.0	0	1500	394	0	1
7	1582	570	392	2470	2266	99.0	0	1500	394	0	1
7	1583	571	393	2473	2268	99.0	0	1500	394	0	1
7	1623	572	397	2514	2252	85.0	0	1500	394	0	1
7	1630	575	399	2525	2253	86.0	0	1500	394	0	1
7	1627	572	398	2518	2252	83.0	0	1500	394	0	1
7	1628	575	399	2524	2254	86.0	0	1500	394	0	0
7	1147	541	338	1998	2480	234.0	0	1500	394	0	0
7	414	498	247	1210	3664	470.0	0	1500	394	0	0
7	412	494	245	1201	3656	466.0	0	1500	394	0	0
7	415	498	247	1210	3658	470.0	0	1500	394	0	0
7	412	494	245	1202	3656	466.0	0	1500	394	0	0
8	415	498	247	1210	3658	470.0	0	1500	526	0	1
8	414	497	247	1209	3664	469.0	0	1500	526	0	1
8	543	504	263	1346	3236	426.0	0	1500	526	0	1
8	1630	579	409	2540	2277	85.0	0	1500	526	0	1
8	1629	577	408	2535	2275	83.0	0	1500	526	0	1
8	1631	579	409	2539	2274	85.0	0	1500	526	0	1
8	1630	578	408	2538	2274	84.0	0	1500	526	0	1
8	1630	578	408	2538	2274	84.0	0	1500	526	0	1
8	1630	578	409	2538	2277	83.0	0	1500	526	0	1
8	1628	577	408	2534	2275	83.0	0	1500	526	0	1
8	1631	579	409	2539	2274	85.0	0	1500	526	0	1
8	1624	576	407	2529	2275	84.0	0	1500	526	0	1
8	1631	579	409	2541	2276	85.0	0	1500	526	0	1
8	1582	573	401	2483	2290	97.0	0	1500	526	0	1
8	1585	576	403	2490	2291	99.0	0	1500	526	0	1
8	1587	574	402	2488	2288	96.0	0	1500	526	0	1
8	1585	577	403	2491	2291	101.0	0	1500	526	0	1
8	1582	573	401	2483	2290	97.0	0	1500	526	0	1
8	1585	577	403	2491	2291	101.0	0	1500	526	0	1
8	1587	574	402	2488	2288	96.0	0	1500	526	0	1
8	1583	574	402	2484	2290	97.0	0	1500	526	0	1
8	1585	576	403	2490	2291	99.0	0	1500	526	0	1
8	1583	574	402	2484	2290	97.0	0	1500	526	0	1
8	1620	578	407	2528	2279	88.0	0	1500	526	0	1
8	1628	578	408	2535	2275	85.0	0	1500	526	0	1
8	1630	579	409	2539	2277	85.0	0	1500	526	0	1
8	1630	578	409	2538	2277	83.0	0	1500	526	0	1
8	1630	578	408	2537	2274	84.0	0	1500	526	0	1
8	1631	579	409	2539	2274	85.0	0	1500	526	0	0
8	1071	540	334	1925	2554	260.0	0	1500	526	0	0
8	414	497	247	1208	3664	469.0	0	1500	526	0	0
8	412	495	245	1203	3656	468.0	0	1500	526	0	0
8	414	498	247	1209	3664	470.0	0	1500	526	0	0
8	412	494	245	1202	3656	466.0	0	1500	526	0	0
8	415	498	247	1210	3658	470.0	0	1500	526	0	0
9	412	494	245	1201	3656	466.0	0	1500	657	0	1
9	415	498	247	1210	3658	470.0	0	1500	657	0	1
9	616	509	274	1427	3085	402.0	0	1500	657	0	1
9	1631	581	418	2559	2305	81.0	0	1500	657	0	1
9	1631	584	419	2556	2300	85.0	0	1500	657	0	1
9	1630	582	418	2550	2296	83.0	0	1500	657	0	1
9	1633	584	419	2557	2299	84.0	0	1500	657	0	1
9	1631	582	418	2552	2298	83.0	0	1500	657	0	1
9	1633	584	418	2556	2296	85.0	0	1500	657	0	1
9	1630	582	418	2551	2298	83.0	0	1500	657	0	1
9	1631	583	418	2553	2298	84.0	0	1500	657	0	1
9	1585	580	412	2502	2313	99.0	0	1500	657	0	1
9	1585	579	412	2502	2313	97.0	0	1500	657	0	1
9	1585	580	412	2503	2313	99.0	0	1500	657	0	1
9	1584	579	411	2500	2312	98.0	0	1500	657	0	1
9	1586	581	412	2505	2313	100.0	0	1500	657	0	1
9	1589	579	412	2505	2311	96.0	0	1500	657	0	1
9	1586	582	413	2506	2315	101.0	0	1500	657	0	1
9	1584	578	411	2500	2313	97.0	0	1500	657	0	1
9	1587	582	413	2507	2315	101.0	0	1500	657	0	1
9	1584	578	411	2499	2312	97.0	0	1500	657	0	1
9	1587	582	413	2507	2315	101.0	0	1500	657	0	1
9	1634	585	419	2559	2298	86.0	0	1500	657	0	1
9	1626	581	417	2545	2298	83.0	0	1500	657	0	1
9	1632	585	419	2557	2299	86.0	0	1500	657	0	1
9	1629	582	418	2550	2299	83.0	0	1500	657	0	1
9	1633	585	419	2558	2299	86.0	0	1500	657	0	1
9	1631	582	418	2553	2298	83.0	0	1500	657	0	0
9	906	532	316	1752	2717	314.0	0	1500	657	0	0
9	413	496	246	1205	3660	468.0	0	1500	657	0	0
9	414	497	246	1207	3654	469.0	0	1500	657	0	0
9	414	496	246	1207	3654	468.0	0	1500	657	0	0
9	413	496	246	1206	3660	468.0	0	1500	657	0	0
9	414	497	246	1208	3654	469.0	0	1500	657	0	0
10	413	495	246	1204	3660	467.0	0	1500	789	0	1
10	414	497	247	1209	3664	469.0	0	1500	789	0	1
10	555	506	267	1363	3223	423.0	0	1500	789	0	1
10	1634	589	429	2574	2322	85.0	0	1500	789	0	1
10	1632	586	427	2567	2318	82.0	0	1500	789	0	1
10	1635	590	429	2575	2322	86.0	0	1500	789	0	1
10	1632	589	428	2566	2317	86.0	0	1500	789	0	1
10	1631	586	427	2565	2319	82.0	0	1500	789	0	1
10	1635	590	429	2575	2322	86.0	0	1500	789	0	1
10	1632	586	427	2567	2318	82.0	0	1500	789	0	1
10	1635	589	429	2575	2322	84.0	0	1500	789	0	1
10	1632	587	428	2568	2321	83.0	0	1500	789	0	1
10	1587	586	422	2521	2337	100.0	0	1500	789	0	1
10	1586	583	421	2516	2335	97.0	0	1500	789	0	1
10	1592	585	422	2526	2336	97.0	0	1500	789	0	1
10	1586	584	421	2517	2335	98.0	0	1500	789	0	1
10	1586	585	421	2518	2335	100.0	0	1500	789	0	1
10	1586	584	421	2518	2337	98.0	0	1500	789	0	1
10	1586	584	421	2517	2335	98.0	0	1500	789	0	1
10	1587	585	421	2519	2334	99.0	0	1500	789	0	1
10	1586	584	421	2516	2335	98.0	0	1500	789	0	1
10	1587	585	422	2520	2337	99.0	0	1500	789	0	1
10	1585	583	421	2514	2336	97.0	0	1500	789	0	1
10	1633	589	429	2572	2323	85.0	0	1500	789	0	1
10	1632	586	427	2566	2318	82.0	0	1500	789	0	1
10	1632	586	427	2565	2317	82.0	0	1500	789	0	1
10	1633	589	429	2573	2323	85.0	0	1500	789	0	1
10	1630	586	427	2564	2320	83.0	0	1500	789	0	0
10	970	539	330	1830	2676	294.0	0	1500	789	0	0
10	412	495	245	1202	3656	468.0	0	1500	789	0	0
10	415	498	247	1210	3658	470.0	0	1500	789	0	0
10	412	495	245	1203	3656	468.0	0	1500	789	0	0
10	414	497	247	1209	3664	469.0	0	1500	789	0	0
10	412	495	246	1203	3665	467.0	0	1500	789	0	0
11	414	497	247	1208	3664	469.0	0	1500	921	0	1
11	413	496	246	1205	3660	468.0	0	1500	921	0	1
11	728	521	296	1562	2940	369.0	0	1500	921	0	1
11	1633	592	438	2585	2344	83.0	0	1500	921	0	1
11	1628	592	437	2578	2345	86.0	0	1500	921	0	1
11	1635	593	438	2587	2343	84.0	0	1500	921	0	1
11	1634	592	438	2584	2342	83.0	0	1500	921	0	1
11	1635	593	438	2588	2343	84.0	0	1500	921	0	1
11	1633	591	437	2582	2342	82.0	0	1500	921	0	1
11	1634	594	437	2587	2341	87.0	0	1500	921	0	1
11	1589	590	431	2537	2360	99.0	0	1500	921	0	1
11	1586	587	430	2529	2357	96.0	0	1500	921	0	1
11	1589	590	431	2536	2358	99.0	0	1500	921	0	1
11	1586	587	430	2528	2357	96.0	0	1500	921	0	1
11	1589	590	431	2536	2358	99.0	0	1500	921	0	1
11	1586	587	430	2528	2357	96.0	0	1500	921	0	1
11	1594	591	432	2542	2357	99.0	0	1500	921	0	1
11	1586	588	430	2530	2357	98.0	0	1500	921	0	1
11	1589	590	431	2536	2358	99.0	0	1500	921	0	1
11	1587	588	430	2530	2357	98.0	0	1500	921	0	1
11	1593	590	432	2541	2358	97.0	0	1500	921	0	1
11	1602	590	433	2549	2353	94.0	0	1500	921	0	1
11	1635	593	438	2586	2341	84.0	0	1500	921	0	1
11	1633	592	438	2584	2344	83.0	0	1500	921	0	1
11	1627	592	437	2577	2345	86.0	0	1500	921	0	1
11	1635	593	438	2587	2343	84.0	0	1500	921	0	1
11	1634	592	438	2584	2342	83.0	0	1500	921	0	1
11	1635	594	438	2589	2343	86.0	0	1500	921	0	0
11	893	535	322	1750	2764	318.0	0	1500	921	0	0
11	412	494	245	1202	3656	466.0	0	1500	921	0	0
11	415	498	247	1210	3658	470.0	0	1500	921	0	0
11	412	494	245	1201	3656	466.0	0	1500	921	0	0
11	415	498	247	1210	3658	470.0	0	1500	921	0	0
11	412	494	245	1201	3656	466.0	0	1500	921	0	0
12	414	498	247	1210	3664	470.0	0	1500	1052	0	1
12	412	494	245	1202	3656	466.0	0	1500	1052	0	1
12	803	530	311	1653	2866	348.0	0	1500	1052	0	1
12	1635	596	447	2598	2363	82.0	0	1500	1052	0	1
12	1635	598	448	2604	2369	85.0	0	1500	1052	0	1
12	1634	596	447	2599	2365	83.0	0	1500	1052	0	1
12	1637	598	448	2604	2366	84.0	0	1500	1052	0	1
12	1636	597	448	2601	2364	83.0	0	1500	1052	0	1
12	1636	597	448	2603	2366	83.0	0	1500	1052	0	1
12	1634	597	448	2601	2367	83.0	0	1500	1052	0	1
12	1602	594	442	2562	2375	93.0	0	1500	1052	0	1
12	1589	594	440	2549	2380	99.0	0	1500	1052	0	1
12	1588	592	440	2546	2380	96.0	0	1500	1052	0	1
12	1588	592	439	2545	2378	97.0	0	1500	1052	0	1
12	1590	595	441	2551	2382	100.0	0	1500	1052	0	1
12	1587	592	439	2544	2379	97.0	0	1500	1052	0	1
12	1590	595	441	2552	2382	100.0	0	1500	1052	0	1
12	1587	592	439	2544	2379	97.0	0	1500	1052	0	1
12	1595	595	442	2558	2381	97.0	0	1500	1052	0	1
12	1587	592	439	2544	2379	97.0	0	1500	1052	0	1
12	1590	595	441	2553	2383	100.0	0	1500	1052	0	1
12	1635	596	447	2599	2364	82.0	0	1500	1052	0	1
12	1637	599	448	2605	2366	86.0	0	1500	1052	0	1
12	1635	596	447	2599	2364	82.0	0	1500	1052	0	1
12	1635	598	448	2603	2367	85.0	0	1500	1052	0	1
12	1633	596	447	2598	2366	83.0	0	1500	1052	0	1
12	1631	598	447	2597	2367	87.0	0	1500	1052	0	1
12	1636	597	448	2601	2364	83.0	0	1500	1052	0	0
12	1636	597	448	2602	2366	83.0	0	1500	1052	0	0
12	718	521	296	1554	2961	372.0	0	1500	1052	0	0
12	413	496	246	1205	3660	468.0	0	1500	1052	0	0
12	412	495	246	1204	3665	467.0	0	1500	1052	0	0
12	414	497	247	1208	3664	469.0	0	1500	1052	0	0
12	412	495	245	1203	3656	468.0	0	1500	1052	0	0
13	414	497	247	1209	3664	469.0	0	1500	1184	0	1
13	412	494	245	1201	3656	466.0	0	1500	1184	0	1
13	740	526	303	1585	2951	368.0	0	1500	1184	0	1
13	1636	600	457	2614	2388	81.0	0	1500	1184	0	1
13	1637	604	458	2621	2389	86.0	0	1500	1184	0	1
13	1634	600	457	2612	2389	82.0	0	1500	1184	0	1
13	1639	604	459	2623	2391	85.0	0	1500	1184	0	1
13	1636	601	457	2615	2388	82.0	0	1500	1184	0	1
13	1639	604	458	2622	2388	86.0	0	1500	1184	0	1
13	1630	601	456	2609	2389	85.0	0	1500	1184	0	1
13	1637	603	458	2619	2389	85.0	0	1500	1184	0	1
13	1590	597	449	2562	2401	97.0	0	1500	1184	0	1
13	1591	599	450	2566	2403	99.0	0	1500	1184	0	1
13	1590	598	450	2564	2404	98.0	0	1500	1184	0	1
13	1590	598	450	2564	2404	98.0	0	1500	1184	0	1
13	1590	598	450	2564	2404	98.0	0	1500	1184	0	1
13	1596	599	451	2572	2402	97.0	0	1500	1184	0	1
13	1589	597	449	2561	2402	97.0	0	1500	1184	0	1
13	1591	599	450	2567	2405	99.0	0	1500	1184	0	1
13	1589	597	449	2560	2402	97.0	0	1500	1184	0	1
13	1591	600	450	2568	2405	101.0	0	1500	1184	0	1
13	1615	599	454	2591	2396	88.0	0	1500	1184	0	1
13	1639	604	459	2623	2391	85.0	0	1500	1184	0	1
13	1635	600	457	2613	2388	81.0	0	1500	1184	0	1
13	1632	604	458	2615	2393	88.0	0	1500	1184	0	1
13	1636	601	457	2615	2388	82.0	0	1500	1184	0	1
13	1638	604	459	2622	2391	85.0	0	1500	1184	0	1
13	1636	601	457	2615	2388	82.0	0	1500	1184	0	0
13	1637	604	458	2621	2389	86.0	0	1500	1184	0	0
13	788	528	310	1636	2889	350.0	0	1500	1184	0	0
13	414	497	247	1209	3664	469.0	0	1500	1184	0	0
13	413	496	246	1205	3660	468.0	0	1500	1184	0	0
13	414	497	246	1208	3654	469.0	0	1500	1184	0	0
13	413	496	246	1206	3660	468.0	0	1500	1184	0	0
14	414	497	246	1207	3654	469.0	0	1500	1315	0	1
14	413	496	246	1205	3660	468.0	0	1500	1315	0	1
14	908	542	336	1785	2800	314.0	0	1500	1315	0	1
14	1638	606	467	2632	2410	82.0	0	1500	1315	0	1
14	1638	608	468	2636	2413	85.0	0	1500	1315	0	1
14	1636	605	467	2629	2412	81.0	0	1500	1315	0	1
14	1635	608	467	2632	2412	87.0	0	1500	1315	0	1
14	1637	605	467	2630	2411	81.0	0	1500	1315	0	1
14	1640	609	468	2638	2411	86.0	0	1500	1315	0	1
14	1595	601	459	2581	2422	94.0	0	1500	1315	0	1
14	1598	605	461	2589	2425	98.0	0	1500	1315	0	1
14	1590	601	458	2575	2423	97.0	0	1500	1315	0	1
14	1592	604	460	2583	2429	99.0	0	1500	1315	0	1
14	1590	601	459	2576	2426	96.0	0	1500	1315	0	1
14	1592	604	460	2582	2427	99.0	0	1500	1315	0	1
14	1590	602	459	2577	2426	98.0	0	1500	1315	0	1
14	1592	604	460	2581	2427	99.0	0	1500	1315	0	1
14	1591	602	459	2578	2425	97.0	0	1500	1315	0	1
14	1591	603	459	2580	2427	99.0	0	1500	1315	0	1
14	1591	602	459	2579	2427	97.0	0	1500	1315	0	1
14	1637	607	468	2634	2413	84.0	0	1500	1315	0	1
14	1638	606	467	2632	2410	82.0	0	1500	1315	0	1
14	1639	608	468	2637	2412	84.0	0	1500	1315	0	1
14	1637	606	467	2631	2411	83.0	0	1500	1315	0	1
14	1640	609	468	2638	2411	86.0	0	1500	1315	0	1
14	1636	605	467	2629	2412	81.0	0	1500	1315	0	1
14	1633	608	467	2631	2415	87.0	0	1500	1315	0	1
14	1637	605	467	2630	2411	81.0	0	1500	1315	0	1
14	1639	609	468	2638	2412	86.0	0	1500	1315	0	0
14	706	521	298	1545	2999	375.0	0	1500	1315	0	0
14	415	498	247	1211	3658	470.0	0	1500	1315	0	0
14	412	495	246	1203	3665	467.0	0	1500	1315	0	0
14	415	498	247	1210	3658	470.0	0	1500	1315	0	0
14	413	495	246	1204	3660	467.0	0	1500	1315	0	0
15	414	497	247	1209	3664	469.0	0	1500	1447	0	1
15	413	496	246	1205	3660	468.0	0	1500	1447	0	1
15	414	497	246	1208	3654	469.0	0	1500	1447	0	1
15	1638	612	477	2648	2434	85.0	0	1500	1447	0	1
15	1634	612	477	2645	2437	86.0	0	1500	1447	0	1
15	1638	611	477	2648	2434	83.0	0	1500	1447	0	1
15	1640	613	478	2652	2435	85.0	0	1500	1447	0	1
15	1637	611	477	2646	2435	83.0	0	1500	1447	0	1
15	1621	611	475	2631	2442	90.0	0	1500	1447	0	1
15	1591	606	468	2591	2447	97.0	0	1500	1447	0	1
15	1593	609	469	2599	2450	100.0	0	1500	1447	0	1
15	1590	606	468	2590	2448	97.0	0	1500	1447	0	1
15	1599	610	470	2605	2447	99.0	0	1500	1447	0	1
15	1591	606	468	2590	2447	97.0	0	1500	1447	0	1
15	1593	609	469	2599	2450	100.0	0	1500	1447	0	1
15	1591	606	468	2591	2447	97.0	0	1500	1447	0	1
15	1593	609	469	2598	2450	100.0	0	1500	1447	0	1
15	1591	606	468	2592	2449	97.0	0	1500	1447	0	1
15	1593	609	469	2598	2450	100.0	0	1500	1447	0	1
15	1591	607	468	2592	2447	99.0	0	1500	1447	0	1
15	1634	612	477	2645	2437	86.0	0	1500	1447	0	1
15	1638	611	477	2648	2434	83.0	0	1500	1447	0	1
15	1640	612	478	2650	2433	83.0	0	1500	1447	0	1
15	1639	611	477	2649	2433	83.0	0	1500	1447	0	1
15	1640	612	478	2651	2435	83.0	0	1500	1447	0	1
15	1637	611	477	2646	2435	83.0	0	1500	1447	0	1
15	1639	613	478	2651	2436	85.0	0	1500	1447	0	1
15	1638	610	477	2646	2434	81.0	0	1500	1447	0	1
15	1635	613	477	2647	2436	87.0	0	1500	1447	0	0
15	533	506	268	1344	3306	429.0	0	1500	1447	0	0
15	415	498	247	1211	3658	470.0	0	1500	1447	0	0
15	412	494	245	1202	3656	466.0	0	1500	1447	0	0
15	415	498	247	1211	3658	470.0	0	1500	1447	0	0
15	412	495	245	1202	3656	468.0	0	1500	1447	0	0
15	414	498	247	1210	3664	470.0	0	1500	1447	0	0
16	412	495	245	1203	3656	468.0	0	1500	1578	0	1
16	414	498	247	1209	3664	470.0	0	1500	1578	0	1
16	925	545	347	1814	2817	305.0	0	1500	1578	0	1
16	1641	617	488	2668	2458	83.0	0	1500	1578	0	1
16	1641	616	487	2665	2456	83.0	0	1500	1578	0	1
16	1641	616	487	2668	2458	83.0	0	1500	1578	0	1
16	1640	616	487	2666	2458	83.0	0	1500	1578	0	1
16	1640	617	488	2666	2459	84.0	0	1500	1578	0	1
16	1593	611	478	2608	2470	97.0	0	1500	1578	0	1
16	1599	613	479	2617	2469	97.0	0	1500	1578	0	1
16	1592	611	478	2606	2471	97.0	0	1500	1578	0	1
16	1595	613	479	2613	2471	99.0	0	1500	1578	0	1
16	1592	610	477	2606	2470	96.0	0	1500	1578	0	1
16	1594	613	479	2613	2474	99.0	0	1500	1578	0	1
16	1592	610	477	2605	2469	96.0	0	1500	1578	0	1
16	1595	614	479	2614	2471	100.0	0	1500	1578	0	1
16	1592	610	477	2605	2469	96.0	0	1500	1578	0	1
16	1595	614	479	2614	2471	100.0	0	1500	1578	0	1
16	1597	611	478	2612	2468	96.0	0	1500	1578	0	1
16	1608	615	482	2630	2470	95.0	0	1500	1578	0	1
16	1638	615	487	2661	2458	82.0	0	1500	1578	0	1
16	1642	618	488	2669	2458	85.0	0	1500	1578	0	1
16	1640	615	487	2663	2457	81.0	0	1500	1578	0	1
16	1641	617	488	2668	2458	83.0	0	1500	1578	0	1
16	1640	617	487	2665	2457	84.0	0	1500	1578	0	1
16	1634	616	486	2659	2460	86.0	0	1500	1578	0	1
16	1640	616	487	2664	2457	83.0	0	1500	1578	0	1
16	1641	617	488	2668	2458	83.0	0	1500	1578	0	0
16	592	513	281	1416	3199	411.0	0	1500	1578	0	0
16	414	498	247	1209	3664	470.0	0	1500	1578	0	0
16	412	495	246	1203	3665	467.0	0	1500	1578	0	0
16	415	498	247	1210	3658	470.0	0	1500	1578	0	0
16	412	494	245	1202	3656	466.0	0	1500	1578	0	0
16	415	498	247	1211	3658	470.0	0	1500	1578	0	0
17	412	495	245	1202	3656	468.0	0	1500	1710	0	1
17	415	498	247	1211	3658	470.0	0	1500	1710	0	1
17	1107	566	388	2037	2699	249.0	0	1500	1710	0	1
17	1642	623	498	2685	2481	85.0	0	1500	1710	0	1
17	1642	620	497	2680	2479	81.0	0	1500	1710	0	1
17	1643	623	498	2686	2481	85.0	0	1500	1710	0	1
17	1641	620	497	2680	2480	82.0	0	1500	1710	0	1
17	1611	619	492	2647	2492	93.0	0	1500	1710	0	1
17	1594	617	488	2624	2494	99.0	0	1500	1710	0	1
17	1595	617	488	2625	2493	98.0	0	1500	1710	0	1
17	1595	617	488	2625	2493	98.0	0	1500	1710	0	1
17	1600	617	489	2633	2494	96.0	0	1500	1710	0	1
17	1594	616	488	2624	2494	97.0	0	1500	1710	0	1
17	1595	617	488	2627	2495	98.0	0	1500	1710	0	1
17	1594	615	487	2623	2493	96.0	0	1500	1710	0	1
17	1601	618	489	2634	2492	97.0	0	1500	1710	0	1
17	1594	615	487	2622	2492	96.0	0	1500	1710	0	1
17	1596	618	489	2630	2497	99.0	0	1500	1710	0	1
17	1639	620	497	2677	2481	82.0	0	1500	1710	0	1
17	1638	623	497	2680	2482	87.0	0	1500	1710	0	1
17	1641	620	497	2678	2478	82.0	0	1500	1710	0	1
17	1644	623	498	2686	2480	85.0	0	1500	1710	0	1
17	1639	620	497	2677	2481	82.0	0	1500	1710	0	1
17	1642	623	498	2684	2481	85.0	0	1500	1710	0	1
17	1641	620	497	2678	2478	82.0	0	1500	1710	0	1
17	1643	623	498	2686	2481	85.0	0	1500	1710	0	1
17	1641	620	497	2679	2480	82.0	0	1500	1710	0	1
17	1640	620	497	2678	2480	82.0	0	1500	1710	0	0
17	519	507	268	1333	3358	435.0	0	1500	1710	0	0
17	413	496	246	1206	3660	468.0	0	1500	1710	0	0
17	413	496	246	1206	3660	468.0	0	1500	1710	0	0
17	413	496	246	1207	3660	468.0	0	1500	1710	0	0
17	413	496	246	1205	3660	468.0	0	1500	1710	0	0
17	414	497	246	1208	3654	469.0	0	1500	1710	0	0
18	412	495	246	1204	3665	467.0	0	1500	1842	0	1
18	414	497	247	1209	3664	469.0	0	1500	1842	0	1
18	1180	576	409	2135	2679	226.0	0	1500	1842	0	1
18	1645	628	508	2702	2503	85.0	0	1500	1842	0	1
18	1642	625	507	2695	2503	82.0	0	1500	1842	0	1
18	1645	628	508	2703	2503	85.0	0	1500	1842	0	1
18	1641	624	506	2693	2501	81.0	0	1500	1842	0	1
18	1598	623	498	2645	2516	100.0	0	1500	1842	0	1
18	1595	619	497	2637	2515	95.0	0	1500	1842	0	1
18	1598	623	498	2646	2517	100.0	0	1500	1842	0	1
18	1595	620	497	2638	2515	96.0	0	1500	1842	0	1
18	1598	623	497	2645	2515	100.0	0	1500	1842	0	1
18	1597	623	498	2644	2516	100.0	0	1500	1842	0	1
18	1601	621	498	2646	2514	95.0	0	1500	1842	0	1
18	1597	622	498	2644	2518	98.0	0	1500	1842	0	1
18	1596	621	497	2641	2516	98.0	0	1500	1842	0	1
18	1596	622	498	2642	2517	99.0	0	1500	1842	0	1
18	1643	626	507	2698	2502	83.0	0	1500	1842	0	1
18	1643	626	507	2698	2502	83.0	0	1500	1842	0	1
18	1644	627	508	2700	2504	84.0	0	1500	1842	0	1
18	1641	625	507	2695	2504	82.0	0	1500	1842	0	1
18	1638	627	507	2693	2506	86.0	0	1500	1842	0	1
18	1643	625	507	2696	2502	81.0	0	1500	1842	0	1
18	1645	628	508	2702	2503	85.0	0	1500	1842	0	1
18	1643	625	507	2695	2500	81.0	0	1500	1842	0	1
18	1644	628	508	2702	2504	85.0	0	1500	1842	0	1
18	1642	625	507	2695	2503	82.0	0	1500	1842	0	1
18	1646	629	509	2704	2503	85.0	0	1500	1842	0	0
18	1632	624	504	2683	2504	86.0	0	1500	1842	0	0
18	415	499	247	1212	3658	472.0	0	1500	1842	0	0
18	415	499	247	1212	3658	472.0	0	1500	1842	0	0
18	413	496	246	1205	3660	468.0	0	1500	1842	0	0
18	415	498	247	1212	3658	470.0	0	1500	1842	0	0
18	413	496	246	1205	3660	468.0	0	1500	1842	0	0
19	415	498	247	1210	3658	470.0	0	1500	1973	0	1
19	413	496	246	1206	3660	468.0	0	1500	1973	0	1
19	1118	575	402	2071	2734	250.0	0	1500	1973	0	1
19	1646	631	518	2716	2526	82.0	0	1500	1973	0	1
19	1639	631	517	2709	2529	85.0	0	1500	1973	0	1
19	1645	632	518	2716	2527	84.0	0	1500	1973	0	1
19	1645	631	517	2715	2524	83.0	0	1500	1973	0	1
19	1609	628	510	2672	2537	95.0	0	1500	1973	0	1
19	1597	626	508	2657	2541	97.0	0	1500	1973	0	1
19	1599	628	508	2661	2539	100.0	0	1500	1973	0	1
19	1597	625	507	2655	2538	96.0	0	1500	1973	0	1
19	1599	628	508	2662	2541	100.0	0	1500	1973	0	1
19	1602	625	508	2661	2537	94.0	0	1500	1973	0	1
19	1599	628	508	2662	2541	100.0	0	1500	1973	0	1
19	1597	625	508	2654	2539	96.0	0	1500	1973	0	1
19	1597	625	507	2655	2538	96.0	0	1500	1973	0	1
19	1599	628	508	2662	2541	100.0	0	1500	1973	0	1
19	1597	625	507	2654	2538	96.0	0	1500	1973	0	1
19	1647	633	518	2720	2525	85.0	0	1500	1973	0	1
19	1639	630	516	2707	2526	84.0	0	1500	1973	0	1
19	1647	633	518	2720	2525	85.0	0	1500	1973	0	1
19	1642	631	517	2712	2527	84.0	0	1500	1973	0	1
19	1646	633	518	2718	2526	85.0	0	1500	1973	0	1
19	1645	631	517	2714	2524	83.0	0	1500	1973	0	1
19	1646	632	518	2717	2526	84.0	0	1500	1973	0	1
19	1643	632	518	2714	2528	84.0	0	1500	1973	0	1
19	1644	632	518	2715	2528	84.0	0	1500	1973	0	1
19	1646	632	518	2717	2526	84.0	0	1500	1973	0	0
19	1640	631	516	2709	2526	85.0	0	1500	1973	0	0
19	420	499	248	1217	3640	469.0	0	1500	1973	0	0
19	413	496	246	1206	3660	468.0	0	1500	1973	0	0
19	415	498	247	1211	3658	470.0	0	1500	1973	0	0
19	413	496	246	1205	3660	468.0	0	1500	1973	0	0
19	413	496	246	1205	3660	468.0	0	1500	1973	0	0
20	416	499	247	1213	3653	471.0	0	1500	2105	0	1
20	413	496	246	1204	3660	468.0	0	1500	2105	0	1
20	1284	597	446	2287	2675	198.0	0	1500	2105	0	1
20	1646	635	527	2730	2547	82.0	0	1500	2105	0	1
20	1647	639	529	2737	2552	86.0	0	1500	2105	0	1
20	1646	636	527	2730	2547	83.0	0	1500	2105	0	1
20	1601	633	518	2679	2564	100.0	0	1500	2105	0	1
20	1599	630	517	2672	2561	96.0	0	1500	2105	0	1
20	1601	633	518	2678	2562	100.0	0	1500	2105	0	1
20	1599	631	517	2673	2561	98.0	0	1500	2105	0	1
20	1600	632	518	2677	2565	98.0	0	1500	2105	0	1
20	1599	631	517	2674	2563	98.0	0	1500	2105	0	1
20	1600	632	517	2675	2561	99.0	0	1500	2105	0	1
20	1600	632	517	2675	2561	99.0	0	1500	2105	0	1
20	1599	632	518	2675	2564	99.0	0	1500	2105	0	1
20	1600	632	517	2676	2562	99.0	0	1500	2105	0	1
20	1599	631	517	2673	2561	98.0	0	1500	2105	0	1
20	1647	638	527	2735	2548	86.0	0	1500	2105	0	1
20	1649	638	529	2737	2550	84.0	0	1500	2105	0	1
20	1646	636	527	2730	2547	83.0	0	1500	2105	0	1
20	1649	638	529	2737	2550	84.0	0	1500	2105	0	1
20	1638	634	526	2720	2551	83.0	0	1500	2105	0	1
20	1648	639	529	2737	2551	86.0	0	1500	2105	0	1
20	1646	635	527	2729	2547	82.0	0	1500	2105	0	1
20	1649	639	529	2738	2550	86.0	0	1500	2105	0	1
20	1638	635	526	2722	2553	85.0	0	1500	2105	0	1
20	1647	639	529	2736	2552	86.0	0	1500	2105	0	1
20	1646	635	527	2729	2547	82.0	0	1500	2105	0	0
20	1601	633	518	2678	2562	100.0	0	1500	2105	0	0
20	508	507	268	1324	3401	439.0	0	1500	2105	0	0
20	415	498	247	1212	3658	470.0	0	1500	2105	0	0
20	414	497	246	1207	3654	469.0	0	1500	2105	0	0
20	415	498	247	1210	3658	470.0	0	1500	2105	0	0
20	414	497	247	1208	3664	469.0	0	1500	2105	0	0
21	414	497	247	1209	3664	469.0	0	1500	2236	0	1
21	414	497	247	1209	3664	469.0	0	1500	2236	0	1
21	1359	608	470	2389	2663	174.0	0	1500	2236	0	1
21	1642	640	537	2741	2574	84.0	0	1500	2236	0	1
21	1650	643	539	2753	2573	84.0	0	1500	2236	0	1
21	1601	635	526	2688	2582	97.0	0	1500	2236	0	1
21	1603	638	528	2695	2585	100.0	0	1500	2236	0	1
21	1606	635	528	2694	2583	94.0	0	1500	2236	0	1
21	1603	638	528	2696	2587	100.0	0	1500	2236	0	1
21	1601	635	526	2687	2582	97.0	0	1500	2236	0	1
21	1603	638	528	2696	2587	100.0	0	1500	2236	0	1
21	1601	635	526	2688	2582	97.0	0	1500	2236	0	1
21	1604	638	528	2696	2584	99.0	0	1500	2236	0	1
21	1601	635	526	2688	2582	97.0	0	1500	2236	0	1
21	1603	638	528	2695	2585	100.0	0	1500	2236	0	1
21	1601	635	526	2688	2582	97.0	0	1500	2236	0	1
21	1621	640	532	2718	2581	94.0	0	1500	2236	0	1
21	1648	641	538	2748	2572	82.0	0	1500	2236	0	1
21	1651	643	539	2753	2571	84.0	0	1500	2236	0	1
21	1649	641	538	2749	2571	82.0	0	1500	2236	0	1
21	1648	642	538	2750	2572	84.0	0	1500	2236	0	1
21	1649	641	538	2750	2571	82.0	0	1500	2236	0	1
21	1650	642	538	2751	2571	83.0	0	1500	2236	0	1
21	1643	640	536	2741	2571	84.0	0	1500	2236	0	1
21	1648	642	538	2750	2572	84.0	0	1500	2236	0	1
21	1648	640	538	2747	2572	81.0	0	1500	2236	0	1
21	1650	643	539	2753	2573	84.0	0	1500	2236	0	1
21	1606	635	528	2694	2583	94.0	0	1500	2236	0	0
21	1603	638	528	2695	2585	100.0	0	1500	2236	0	0
21	413	495	246	1204	3660	467.0	0	1500	2236	0	0
21	416	499	247	1213	3653	471.0	0	1500	2236	0	0
21	413	495	246	1204	3660	467.0	0	1500	2236	0	0
21	416	499	247	1212	3653	471.0	0	1500	2236	0	0
21	413	495	246	1204	3660	467.0	0	1500	2236	0	0
22	415	499	247	1212	3658	472.0	0	1500	2368	0	1
22	413	496	246	1205	3660	468.0	0	1500	2368	0	1
22	415	498	247	1211	3658	470.0	0	1500	2368	0	1
22	1282	601	458	2300	2713	197.0	0	1500	2368	0	1
22	1655	648	549	2773	2593	83.0	0	1500	2368	0	1
22	1655	647	549	2771	2591	82.0	0	1500	2368	0	1
22	1606	640	537	2709	2605	95.0	0	1500	2368	0	1
22	1606	641	537	2709	2605	97.0	0	1500	2368	0	1
22	1606	641	537	2709	2605	97.0	0	1500	2368	0	1
22	1606	640	537	2708	2605	95.0	0	1500	2368	0	1
22	1606	641	537	2710	2605	97.0	0	1500	2368	0	1
22	1605	639	536	2706	2603	95.0	0	1500	2368	0	1
22	1607	641	537	2711	2604	96.0	0	1500	2368	0	1
22	1605	639	536	2705	2603	95.0	0	1500	2368	0	1
22	1612	642	539	2719	2605	95.0	0	1500	2368	0	1
22	1604	639	536	2704	2604	95.0	0	1500	2368	0	1
22	1607	642	538	2712	2606	97.0	0	1500	2368	0	1
22	1652	644	547	2763	2589	79.0	0	1500	2368	0	1
22	1649	647	548	2765	2595	84.0	0	1500	2368	0	1
22	1650	644	547	2762	2592	80.0	0	1500	2368	0	1
22	1653	647	549	2770	2594	82.0	0	1500	2368	0	1
22	1652	644	547	2763	2589	79.0	0	1500	2368	0	1
22	1649	646	548	2764	2595	83.0	0	1500	2368	0	1
22	1651	644	549	2763	2594	78.0	0	1500	2368	0	1
22	1652	645	548	2764	2591	80.0	0	1500	2368	0	1
22	1654	646	549	2769	2592	80.0	0	1500	2368	0	1
22	1652	645	548	2765	2591	80.0	0	1500	2368	0	1
22	1651	646	548	2766	2594	82.0	0	1500	2368	0	1
22	1605	640	537	2707	2605	96.0	0	1500	2368	0	0
22	413	496	246	1205	3660	468.0	0	1500	2368	0	0
22	413	496	246	1207	3660	468.0	0	1500	2368	0	0
22	413	495	246	1204	3660	467.0	0	1500	2368	0	0
22	414	497	247	1208	3664	469.0	0	1500	2368	0	0
22	412	495	246	1203	3665	467.0	0	1500	2368	0	0
23	414	497	247	1208	3664	469.0	0	1500	2500	0	1
23	412	495	245	1202	3656	468.0	0	1500	2500	0	1
23	414	498	247	1209	3664	470.0	0	1500	2500	0	1
23	1445	624	507	2518	2677	144.0	0	1500	2500	0	1
23	1644	651	557	2775	2622	86.0	0	1500	2500	0	1
23	1599	643	545	2713	2630	96.0	0	1500	2500	0	1
23	1602	646	547	2721	2632	99.0	0	1500	2500	0	1
23	1599	643	545	2713	2630	96.0	0	1500	2500	0	1
23	1599	643	545	2713	2630	96.0	0	1500	2500	0	1
23	1601	646	547	2721	2635	99.0	0	1500	2500	0	1
23	1599	643	545	2713	2630	96.0	0	1500	2500	0	1
23	1606	646	547	2725	2629	97.0	0	1500	2500	0	1
23	1598	643	545	2713	2632	97.0	0	1500	2500	0	1
23	1600	645	546	2718	2633	98.0	0	1500	2500	0	1
23	1599	644	546	2714	2632	97.0	0	1500	2500	0	1
23	1600	645	546	2717	2631	98.0	0	1500	2500	0	1
23	1645	650	558	2774	2622	83.0	0	1500	2500	0	1
23	1645	650	558	2775	2622	83.0	0	1500	2500	0	1
23	1647	650	558	2777	2620	82.0	0	1500	2500	0	1
23	1647	650	558	2775	2619	82.0	0	1500	2500	0	1
23	1647	651	558	2777	2620	84.0	0	1500	2500	0	1
23	1644	649	557	2772	2620	82.0	0	1500	2500	0	1
23	1648	651	558	2779	2619	84.0	0	1500	2500	0	1
23	1646	649	557	2774	2619	82.0	0	1500	2500	0	1
23	1648	652	558	2779	2619	85.0	0	1500	2500	0	1
23	1644	649	557	2771	2620	82.0	0	1500	2500	0	1
23	1647	652	545	2780	2601	95.0	0	1500	2500	0	1
23	1601	646	547	2721	2635	99.0	0	1500	2500	0	1
