Stim	R	G	B	C	Temp	HueLux	Yellow	Red	Blue	Blue2	Trig
1	419	510	420	1377	5210	361.0	0	0	0	1200	1
1	484	873	2345	3792	19850	0.0	0	0	0	1200	1
1	523	1082	3446	5176	26494	0.0	0	0	0	1200	1
1	523	1082	3444	5173	26480	0.0	0	0	0	1200	1
1	523	1082	3447	5177	26502	0.0	0	0	0	1200	1
1	524	1084	3448	5180	26461	0.0	0	0	0	1200	1
1	523	1082	3447	5176	26502	0.0	0	0	0	1200	1
1	525	1084	3448	5182	26413	0.0	0	0	0	1200	1
1	523	1081	3444	5172	26480	0.0	0	0	0	1200	1
1	525	1085	3448	5182	26413	0.0	0	0	0	1200	1
1	523	1082	3446	5175	26494	0.0	0	0	0	1200	1
1	525	1085	3449	5184	26420	0.0	0	0	0	1200	1
1	523	1082	3446	5174	26494	0.0	0	0	0	1200	1
1	525	1085	3448	5182	26413	0.0	0	0	0	1200	1
1	525	1085	3448	5183	26413	0.0	0	0	0	1200	1
1	523	1082	3446	5175	26494	0.0	0	0	0	1200	1
1	525	1084	3448	5182	26413	0.0	0	0	0	1200	1
1	523	1082	3446	5174	26494	0.0	0	0	0	1200	1
1	524	1083	3445	5177	26439	0.0	0	0	0	1200	1
1	524	1083	3446	5177	26446	0.0	0	0	0	1200	1
1	524	1083	3447	5179	26454	0.0	0	0	0	1200	1
1	524	1083	3447	5178	26454	0.0	0	0	0	1200	1
1	524	1083	3447	5177	26454	0.0	0	0	0	1200	1
1	524	1083	3445	5176	26439	0.0	0	0	0	1200	1
1	522	1081	3444	5171	26528	0.0	0	0	0	1200	1
1	524	1083	3447	5179	26454	0.0	0	0	0	1200	1
1	522	1081	3445	5172	26535	0.0	0	0	0	1200	1
1	524	1083	3447	5179	26454	0.0	0	0	0	1200	0
1	522	1080	3444	5170	26528	0.0	0	0	0	1200	0
1	431	570	729	1768	7835	226.0	0	0	0	1200	0
1	418	508	419	1373	5210	359.0	0	0	0	1200	0
1	421	512	421	1383	5201	363.0	0	0	0	1200	0
1	421	512	421	1383	5201	363.0	0	0	0	1200	0
1	418	509	419	1374	5210	361.0	0	0	0	1200	0
2	420	512	421	1382	5210	363.0	0	0	0	1200	1
2	492	915	2564	4067	21246	0.0	0	0	0	1200	1
2	524	1083	3447	5178	26454	0.0	0	0	0	1200	1
2	523	1082	3446	5175	26494	0.0	0	0	0	1200	1
2	523	1083	3446	5177	26494	0.0	0	0	0	1200	1
2	523	1082	3444	5173	26480	0.0	0	0	0	1200	1
2	523	1082	3445	5173	26487	0.0	0	0	0	1200	1
2	524	1083	3446	5177	26446	0.0	0	0	0	1200	1
2	522	1081	3445	5173	26535	0.0	0	0	0	1200	1
2	524	1083	3447	5178	26454	0.0	0	0	0	1200	1
2	522	1080	3442	5168	26513	0.0	0	0	0	1200	1
2	524	1083	3445	5177	26439	0.0	0	0	0	1200	1
2	522	1080	3444	5170	26528	0.0	0	0	0	1200	1
2	525	1084	3447	5180	26406	0.0	0	0	0	1200	1
2	522	1080	3444	5171	26528	0.0	0	0	0	1200	1
2	525	1084	3447	5181	26406	0.0	0	0	0	1200	1
2	522	1080	3442	5168	26513	0.0	0	0	0	1200	1
2	522	1081	3444	5172	26528	0.0	0	0	0	1200	1
2	524	1083	3447	5178	26454	0.0	0	0	0	1200	1
2	522	1081	3445	5173	26535	0.0	0	0	0	1200	1
2	524	1083	3445	5176	26439	0.0	0	0	0	1200	1
2	523	1081	3443	5172	26472	0.0	0	0	0	1200	1
2	523	1082	3445	5175	26487	0.0	0	0	0	1200	1
2	523	1082	3446	5176	26494	0.0	0	0	0	1200	1
2	523	1081	3445	5173	26487	0.0	0	0	0	1200	1
2	524	1083	3446	5177	26446	0.0	0	0	0	1200	1
2	522	1081	3444	5170	26528	0.0	0	0	0	1200	1
2	524	1083	3444	5175	26432	0.0	0	0	0	1200	0
2	522	1080	3444	5170	26528	0.0	0	0	0	1200	0
2	427	550	626	1639	6976	271.0	0	0	0	1200	0
2	417	508	418	1372	5210	360.0	0	0	0	1200	0
2	420	512	421	1382	5210	363.0	0	0	0	1200	0
2	417	508	418	1373	5210	360.0	0	0	0	1200	0
2	420	512	421	1382	5210	363.0	0	0	0	1200	0
3	418	509	419	1374	5210	361.0	0	0	0	1200	1
3	495	933	2662	1382	1468	0.0	0	0	0	1200	1
3	524	1083	3446	5178	26446	0.0	0	0	0	1200	1
3	523	1081	3443	5171	26472	0.0	0	0	0	1200	1
3	523	1082	3445	5174	26487	0.0	0	0	0	1200	1
3	523	1082	3446	5175	26494	0.0	0	0	0	1200	1
3	523	1082	3445	5174	26487	0.0	0	0	0	1200	1
3	523	1082	3446	5176	26494	0.0	0	0	0	1200	1
3	522	1081	3443	5170	26520	0.0	0	0	0	1200	1
3	524	1082	3444	5174	26432	0.0	0	0	0	1200	1
3	522	1081	3444	5170	26528	0.0	0	0	0	1200	1
3	524	1083	3446	5178	26446	0.0	0	0	0	1200	1
3	521	1080	3444	5169	26576	0.0	0	0	0	1200	1
3	524	1083	3446	5178	26446	0.0	0	0	0	1200	1
3	521	1080	3441	5166	26554	0.0	0	0	0	1200	1
3	525	1084	3446	5179	26399	0.0	0	0	0	1200	1
3	522	1080	3444	5170	26528	0.0	0	0	0	1200	1
3	524	1083	3446	5179	26446	0.0	0	0	0	1200	1
3	522	1080	3444	5170	26528	0.0	0	0	0	1200	1
3	524	1083	3443	5174	26425	0.0	0	0	0	1200	1
3	524	1083	3446	5177	26446	0.0	0	0	0	1200	1
3	523	1081	3444	5173	26480	0.0	0	0	0	1200	1
3	523	1082	3445	5175	26487	0.0	0	0	0	1200	1
3	523	1082	3443	5173	26472	0.0	0	0	0	1200	1
3	522	1081	3442	5170	26513	0.0	0	0	0	1200	1
3	524	1082	3445	5176	26439	0.0	0	0	0	1200	1
3	522	1081	3444	5171	26528	0.0	0	0	0	1200	1
3	524	1083	3446	5177	26446	0.0	0	0	0	1200	0
3	522	1080	3444	5170	26528	0.0	0	0	0	1200	0
3	420	512	421	1382	5210	363.0	0	0	0	1200	0
3	418	509	419	1373	5210	361.0	0	0	0	1200	0
3	421	512	421	1383	5201	363.0	0	0	0	1200	0
3	418	509	419	1373	5210	361.0	0	0	0	1200	0
3	421	512	421	1383	5201	363.0	0	0	0	1200	0
4	418	509	419	1374	5210	361.0	0	0	0	1200	1
4	420	512	421	1382	5210	363.0	0	0	0	1200	1
4	442	638	1100	2229	10872	58.0	0	0	0	1200	1
4	473	801	1956	3308	17146	0.0	0	0	0	1200	1
4	471	802	1962	3311	17261	0.0	0	0	0	1200	1
4	472	801	1961	3311	17220	0.0	0	0	0	1200	1
4	472	800	1953	3302	17155	0.0	0	0	0	1200	1
4	472	802	1962	3314	17228	0.0	0	0	0	1200	1
4	470	790	1901	3236	16801	0.0	0	0	0	1200	1
4	471	791	1903	3241	16784	0.0	0	0	0	1200	1
4	469	790	1908	3243	16890	0.0	0	0	0	1200	1
4	471	792	1903	3242	16784	0.0	0	0	0	1200	1
4	469	789	1901	3233	16834	0.0	0	0	0	1200	1
4	471	792	1903	3243	16784	0.0	0	0	0	1200	1
4	468	788	1901	3233	16867	0.0	0	0	0	1200	1
4	471	792	1903	3243	16784	0.0	0	0	0	1200	1
4	469	788	1901	3233	16834	0.0	0	0	0	1200	1
4	471	792	1903	3243	16784	0.0	0	0	0	1200	1
4	469	789	1901	3234	16834	0.0	0	0	0	1200	1
4	473	802	1956	3308	17146	0.0	0	0	0	1200	1
4	471	800	1961	3310	17253	0.0	0	0	0	1200	1
4	473	803	1962	3315	17194	0.0	0	0	0	1200	1
4	472	801	1961	3311	17220	0.0	0	0	0	1200	1
4	472	801	1959	3310	17204	0.0	0	0	0	1200	1
4	472	801	1961	3312	17220	0.0	0	0	0	1200	1
4	473	802	1962	3314	17194	0.0	0	0	0	1200	1
4	471	799	1954	3302	17197	0.0	0	0	0	1200	1
4	473	803	1962	3316	17194	0.0	0	0	0	1200	0
4	471	800	1960	3308	17245	0.0	0	0	0	1200	0
4	422	523	482	1458	5742	335.0	0	0	0	1200	0
4	418	508	418	1373	5201	360.0	0	0	0	1200	0
4	420	512	421	1382	5210	363.0	0	0	0	1200	0
4	417	508	418	1373	5210	360.0	0	0	0	1200	0
4	420	512	421	1383	5210	363.0	0	0	0	1200	0
5	418	509	419	1374	5210	361.0	0	0	131	1200	1
5	420	512	421	1382	5210	363.0	0	0	131	1200	1
5	419	512	435	1395	5346	353.0	0	0	131	1200	1
5	472	797	1931	3277	16978	0.0	0	0	131	1200	1
5	470	795	1930	3271	17036	0.0	0	0	131	1200	1
5	471	796	1931	3275	17011	0.0	0	0	131	1200	1
5	471	796	1930	3273	17003	0.0	0	0	131	1200	1
5	473	807	1987	3345	17396	0.0	0	0	131	1200	1
5	472	806	1988	3345	17438	0.0	0	0	131	1200	1
5	474	808	1990	3350	17386	0.0	0	0	131	1200	1
5	472	806	1988	3343	17438	0.0	0	0	131	1200	1
5	474	808	1990	3350	17386	0.0	0	0	131	1200	1
5	471	804	1981	3334	17415	0.0	0	0	131	1200	1
5	474	808	1988	3349	17370	0.0	0	0	131	1200	1
5	471	805	1986	3340	17456	0.0	0	0	131	1200	1
5	474	808	1990	3351	17386	0.0	0	0	131	1200	1
5	471	804	1981	3334	17415	0.0	0	0	131	1200	1
5	474	806	1977	3335	17282	0.0	0	0	131	1200	1
5	470	794	1929	3270	17028	0.0	0	0	131	1200	1
5	472	797	1931	3277	16978	0.0	0	0	131	1200	1
5	470	796	1936	3279	17084	0.0	0	0	131	1200	1
5	472	797	1931	3276	16978	0.0	0	0	131	1200	1
5	471	796	1930	3273	17003	0.0	0	0	131	1200	1
5	471	796	1931	3274	17011	0.0	0	0	131	1200	1
5	471	796	1931	3274	17011	0.0	0	0	131	1200	1
5	470	795	1930	3272	17036	0.0	0	0	131	1200	1
5	470	794	1929	3269	17028	0.0	0	0	131	1200	1
5	472	797	1931	3276	16978	0.0	0	0	131	1200	0
5	471	805	1987	3342	17464	0.0	0	0	131	1200	0
5	420	512	421	1382	5210	363.0	0	0	131	1200	0
5	418	508	418	1373	5201	360.0	0	0	131	1200	0
5	420	512	421	1382	5210	363.0	0	0	131	1200	0
5	418	508	418	1373	5201	360.0	0	0	131	1200	0
5	420	512	421	1382	5210	363.0	0	0	131	1200	0
6	418	509	419	1374	5210	361.0	0	0	263	1200	1
6	420	511	421	1381	5210	362.0	0	0	263	1200	1
6	422	532	540	1527	6266	307.0	0	0	263	1200	1
6	477	827	2089	3473	18076	0.0	0	0	263	1200	1
6	476	826	2090	3473	18119	0.0	0	0	263	1200	1
6	476	826	2091	3475	18127	0.0	0	0	263	1200	1
6	477	833	2125	3517	18364	0.0	0	0	263	1200	1
6	478	836	2143	3538	18472	0.0	0	0	263	1200	1
6	479	837	2144	3542	18444	0.0	0	0	263	1200	1
6	477	835	2142	3537	18500	0.0	0	0	263	1200	1
6	479	837	2144	3543	18444	0.0	0	0	263	1200	1
6	479	838	2144	3544	18444	0.0	0	0	263	1200	1
6	476	834	2142	3535	18536	0.0	0	0	263	1200	1
6	479	838	2144	3544	18444	0.0	0	0	263	1200	1
6	476	833	2136	3528	18487	0.0	0	0	263	1200	1
6	479	838	2143	3543	18436	0.0	0	0	263	1200	1
6	477	834	2139	3533	18476	0.0	0	0	263	1200	1
6	477	828	2092	3478	18100	0.0	0	0	263	1200	1
6	475	825	2089	3471	18146	0.0	0	0	263	1200	1
6	477	827	2091	3477	18092	0.0	0	0	263	1200	1
6	476	825	2090	3472	18119	0.0	0	0	263	1200	1
6	477	827	2091	3475	18092	0.0	0	0	263	1200	1
6	476	827	2096	3481	18167	0.0	0	0	263	1200	1
6	476	826	2090	3474	18119	0.0	0	0	263	1200	1
6	477	827	2091	3475	18092	0.0	0	0	263	1200	1
6	475	825	2090	3472	18155	0.0	0	0	263	1200	1
6	477	827	2091	3477	18092	0.0	0	0	263	1200	1
6	475	825	2089	3470	18146	0.0	0	0	263	1200	0
6	479	837	2142	3541	18428	0.0	0	0	263	1200	0
6	420	512	421	1382	5210	363.0	0	0	263	1200	0
6	418	508	418	1373	5201	360.0	0	0	263	1200	0
6	420	512	421	1382	5210	363.0	0	0	263	1200	0
6	418	509	419	1373	5210	361.0	0	0	263	1200	0
6	420	512	421	1382	5210	363.0	0	0	263	1200	0
7	418	509	419	1374	5210	361.0	0	0	394	1200	1
7	420	511	421	1381	5210	362.0	0	0	394	1200	1
7	450	685	1351	2545	12829	0.0	0	0	394	1200	1
7	484	868	2308	3749	19559	0.0	0	0	394	1200	1
7	483	867	2310	3749	19612	0.0	0	0	394	1200	1
7	484	867	2306	3745	19543	0.0	0	0	394	1200	1
7	484	868	2311	3751	19582	0.0	0	0	394	1200	1
7	482	859	2265	3692	19294	0.0	0	0	394	1200	1
7	483	860	2266	3695	19265	0.0	0	0	394	1200	1
7	481	858	2263	3688	19316	0.0	0	0	394	1200	1
7	483	860	2266	3696	19265	0.0	0	0	394	1200	1
7	481	858	2264	3689	19324	0.0	0	0	394	1200	1
7	483	861	2266	3697	19265	0.0	0	0	394	1200	1
7	481	858	2269	3695	19363	0.0	0	0	394	1200	1
7	481	857	2264	3688	19324	0.0	0	0	394	1200	1
7	484	861	2267	3698	19236	0.0	0	0	394	1200	1
7	481	858	2264	3690	19324	0.0	0	0	394	1200	1
7	485	866	2296	3735	19427	0.0	0	0	394	1200	1
7	483	866	2308	3745	19596	0.0	0	0	394	1200	1
7	485	869	2312	3755	19553	0.0	0	0	394	1200	1
7	484	867	2305	3743	19535	0.0	0	0	394	1200	1
7	485	869	2311	3753	19545	0.0	0	0	394	1200	1
7	485	868	2310	3752	19537	0.0	0	0	394	1200	1
7	484	868	2307	3748	19551	0.0	0	0	394	1200	1
7	485	869	2309	3751	19529	0.0	0	0	394	1200	1
7	484	868	2310	3749	19575	0.0	0	0	394	1200	1
7	485	870	2311	3755	19545	0.0	0	0	394	1200	1
7	483	867	2309	3747	19604	0.0	0	0	394	1200	1
7	486	870	2311	3755	19508	0.0	0	0	394	1200	0
7	481	853	2237	3656	19110	0.0	0	0	394	1200	0
7	421	513	422	1385	5210	364.0	0	0	394	1200	0
7	419	509	419	1375	5201	360.0	0	0	394	1200	0
7	419	509	419	1385	5201	360.0	0	0	394	1200	0
7	421	513	422	1384	5210	364.0	0	0	394	1200	0
8	419	510	419	1376	5201	362.0	0	0	526	1200	1
8	421	512	421	1383	5201	363.0	0	0	526	1200	1
8	433	587	827	1889	8667	180.0	0	0	526	1200	1
8	490	895	2452	3930	20456	0.0	0	0	526	1200	1
8	489	895	2452	3928	20495	0.0	0	0	526	1200	1
8	490	902	2488	3974	20736	0.0	0	0	526	1200	1
8	491	901	2484	3970	20666	0.0	0	0	526	1200	1
8	490	901	2489	3974	20744	0.0	0	0	526	1200	1
8	491	903	2491	3979	20720	0.0	0	0	526	1200	1
8	490	901	2489	3973	20744	0.0	0	0	526	1200	1
8	492	903	2491	3980	20681	0.0	0	0	526	1200	1
8	489	900	2486	3968	20760	0.0	0	0	526	1200	1
8	492	904	2491	3981	20681	0.0	0	0	526	1200	1
8	489	900	2488	3971	20776	0.0	0	0	526	1200	1
8	492	904	2491	3981	20681	0.0	0	0	526	1200	1
8	489	900	2488	3972	20776	0.0	0	0	526	1200	1
8	492	903	2490	3980	20673	0.0	0	0	526	1200	1
8	490	896	2453	3932	20464	0.0	0	0	526	1200	1
8	488	894	2451	3925	20526	0.0	0	0	526	1200	1
8	490	895	2452	3930	20456	0.0	0	0	526	1200	1
8	489	894	2451	3927	20487	0.0	0	0	526	1200	1
8	489	895	2451	3929	20487	0.0	0	0	526	1200	1
8	490	896	2455	3934	20479	0.0	0	0	526	1200	1
8	489	894	2451	3927	20487	0.0	0	0	526	1200	1
8	490	896	2452	3930	20456	0.0	0	0	526	1200	1
8	488	894	2450	3925	20519	0.0	0	0	526	1200	1
8	490	897	2457	3937	20495	0.0	0	0	526	1200	1
8	489	900	2488	3971	20776	0.0	0	0	526	1200	1
8	492	903	2489	3978	20665	0.0	0	0	526	1200	0
8	482	860	2277	3706	19389	0.0	0	0	526	1200	0
8	421	513	422	1385	5210	364.0	0	0	526	1200	0
8	418	509	419	1375	5210	361.0	0	0	526	1200	0
8	421	513	422	1385	5210	364.0	0	0	526	1200	0
8	419	509	419	1376	5201	360.0	0	0	526	1200	0
8	421	512	422	1384	5210	362.0	0	0	526	1200	0
9	419	512	421	1377	5219	363.0	0	0	657	1200	1
9	440	624	1022	2134	10240	94.0	0	0	657	1200	1
9	496	932	2645	4172	21708	0.0	0	0	657	1200	1
9	497	935	2662	4193	21797	0.0	0	0	657	1200	1
9	497	937	2673	4206	21882	0.0	0	0	657	1200	1
9	498	938	2676	4211	21864	0.0	0	0	657	1200	1
9	496	936	2675	4207	21938	0.0	0	0	657	1200	1
9	498	938	2673	4208	21841	0.0	0	0	657	1200	1
9	496	936	2674	4205	21931	0.0	0	0	657	1200	1
9	498	939	2677	4214	21871	0.0	0	0	657	1200	1
9	496	935	2672	4202	21915	0.0	0	0	657	1200	1
9	499	939	2676	4214	21822	0.0	0	0	657	1200	1
9	496	935	2674	4205	21931	0.0	0	0	657	1200	1
9	499	939	2677	4214	21830	0.0	0	0	657	1200	1
9	496	936	2674	4205	21931	0.0	0	0	657	1200	1
9	497	933	2649	4179	21698	0.0	0	0	657	1200	1
9	495	930	2642	4165	21726	0.0	0	0	657	1200	1
9	497	932	2645	4173	21667	0.0	0	0	657	1200	1
9	495	930	2644	4168	21741	0.0	0	0	657	1200	1
9	496	931	2644	4170	21700	0.0	0	0	657	1200	1
9	496	931	2644	4170	21700	0.0	0	0	657	1200	1
9	496	931	2643	4170	21693	0.0	0	0	657	1200	1
9	495	930	2644	4168	21741	0.0	0	0	657	1200	1
9	497	933	2649	4177	21698	0.0	0	0	657	1200	1
9	495	930	2643	4166	21734	0.0	0	0	657	1200	1
9	498	937	2670	4205	21818	0.0	0	0	657	1200	1
9	496	935	2671	4201	21908	0.0	0	0	657	1200	1
9	499	938	2673	4209	21800	0.0	0	0	657	1200	0
9	481	854	2244	3666	19165	0.0	0	0	657	1200	0
9	421	513	422	1385	5210	364.0	0	0	657	1200	0
9	419	509	419	1376	5201	360.0	0	0	657	1200	0
9	421	513	422	1385	5210	364.0	0	0	657	1200	0
9	419	510	419	1376	5201	362.0	0	0	657	1200	0
9	421	512	422	1384	5210	362.0	0	0	657	1200	0
10	419	510	420	1378	5210	361.0	0	0	789	1200	1
10	420	512	421	1382	5210	363.0	0	0	789	1200	1
10	460	732	1594	2852	14593	0.0	0	0	789	1200	1
10	503	972	2862	4440	23069	0.0	0	0	789	1200	1
10	502	967	2837	4411	22922	0.0	0	0	789	1200	1
10	503	969	2841	4418	22910	0.0	0	0	789	1200	1
10	501	966	2837	4409	22965	0.0	0	0	789	1200	1
10	503	968	2836	4413	22872	0.0	0	0	789	1200	1
10	501	966	2836	4408	22958	0.0	0	0	789	1200	1
10	504	969	2839	4417	22852	0.0	0	0	789	1200	1
10	501	966	2836	4408	22958	0.0	0	0	789	1200	1
10	504	969	2839	4417	22852	0.0	0	0	789	1200	1
10	501	965	2834	4405	22942	0.0	0	0	789	1200	1
10	504	969	2839	4418	22852	0.0	0	0	789	1200	1
10	502	967	2839	4412	22937	0.0	0	0	789	1200	1
10	504	971	2847	4426	22912	0.0	0	0	789	1200	1
10	502	970	2857	4436	23074	0.0	0	0	789	1200	1
10	504	973	2860	4443	23011	0.0	0	0	789	1200	1
10	503	971	2861	4441	23061	0.0	0	0	789	1200	1
10	504	972	2861	4443	23018	0.0	0	0	789	1200	1
10	503	972	2861	4442	23061	0.0	0	0	789	1200	1
10	503	971	2858	4437	23039	0.0	0	0	789	1200	1
10	502	971	2860	4439	23097	0.0	0	0	789	1200	1
10	504	973	2862	4444	23026	0.0	0	0	789	1200	1
10	502	970	2859	4437	23089	0.0	0	0	789	1200	1
10	504	973	2860	4443	23011	0.0	0	0	789	1200	1
10	501	965	2834	4404	22942	0.0	0	0	789	1200	1
10	504	969	2839	4417	22852	0.0	0	0	789	1200	0
10	494	925	2623	4140	21621	0.0	0	0	789	1200	0
10	421	512	422	1384	5210	362.0	0	0	789	1200	0
10	418	509	419	1375	5210	361.0	0	0	789	1200	0
10	421	512	422	1383	5210	362.0	0	0	789	1200	0
10	419	509	419	1375	5201	360.0	0	0	789	1200	0
10	420	511	421	1382	5210	362.0	0	0	789	1200	0
11	419	509	419	1376	5201	360.0	0	0	921	1200	1
11	420	511	421	1380	5210	362.0	0	0	921	1200	1
11	454	702	1436	2654	13442	0.0	0	0	921	1200	1
11	509	1005	3038	4664	24131	0.0	0	0	921	1200	1
11	510	1007	3047	4676	24153	0.0	0	0	921	1200	1
11	509	1006	3046	4673	24191	0.0	0	0	921	1200	1
11	510	1008	3043	4677	24124	0.0	0	0	921	1200	1
11	511	1008	3044	4674	24086	0.0	0	0	921	1200	1
11	508	1005	3045	4670	24228	0.0	0	0	921	1200	1
11	511	1008	3048	4679	24116	0.0	0	0	921	1200	1
11	508	1005	3045	4669	24228	0.0	0	0	921	1200	1
11	511	1008	3045	4675	24094	0.0	0	0	921	1200	1
11	508	1005	3042	4666	24206	0.0	0	0	921	1200	1
11	511	1009	3048	4679	24116	0.0	0	0	921	1200	1
11	508	1002	3029	4651	24108	0.0	0	0	921	1200	1
11	510	1006	3033	4661	24049	0.0	0	0	921	1200	1
11	508	1003	3030	4652	24116	0.0	0	0	921	1200	1
11	510	1004	3029	4654	24019	0.0	0	0	921	1200	1
11	509	1003	3030	4653	24071	0.0	0	0	921	1200	1
11	509	1004	3030	4654	24071	0.0	0	0	921	1200	1
11	509	1004	3030	4654	24071	0.0	0	0	921	1200	1
11	509	1003	3030	4653	24071	0.0	0	0	921	1200	1
11	509	1004	3028	4652	24056	0.0	0	0	921	1200	1
11	508	1003	3029	4651	24108	0.0	0	0	921	1200	1
11	510	1005	3031	4657	24034	0.0	0	0	921	1200	1
11	511	1008	3047	4678	24109	0.0	0	0	921	1200	1
11	508	1004	3042	4665	24206	0.0	0	0	921	1200	1
11	511	1009	3048	4679	24116	0.0	0	0	921	1200	0
11	493	921	2602	4114	21499	0.0	0	0	921	1200	0
11	421	512	422	1384	5210	362.0	0	0	921	1200	0
11	419	509	419	1375	5201	360.0	0	0	921	1200	0
11	421	513	422	1385	5210	364.0	0	0	921	1200	0
11	419	510	420	1377	5210	361.0	0	0	921	1200	0
11	421	512	421	1383	5201	363.0	0	0	921	1200	0
12	419	510	420	1378	5210	361.0	0	0	1052	1200	1
12	421	512	421	1382	5201	363.0	0	0	1052	1200	1
12	463	750	1686	2968	15264	0.0	0	0	1052	1200	1
12	517	1042	3232	4908	25209	0.0	0	0	1052	1200	1
12	517	1043	3232	4909	25209	0.0	0	0	1052	1200	1
12	516	1041	3231	4906	25247	0.0	0	0	1052	1200	1
12	517	1042	3229	4905	25186	0.0	0	0	1052	1200	1
12	515	1041	3229	4902	25279	0.0	0	0	1052	1200	1
12	517	1043	3232	4910	25209	0.0	0	0	1052	1200	1
12	515	1040	3230	4902	25286	0.0	0	0	1052	1200	1
12	515	1039	3226	4897	25257	0.0	0	0	1052	1200	1
12	518	1044	3233	4911	25170	0.0	0	0	1052	1200	1
12	515	1040	3230	4902	25286	0.0	0	0	1052	1200	1
12	518	1042	3224	4901	25104	0.0	0	0	1052	1200	1
12	515	1038	3218	4888	25197	0.0	0	0	1052	1200	1
12	518	1042	3224	4901	25104	0.0	0	0	1052	1200	1
12	515	1039	3222	4894	25227	0.0	0	0	1052	1200	1
12	517	1042	3225	4901	25157	0.0	0	0	1052	1200	1
12	516	1040	3222	4894	25181	0.0	0	0	1052	1200	1
12	517	1041	3221	4896	25127	0.0	0	0	1052	1200	1
12	516	1040	3223	4897	25188	0.0	0	0	1052	1200	1
12	517	1041	3223	4897	25142	0.0	0	0	1052	1200	1
12	517	1041	3223	4898	25142	0.0	0	0	1052	1200	1
12	516	1039	3219	4891	25159	0.0	0	0	1052	1200	1
12	517	1042	3224	4900	25150	0.0	0	0	1052	1200	1
12	516	1041	3230	4904	25240	0.0	0	0	1052	1200	1
12	518	1043	3232	4910	25163	0.0	0	0	1052	1200	1
12	515	1040	3227	4899	25264	0.0	0	0	1052	1200	0
12	492	916	2575	4080	21331	0.0	0	0	1052	1200	0
12	421	512	422	1384	5210	362.0	0	0	1052	1200	0
12	418	509	419	1374	5210	361.0	0	0	1052	1200	0
12	421	512	421	1383	5201	363.0	0	0	1052	1200	0
12	418	509	419	1374	5210	361.0	0	0	1052	1200	0
12	421	512	421	1383	5201	363.0	0	0	1052	1200	0
13	418	509	419	1375	5210	361.0	0	0	1184	1200	1
13	420	512	421	1382	5210	363.0	0	0	1184	1200	1
13	466	771	1806	3116	16156	0.0	0	0	1184	1200	1
13	523	1077	3417	5140	26283	0.0	0	0	1184	1200	1
13	522	1076	3416	5137	26323	0.0	0	0	1184	1200	1
13	522	1076	3414	5136	26309	0.0	0	0	1184	1200	1
13	522	1076	3414	5135	26309	0.0	0	0	1184	1200	1
13	522	1076	3415	5136	26316	0.0	0	0	1184	1200	1
13	523	1077	3417	5140	26283	0.0	0	0	1184	1200	1
13	521	1075	3415	5134	26364	0.0	0	0	1184	1200	1
13	523	1077	3414	5137	26261	0.0	0	0	1184	1200	1
13	521	1075	3413	5131	26349	0.0	0	0	1184	1200	1
13	524	1078	3417	5141	26235	0.0	0	0	1184	1200	1
13	524	1078	3417	5142	26235	0.0	0	0	1184	1200	1
13	521	1074	3411	5129	26335	0.0	0	0	1184	1200	1
13	524	1078	3417	5142	26235	0.0	0	0	1184	1200	1
13	521	1075	3415	5134	26364	0.0	0	0	1184	1200	1
13	524	1078	3418	5143	26243	0.0	0	0	1184	1200	1
13	521	1075	3415	5135	26364	0.0	0	0	1184	1200	1
13	523	1077	3414	5138	26261	0.0	0	0	1184	1200	1
13	522	1076	3416	5136	26323	0.0	0	0	1184	1200	1
13	523	1077	3417	5141	26283	0.0	0	0	1184	1200	1
13	522	1076	3416	5137	26323	0.0	0	0	1184	1200	1
13	522	1077	3416	5138	26323	0.0	0	0	1184	1200	1
13	522	1076	3413	5135	26301	0.0	0	0	1184	1200	1
13	522	1076	3415	5136	26316	0.0	0	0	1184	1200	1
13	523	1077	3415	5138	26268	0.0	0	0	1184	1200	1
13	521	1075	3414	5133	26357	0.0	0	0	1184	1200	0
13	523	1077	3413	5135	26254	0.0	0	0	1184	1200	0
13	502	970	2859	4436	23089	0.0	0	0	1184	1200	0
13	420	511	421	1381	5210	362.0	0	0	1184	1200	0
13	420	512	421	1382	5210	363.0	0	0	1184	1200	0
13	418	508	418	1373	5201	360.0	0	0	1184	1200	0
13	421	512	421	1382	5201	363.0	0	0	1184	1200	0
14	418	508	418	1373	5201	360.0	0	0	1315	1200	1
14	420	512	421	1382	5210	363.0	0	0	1315	1200	1
14	478	840	2175	3577	18727	0.0	0	0	1315	1200	1
14	529	1112	3601	5372	27326	0.0	0	0	1315	1200	1
14	527	1110	3600	5366	27417	0.0	0	0	1315	1200	1
14	529	1112	3602	5372	27333	0.0	0	0	1315	1200	1
14	528	1110	3599	5367	27361	0.0	0	0	1315	1200	1
14	529	1111	3598	5367	27304	0.0	0	0	1315	1200	1
14	529	1111	3601	5370	27326	0.0	0	0	1315	1200	1
14	528	1111	3601	5369	27375	0.0	0	0	1315	1200	1
14	529	1112	3601	5371	27326	0.0	0	0	1315	1200	1
14	528	1110	3597	5363	27346	0.0	0	0	1315	1200	1
14	529	1112	3602	5372	27333	0.0	0	0	1315	1200	1
14	528	1111	3606	5374	27411	0.0	0	0	1315	1200	1
14	530	1114	3608	5382	27327	0.0	0	0	1315	1200	1
14	527	1110	3603	5370	27439	0.0	0	0	1315	1200	1
14	527	1111	3606	5373	27460	0.0	0	0	1315	1200	1
14	530	1114	3608	5382	27327	0.0	0	0	1315	1200	1
14	527	1111	3606	5373	27460	0.0	0	0	1315	1200	1
14	530	1114	3605	5378	27306	0.0	0	0	1315	1200	1
14	527	1111	3606	5373	27460	0.0	0	0	1315	1200	1
14	530	1114	3608	5381	27327	0.0	0	0	1315	1200	1
14	528	1111	3606	5374	27411	0.0	0	0	1315	1200	1
14	530	1113	3605	5376	27306	0.0	0	0	1315	1200	1
14	528	1110	3598	5365	27353	0.0	0	0	1315	1200	1
14	529	1112	3602	5372	27333	0.0	0	0	1315	1200	1
14	529	1111	3600	5369	27319	0.0	0	0	1315	1200	1
14	529	1111	3600	5369	27319	0.0	0	0	1315	1200	1
14	529	1111	3598	5367	27304	0.0	0	0	1315	1200	0
14	506	987	2945	4545	23565	0.0	0	0	1315	1200	0
14	420	511	421	1381	5210	362.0	0	0	1315	1200	0
14	418	509	419	1375	5210	361.0	0	0	1315	1200	0
14	421	512	421	1382	5201	363.0	0	0	1315	1200	0
14	418	509	419	1374	5210	361.0	0	0	1315	1200	0
15	418	508	419	1373	5210	359.0	0	0	1447	1200	1
15	421	512	421	1383	5201	363.0	0	0	1447	1200	1
15	488	894	2458	3933	20581	0.0	0	0	1447	1200	1
15	537	1149	3789	5609	28273	0.0	0	0	1447	1200	1
15	534	1145	3784	5597	28389	0.0	0	0	1447	1200	1
15	536	1148	3789	5608	28324	0.0	0	0	1447	1200	1
15	534	1145	3787	5601	28410	0.0	0	0	1447	1200	1
15	536	1148	3788	5607	28316	0.0	0	0	1447	1200	1
15	535	1146	3786	5601	28352	0.0	0	0	1447	1200	1
15	535	1147	3785	5602	28345	0.0	0	0	1447	1200	1
15	535	1146	3787	5603	28360	0.0	0	0	1447	1200	1
15	535	1147	3787	5604	28360	0.0	0	0	1447	1200	1
15	536	1148	3792	5610	28345	0.0	0	0	1447	1200	1
15	535	1148	3799	5617	28445	0.0	0	0	1447	1200	1
15	536	1150	3800	5621	28402	0.0	0	0	1447	1200	1
15	535	1148	3800	5618	28452	0.0	0	0	1447	1200	1
15	537	1151	3802	5625	28366	0.0	0	0	1447	1200	1
15	534	1148	3800	5617	28503	0.0	0	0	1447	1200	1
15	537	1151	3803	5626	28373	0.0	0	0	1447	1200	1
15	537	1150	3799	5622	28344	0.0	0	0	1447	1200	1
15	534	1148	3800	5617	28503	0.0	0	0	1447	1200	1
15	537	1151	3803	5626	28373	0.0	0	0	1447	1200	1
15	534	1148	3800	5618	28503	0.0	0	0	1447	1200	1
15	537	1149	3790	5610	28280	0.0	0	0	1447	1200	1
15	534	1145	3784	5598	28389	0.0	0	0	1447	1200	1
15	536	1148	3787	5606	28309	0.0	0	0	1447	1200	1
15	535	1146	3786	5602	28352	0.0	0	0	1447	1200	1
15	536	1148	3789	5607	28324	0.0	0	0	1447	1200	1
15	535	1147	3787	5603	28360	0.0	0	0	1447	1200	0
15	505	982	2915	4510	23383	0.0	0	0	1447	1200	0
15	420	511	421	1380	5210	362.0	0	0	1447	1200	0
15	419	510	420	1377	5210	361.0	0	0	1447	1200	0
15	420	512	421	1382	5210	363.0	0	0	1447	1200	0
15	418	509	419	1375	5210	361.0	0	0	1447	1200	0
15	421	512	421	1383	5201	363.0	0	0	1447	1200	0
16	418	509	419	1374	5210	361.0	0	0	1578	1200	1
16	421	512	422	1383	5210	362.0	0	0	1578	1200	1
16	544	1188	3996	5869	29377	0.0	0	0	1578	1200	1
16	541	1184	3993	5859	29511	0.0	0	0	1578	1200	1
16	544	1187	3993	5865	29356	0.0	0	0	1578	1200	1
16	541	1184	3992	5859	29504	0.0	0	0	1578	1200	1
16	543	1187	3996	5868	29429	0.0	0	0	1578	1200	1
16	541	1185	3993	5860	29511	0.0	0	0	1578	1200	1
16	543	1187	3995	5867	29422	0.0	0	0	1578	1200	1
16	542	1184	3988	5855	29424	0.0	0	0	1578	1200	1
16	543	1186	3993	5863	29408	0.0	0	0	1578	1200	1
16	542	1186	3994	5863	29466	0.0	0	0	1578	1200	1
16	541	1182	3972	5836	29363	0.0	0	0	1578	1200	1
16	542	1182	3973	5838	29319	0.0	0	0	1578	1200	1
16	541	1180	3969	5831	29342	0.0	0	0	1578	1200	1
16	542	1183	3972	5838	29312	0.0	0	0	1578	1200	1
16	541	1181	3972	5834	29363	0.0	0	0	1578	1200	1
16	543	1184	3976	5843	29288	0.0	0	0	1578	1200	1
16	540	1180	3971	5833	29408	0.0	0	0	1578	1200	1
16	543	1183	3971	5837	29253	0.0	0	0	1578	1200	1
16	540	1180	3970	5831	29401	0.0	0	0	1578	1200	1
16	540	1180	3971	5832	29408	0.0	0	0	1578	1200	1
16	543	1184	3976	5844	29288	0.0	0	0	1578	1200	1
16	541	1184	3989	5855	29483	0.0	0	0	1578	1200	1
16	544	1188	3995	5868	29370	0.0	0	0	1578	1200	1
16	541	1185	3993	5861	29511	0.0	0	0	1578	1200	1
16	544	1187	3995	5867	29370	0.0	0	0	1578	1200	1
16	542	1185	3989	5857	29431	0.0	0	0	1578	1200	0
16	506	984	2922	4521	23392	0.0	0	0	1578	1200	0
16	419	510	420	1378	5210	361.0	0	0	1578	1200	0
16	420	511	421	1380	5210	362.0	0	0	1578	1200	0
16	420	511	421	1381	5210	362.0	0	0	1578	1200	0
16	420	511	420	1379	5201	362.0	0	0	1578	1200	0
16	420	512	421	1382	5210	363.0	0	0	1578	1200	0
17	419	510	420	1377	5210	361.0	0	0	1710	1200	1
17	421	512	421	1382	5201	363.0	0	0	1710	1200	1
17	506	989	2958	4561	23663	0.0	0	0	1710	1200	1
17	550	1220	4165	6081	30243	0.0	0	0	1710	1200	1
17	547	1216	4159	6069	30359	0.0	0	0	1710	1200	1
17	547	1215	4155	6063	30331	0.0	0	0	1710	1200	1
17	550	1220	4165	6082	30243	0.0	0	0	1710	1200	1
17	547	1216	4158	6068	30352	0.0	0	0	1710	1200	1
17	550	1219	4161	6077	30215	0.0	0	0	1710	1200	1
17	547	1215	4155	6064	30331	0.0	0	0	1710	1200	1
17	550	1220	4168	6084	30263	0.0	0	0	1710	1200	1
17	548	1222	4188	6106	30508	0.0	0	0	1710	1200	1
17	550	1224	4190	6112	30416	0.0	0	0	1710	1200	1
17	548	1221	4184	6102	30480	0.0	0	0	1710	1200	1
17	550	1223	4188	6109	30402	0.0	0	0	1710	1200	1
17	549	1223	4189	6108	30462	0.0	0	0	1710	1200	1
17	549	1223	4189	6109	30462	0.0	0	0	1710	1200	1
17	549	1222	4185	6105	30434	0.0	0	0	1710	1200	1
17	549	1222	4185	6103	30434	0.0	0	0	1710	1200	1
17	550	1223	4186	6106	30388	0.0	0	0	1710	1200	1
17	548	1222	4188	6106	30508	0.0	0	0	1710	1200	1
17	550	1224	4187	6109	30395	0.0	0	0	1710	1200	1
17	547	1215	4154	6064	30324	0.0	0	0	1710	1200	1
17	550	1219	4160	6076	30208	0.0	0	0	1710	1200	1
17	550	1219	4161	6077	30215	0.0	0	0	1710	1200	1
17	547	1215	4156	6065	30338	0.0	0	0	1710	1200	1
17	550	1219	4161	6077	30215	0.0	0	0	1710	1200	1
17	547	1216	4158	6067	30352	0.0	0	0	1710	1200	0
17	520	1054	3290	4983	25496	0.0	0	0	1710	1200	0
17	419	509	419	1376	5201	360.0	0	0	1710	1200	0
17	421	512	422	1384	5210	362.0	0	0	1710	1200	0
17	419	510	419	1376	5201	362.0	0	0	1710	1200	0
17	421	512	421	1383	5201	363.0	0	0	1710	1200	0
17	419	510	420	1378	5210	361.0	0	0	1710	1200	0
18	421	512	421	1382	5201	363.0	0	0	1842	1200	1
18	420	511	420	1379	5201	362.0	0	0	1842	1200	1
18	517	1042	3232	4909	25209	0.0	0	0	1842	1200	1
18	555	1254	4348	6310	31239	0.0	0	0	1842	1200	1
18	555	1253	4348	6308	31239	0.0	0	0	1842	1200	1
18	556	1255	4353	6316	31220	0.0	0	0	1842	1200	1
18	554	1252	4345	6303	31272	0.0	0	0	1842	1200	1
18	556	1254	4347	6309	31178	0.0	0	0	1842	1200	1
18	556	1254	4349	6312	31192	0.0	0	0	1842	1200	1
18	553	1251	4346	6303	31333	0.0	0	0	1842	1200	1
18	557	1261	4382	6354	31364	0.0	0	0	1842	1200	1
18	554	1258	4380	6345	31513	0.0	0	0	1842	1200	1
18	557	1261	4381	6353	31357	0.0	0	0	1842	1200	1
18	555	1258	4382	6349	31472	0.0	0	0	1842	1200	1
18	557	1261	4385	6357	31385	0.0	0	0	1842	1200	1
18	555	1258	4380	6346	31459	0.0	0	0	1842	1200	1
18	557	1261	4383	6354	31371	0.0	0	0	1842	1200	1
18	555	1259	4383	6350	31479	0.0	0	0	1842	1200	1
18	557	1261	4384	6357	31378	0.0	0	0	1842	1200	1
18	556	1259	4383	6351	31425	0.0	0	0	1842	1200	1
18	557	1260	4381	6352	31357	0.0	0	0	1842	1200	1
18	555	1253	4348	6308	31239	0.0	0	0	1842	1200	1
18	555	1253	4347	6308	31232	0.0	0	0	1842	1200	1
18	555	1253	4347	6308	31232	0.0	0	0	1842	1200	1
18	555	1253	4346	6306	31225	0.0	0	0	1842	1200	1
18	556	1254	4347	6309	31178	0.0	0	0	1842	1200	1
18	554	1252	4344	6302	31265	0.0	0	0	1842	1200	1
18	554	1251	4346	6304	31279	0.0	0	0	1842	1200	0
18	519	1051	3270	4958	25396	0.0	0	0	1842	1200	0
18	419	509	419	1376	5201	360.0	0	0	1842	1200	0
18	421	513	422	1385	5210	364.0	0	0	1842	1200	0
18	419	509	419	1375	5201	360.0	0	0	1842	1200	0
18	421	513	422	1385	5210	364.0	0	0	1842	1200	0
18	419	509	419	1375	5201	360.0	0	0	1842	1200	0
19	421	513	422	1385	5210	364.0	0	0	1973	1200	1
19	419	509	419	1376	5201	360.0	0	0	1973	1200	1
19	493	905	2497	3988	20688	0.0	0	0	1973	1200	1
19	562	1295	4573	6588	32393	0.0	0	0	1973	1200	1
19	564	1297	4577	6598	32310	0.0	0	0	1973	1200	1
19	562	1295	4575	6592	32406	0.0	0	0	1973	1200	1
19	564	1297	4578	6599	32316	0.0	0	0	1973	1200	1
19	563	1296	4578	6597	32371	0.0	0	0	1973	1200	1
19	563	1297	4578	6598	32371	0.0	0	0	1973	1200	1
19	563	1296	4575	6593	32351	0.0	0	0	1973	1200	1
19	563	1296	4574	6592	32344	0.0	0	0	1973	1200	1
19	561	1288	4533	6540	32176	0.0	0	0	1973	1200	1
19	562	1289	4534	6544	32128	0.0	0	0	1973	1200	1
19	560	1286	4530	6534	32211	0.0	0	0	1973	1200	1
19	562	1289	4534	6543	32128	0.0	0	0	1973	1200	1
19	560	1287	4532	6537	32224	0.0	0	0	1973	1200	1
19	563	1290	4535	6546	32080	0.0	0	0	1973	1200	1
19	560	1287	4532	6537	32224	0.0	0	0	1973	1200	1
19	563	1289	4531	6541	32053	0.0	0	0	1973	1200	1
19	560	1287	4537	6543	32258	0.0	0	0	1973	1200	1
19	563	1290	4535	6546	32080	0.0	0	0	1973	1200	1
19	560	1287	4532	6537	32224	0.0	0	0	1973	1200	1
19	564	1297	4575	6596	32296	0.0	0	0	1973	1200	1
19	561	1293	4569	6584	32421	0.0	0	0	1973	1200	1
19	564	1298	4578	6599	32316	0.0	0	0	1973	1200	1
19	562	1295	4576	6592	32413	0.0	0	0	1973	1200	1
19	563	1297	4575	6594	32351	0.0	0	0	1973	1200	1
19	562	1294	4568	6583	32359	0.0	0	0	1973	1200	0
19	563	1297	4577	6596	32365	0.0	0	0	1973	1200	0
19	503	968	2840	4415	22902	0.0	0	0	1973	1200	0
19	420	511	420	1379	5201	362.0	0	0	1973	1200	0
19	419	510	420	1378	5210	361.0	0	0	1973	1200	0
19	420	511	421	1380	5210	362.0	0	0	1973	1200	0
19	419	510	419	1376	5201	362.0	0	0	1973	1200	0
20	420	512	421	1382	5210	363.0	0	0	2105	1200	1
20	419	509	419	1375	5201	360.0	0	0	2105	1200	1
20	535	1138	3734	5541	27982	0.0	0	0	2105	1200	1
20	566	1322	4722	6775	33176	0.0	0	0	2105	1200	1
20	569	1326	4724	6784	33022	0.0	0	0	2105	1200	1
20	566	1322	4721	6774	33170	0.0	0	0	2105	1200	1
20	569	1325	4722	6781	33009	0.0	0	0	2105	1200	1
20	566	1322	4719	6771	33156	0.0	0	0	2105	1200	1
20	569	1325	4724	6783	33022	0.0	0	0	2105	1200	1
20	567	1323	4727	6781	33154	0.0	0	0	2105	1200	1
20	571	1335	4772	6843	33232	0.0	0	0	2105	1200	1
20	568	1332	4770	6835	33386	0.0	0	0	2105	1200	1
20	570	1334	4773	6844	33294	0.0	0	0	2105	1200	1
20	568	1331	4768	6833	33373	0.0	0	0	2105	1200	1
20	569	1332	4770	6845	33330	0.0	0	0	2105	1200	1
20	569	1333	4771	6839	33337	0.0	0	0	2105	1200	1
20	569	1333	4773	6841	33350	0.0	0	0	2105	1200	1
20	569	1333	4773	6841	33350	0.0	0	0	2105	1200	1
20	570	1334	4774	6843	33301	0.0	0	0	2105	1200	1
20	568	1332	4771	6836	33393	0.0	0	0	2105	1200	1
20	569	1327	4737	6798	33109	0.0	0	0	2105	1200	1
20	566	1322	4719	6772	33156	0.0	0	0	2105	1200	1
20	569	1325	4723	6780	33016	0.0	0	0	2105	1200	1
20	566	1322	4720	6772	33163	0.0	0	0	2105	1200	1
20	569	1325	4723	6781	33016	0.0	0	0	2105	1200	1
20	566	1321	4718	6770	33149	0.0	0	0	2105	1200	1
20	569	1325	4720	6778	32995	0.0	0	0	2105	1200	1
20	566	1322	4720	6772	33163	0.0	0	0	2105	1200	0
20	569	1325	4722	6781	33009	0.0	0	0	2105	1200	0
20	530	1118	3638	5416	27543	0.0	0	0	2105	1200	0
20	421	512	422	1384	5210	362.0	0	0	2105	1200	0
20	419	510	419	1376	5201	362.0	0	0	2105	1200	0
20	421	512	421	1383	5201	363.0	0	0	2105	1200	0
20	420	512	421	1382	5210	363.0	0	0	2105	1200	0
21	419	510	420	1378	5210	361.0	0	0	2236	1200	1
21	420	511	421	1380	5210	362.0	0	0	2236	1200	1
21	544	1192	4024	5902	29573	0.0	0	0	2236	1200	1
21	574	1358	4908	7011	33968	0.0	0	0	2236	1200	1
21	575	1360	4911	7015	33931	0.0	0	0	2236	1200	1
21	574	1359	4910	7012	33981	0.0	0	0	2236	1200	1
21	575	1360	4911	7017	33931	0.0	0	0	2236	1200	1
21	573	1359	4915	7019	34071	0.0	0	0	2236	1200	1
21	575	1360	4908	7014	33911	0.0	0	0	2236	1200	1
21	575	1369	4968	7083	34309	0.0	0	0	2236	1200	1
21	577	1372	4971	7092	34215	0.0	0	0	2236	1200	1
21	575	1369	4967	7082	34302	0.0	0	0	2236	1200	1
21	578	1372	4969	7090	34145	0.0	0	0	2236	1200	1
21	575	1368	4966	7080	34296	0.0	0	0	2236	1200	1
21	578	1372	4968	7089	34138	0.0	0	0	2236	1200	1
21	575	1368	4961	7075	34263	0.0	0	0	2236	1200	1
21	578	1372	4970	7092	34151	0.0	0	0	2236	1200	1
21	575	1371	4967	7082	34302	0.0	0	0	2236	1200	1
21	575	1369	4966	7082	34296	0.0	0	0	2236	1200	1
21	576	1368	4955	7071	34166	0.0	0	0	2236	1200	1
21	574	1358	4909	7011	33975	0.0	0	0	2236	1200	1
21	574	1359	4909	7012	33975	0.0	0	0	2236	1200	1
21	574	1360	4916	7021	34021	0.0	0	0	2236	1200	1
21	574	1358	4907	7009	33961	0.0	0	0	2236	1200	1
21	575	1359	4907	7011	33905	0.0	0	0	2236	1200	1
21	573	1358	4908	7009	34025	0.0	0	0	2236	1200	1
21	575	1360	4910	7015	33925	0.0	0	0	2236	1200	1
21	573	1358	4908	7008	34025	0.0	0	0	2236	1200	0
21	575	1361	4910	7016	33925	0.0	0	0	2236	1200	0
21	528	1110	3597	5363	27346	0.0	0	0	2236	1200	0
21	421	512	422	1384	5210	362.0	0	0	2236	1200	0
21	418	509	419	1375	5210	361.0	0	0	2236	1200	0
21	421	513	422	1384	5210	364.0	0	0	2236	1200	0
21	419	509	419	1375	5201	360.0	0	0	2236	1200	0
22	421	513	422	1385	5210	364.0	0	0	2368	1200	1
22	419	510	419	1377	5201	362.0	0	0	2368	1200	1
22	512	1017	3102	4744	24474	0.0	0	0	2368	1200	1
22	584	1409	5166	7337	35093	0.0	0	0	2368	1200	1
22	583	1407	5164	7332	35138	0.0	0	0	2368	1200	1
22	583	1407	5158	7326	35099	0.0	0	0	2368	1200	1
22	583	1408	5167	7336	35158	0.0	0	0	2368	1200	1
22	583	1408	5167	7337	35158	0.0	0	0	2368	1200	1
22	583	1408	5165	7334	35145	0.0	0	0	2368	1200	1
22	583	1407	5164	7332	35138	0.0	0	0	2368	1200	1
22	581	1396	5098	7251	34821	0.0	0	0	2368	1200	1
22	580	1395	5099	7250	34886	0.0	0	0	2368	1200	1
22	582	1397	5100	7255	34777	0.0	0	0	2368	1200	1
22	580	1396	5106	7257	34932	0.0	0	0	2368	1200	1
22	582	1397	5101	7257	34784	0.0	0	0	2368	1200	1
22	580	1393	5095	7245	34859	0.0	0	0	2368	1200	1
22	582	1397	5099	7254	34771	0.0	0	0	2368	1200	1
22	579	1394	5098	7247	34937	0.0	0	0	2368	1200	1
22	582	1397	5101	7256	34784	0.0	0	0	2368	1200	1
22	579	1394	5098	7247	34937	0.0	0	0	2368	1200	1
22	582	1406	5162	7255	35183	0.0	0	0	2368	1200	1
22	584	1409	5167	7339	35100	0.0	0	0	2368	1200	1
22	582	1407	5165	7332	35203	0.0	0	0	2368	1200	1
22	584	1408	5164	7335	35080	0.0	0	0	2368	1200	1
22	583	1407	5163	7330	35132	0.0	0	0	2368	1200	1
22	583	1408	5163	7333	35132	0.0	0	0	2368	1200	1
22	583	1408	5164	7333	35138	0.0	0	0	2368	1200	1
22	583	1408	5165	7334	35145	0.0	0	0	2368	1200	1
22	584	1408	5165	7335	35087	0.0	0	0	2368	1200	0
22	493	913	2551	4052	21105	0.0	0	0	2368	1200	0
22	421	512	421	1383	5201	363.0	0	0	2368	1200	0
22	419	510	419	1377	5201	362.0	0	0	2368	1200	0
22	421	512	422	1384	5210	362.0	0	0	2368	1200	0
22	419	509	419	1376	5201	360.0	0	0	2368	1200	0
23	421	513	422	1384	5210	364.0	0	0	2500	1200	1
23	418	509	419	1375	5210	361.0	0	0	2500	1200	1
23	421	513	422	1384	5210	364.0	0	0	2500	1200	1
23	560	1289	4545	6553	32313	0.0	0	0	2500	1200	1
23	589	1433	5292	7497	35622	0.0	0	0	2500	1200	1
23	589	1433	5291	7495	35616	0.0	0	0	2500	1200	1
23	586	1430	5287	7486	35765	0.0	0	0	2500	1200	1
23	588	1433	5291	7495	35674	0.0	0	0	2500	1200	1
23	589	1445	5364	7582	36088	0.0	0	0	2500	1200	1
23	590	1446	5364	7585	36029	0.0	0	0	2500	1200	1
23	589	1445	5362	7581	36075	0.0	0	0	2500	1200	1
23	590	1445	5362	7582	36016	0.0	0	0	2500	1200	1
23	590	1445	5363	7582	36023	0.0	0	0	2500	1200	1
23	589	1445	5364	7583	36088	0.0	0	0	2500	1200	1
23	590	1446	5365	7586	36036	0.0	0	0	2500	1200	1
23	589	1442	5353	7568	36017	0.0	0	0	2500	1200	1
23	591	1446	5362	7583	35958	0.0	0	0	2500	1200	1
23	589	1443	5361	7577	36069	0.0	0	0	2500	1200	1
23	591	1446	5364	7587	35971	0.0	0	0	2500	1200	1
23	587	1437	5329	7537	35979	0.0	0	0	2500	1200	1
23	589	1433	5290	7494	35609	0.0	0	0	2500	1200	1
23	586	1430	5288	7485	35772	0.0	0	0	2500	1200	1
23	589	1433	5288	7492	35596	0.0	0	0	2500	1200	1
23	586	1431	5290	7494	35785	0.0	0	0	2500	1200	1
23	586	1430	5287	7486	35765	0.0	0	0	2500	1200	1
23	589	1433	5290	7494	35609	0.0	0	0	2500	1200	1
23	587	1430	5288	7486	35713	0.0	0	0	2500	1200	1
23	588	1432	5287	7490	35648	0.0	0	0	2500	1200	1
