Stim	R	G	B	C	Temp	HueLux	Yellow	Red	Blue	Blue2	Trig
1	417	500	248	1216	3656	472.0	0	0	0	0	1
1	414	496	247	1209	3664	467.0	0	0	0	0	1
1	417	500	249	1217	3666	471.0	0	0	0	0	1
1	414	496	247	1209	3664	467.0	0	0	0	0	1
1	417	500	248	1217	3656	472.0	0	0	0	0	1
1	414	496	247	1209	3664	467.0	0	0	0	0	1
1	416	500	248	1217	3662	472.0	0	0	0	0	1
1	414	497	247	1209	3664	469.0	0	0	0	0	1
1	414	497	247	1211	3664	469.0	0	0	0	0	1
1	416	499	248	1216	3662	471.0	0	0	0	0	1
1	415	498	247	1212	3658	470.0	0	0	0	0	1
1	416	499	248	1215	3662	471.0	0	0	0	0	1
1	415	498	248	1213	3667	469.0	0	0	0	0	1
1	415	498	248	1214	3667	469.0	0	0	0	0	1
1	416	499	248	1214	3662	471.0	0	0	0	0	1
1	415	498	247	1212	3658	470.0	0	0	0	0	1
1	416	499	248	1215	3662	471.0	0	0	0	0	1
1	414	497	247	1211	3664	469.0	0	0	0	0	1
1	416	499	248	1216	3662	471.0	0	0	0	0	1
1	414	497	247	1210	3664	469.0	0	0	0	0	1
1	417	500	248	1217	3656	472.0	0	0	0	0	1
1	414	497	247	1210	3664	469.0	0	0	0	0	1
1	417	500	249	1218	3666	471.0	0	0	0	0	1
1	414	497	247	1210	3664	469.0	0	0	0	0	1
1	417	500	249	1219	3666	471.0	0	0	0	0	1
1	414	497	247	1210	3664	469.0	0	0	0	0	1
1	413	496	247	1207	3669	468.0	0	0	0	0	1
1	415	498	248	1213	3667	469.0	0	0	0	0	0
1	413	495	246	1206	3660	467.0	0	0	0	0	0
1	414	497	247	1211	3664	469.0	0	0	0	0	0
1	413	495	246	1206	3660	467.0	0	0	0	0	0
1	414	497	247	1209	3664	469.0	0	0	0	0	0
1	413	496	247	1207	3669	468.0	0	0	0	0	0
1	413	496	247	1209	3669	468.0	0	0	0	0	0
2	414	496	247	1209	3664	467.0	0	0	0	0	1
2	413	496	247	1208	3669	468.0	0	0	0	0	1
2	414	497	247	1210	3664	469.0	0	0	0	0	1
2	413	495	246	1206	3660	467.0	0	0	0	0	1
2	414	497	247	1211	3664	469.0	0	0	0	0	1
2	412	495	246	1205	3665	467.0	0	0	0	0	1
2	415	498	248	1212	3667	469.0	0	0	0	0	1
2	412	495	246	1205	3665	467.0	0	0	0	0	1
2	415	498	248	1213	3667	469.0	0	0	0	0	1
2	412	495	246	1205	3665	467.0	0	0	0	0	1
2	415	498	248	1214	3667	469.0	0	0	0	0	1
2	415	498	248	1213	3667	469.0	0	0	0	0	1
2	412	495	246	1205	3665	467.0	0	0	0	0	1
2	415	498	248	1213	3667	469.0	0	0	0	0	1
2	413	495	246	1206	3660	467.0	0	0	0	0	1
2	415	498	248	1212	3667	469.0	0	0	0	0	1
2	413	496	247	1207	3669	468.0	0	0	0	0	1
2	414	497	247	1211	3664	469.0	0	0	0	0	1
2	413	496	247	1208	3669	468.0	0	0	0	0	1
2	414	497	247	1210	3664	469.0	0	0	0	0	1
2	414	497	247	1210	3664	469.0	0	0	0	0	1
2	413	496	247	1208	3669	468.0	0	0	0	0	1
2	414	497	247	1211	3664	469.0	0	0	0	0	1
2	413	496	247	1207	3669	468.0	0	0	0	0	1
2	414	497	248	1211	3673	468.0	0	0	0	0	1
2	412	495	246	1205	3665	467.0	0	0	0	0	1
2	415	498	248	1213	3667	469.0	0	0	0	0	1
2	412	495	246	1205	3665	467.0	0	0	0	0	0
2	415	498	248	1213	3667	469.0	0	0	0	0	0
2	415	498	248	1214	3667	469.0	0	0	0	0	0
2	412	495	246	1205	3665	467.0	0	0	0	0	0
2	415	498	248	1213	3667	469.0	0	0	0	0	0
2	412	495	246	1205	3665	467.0	0	0	0	0	0
2	415	498	248	1212	3667	469.0	0	0	0	0	0
3	412	495	246	1205	3665	467.0	0	0	0	0	1
3	414	497	247	1211	3664	469.0	0	0	0	0	1
3	413	495	246	1206	3660	467.0	0	0	0	0	1
3	414	497	247	1210	3664	469.0	0	0	0	0	1
3	413	496	247	1207	3669	468.0	0	0	0	0	1
3	413	496	247	1208	3669	468.0	0	0	0	0	1
3	413	496	247	1209	3669	468.0	0	0	0	0	1
3	413	496	247	1207	3669	468.0	0	0	0	0	1
3	414	497	247	1210	3664	469.0	0	0	0	0	1
3	412	495	246	1206	3665	467.0	0	0	0	0	1
3	414	497	247	1211	3664	469.0	0	0	0	0	1
3	412	495	246	1205	3665	467.0	0	0	0	0	1
3	415	498	248	1212	3667	469.0	0	0	0	0	1
3	412	495	246	1205	3665	467.0	0	0	0	0	1
3	412	495	246	1205	3665	467.0	0	0	0	0	1
3	415	498	248	1213	3667	469.0	0	0	0	0	1
3	412	495	246	1205	3665	467.0	0	0	0	0	1
3	415	498	248	1213	3667	469.0	0	0	0	0	1
3	413	495	246	1206	3660	467.0	0	0	0	0	1
3	415	498	248	1213	3667	469.0	0	0	0	0	1
3	413	495	246	1206	3660	467.0	0	0	0	0	1
3	415	497	248	1212	3667	468.0	0	0	0	0	1
3	413	496	247	1207	3669	468.0	0	0	0	0	1
3	414	497	247	1210	3664	469.0	0	0	0	0	1
3	413	496	247	1208	3669	468.0	0	0	0	0	1
3	413	496	247	1208	3669	468.0	0	0	0	0	1
3	413	496	247	1208	3669	468.0	0	0	0	0	1
3	413	495	247	1206	3669	466.0	0	0	0	0	0
3	414	497	247	1209	3664	469.0	0	0	0	0	0
3	412	495	246	1205	3665	467.0	0	0	0	0	0
3	414	497	247	1211	3664	469.0	0	0	0	0	0
3	412	495	246	1204	3665	467.0	0	0	0	0	0
3	412	494	246	1211	3665	465.0	0	0	0	0	0
3	415	498	248	1212	3667	469.0	0	0	0	0	0
4	412	494	246	1204	3665	465.0	0	0	0	500	1
4	415	498	248	1212	3667	469.0	0	0	0	500	1
4	415	505	268	1239	3851	466.0	0	0	0	500	1
4	419	510	274	1255	3882	468.0	0	0	0	500	1
4	416	507	272	1246	3882	466.0	0	0	0	500	1
4	418	510	273	1253	3879	469.0	0	0	0	500	1
4	416	507	272	1247	3882	466.0	0	0	0	500	1
4	418	509	273	1252	3879	467.0	0	0	0	500	1
4	417	508	272	1248	3876	467.0	0	0	0	500	1
4	418	509	272	1251	3870	468.0	0	0	0	500	1
4	417	508	272	1248	3876	467.0	0	0	0	500	1
4	417	508	272	1249	3876	467.0	0	0	0	500	1
4	417	508	272	1250	3876	467.0	0	0	0	500	1
4	417	508	272	1248	3876	467.0	0	0	0	500	1
4	418	509	272	1251	3870	468.0	0	0	0	500	1
4	416	507	272	1246	3882	466.0	0	0	0	500	1
4	418	510	274	1253	3888	468.0	0	0	0	500	1
4	418	510	274	1254	3888	468.0	0	0	0	500	1
4	416	507	272	1247	3882	466.0	0	0	0	500	1
4	419	510	274	1255	3882	468.0	0	0	0	500	1
4	416	507	272	1246	3882	466.0	0	0	0	500	1
4	419	511	274	1255	3882	469.0	0	0	0	500	1
4	416	507	272	1247	3882	466.0	0	0	0	500	1
4	419	510	274	1255	3882	468.0	0	0	0	500	1
4	416	507	272	1247	3882	466.0	0	0	0	500	1
4	419	510	274	1254	3882	468.0	0	0	0	500	1
4	416	507	272	1247	3882	466.0	0	0	0	500	1
4	418	509	273	1252	3879	467.0	0	0	0	500	0
4	417	507	272	1248	3876	465.0	0	0	0	500	0
4	414	497	247	1209	3664	469.0	0	0	0	500	0
4	413	496	247	1208	3669	468.0	0	0	0	500	0
4	413	496	247	1208	3669	468.0	0	0	0	500	0
4	414	496	247	1209	3664	467.0	0	0	0	500	0
4	413	495	247	1207	3669	466.0	0	0	0	500	0
5	414	497	247	1210	3664	469.0	0	0	131	631	1
5	412	495	248	1205	3684	466.0	0	0	131	631	1
5	418	512	283	1264	3970	465.0	0	0	131	631	1
5	420	516	285	1274	3976	469.0	0	0	131	631	1
5	418	513	284	1267	3979	466.0	0	0	131	631	1
5	422	517	286	1277	3973	469.0	0	0	131	631	1
5	420	515	284	1270	3967	468.0	0	0	131	631	1
5	423	519	286	1280	3967	472.0	0	0	131	631	1
5	420	516	285	1272	3976	469.0	0	0	131	631	1
5	423	519	286	1280	3967	472.0	0	0	131	631	1
5	420	515	285	1272	3976	467.0	0	0	131	631	1
5	422	518	286	1279	3973	471.0	0	0	131	631	1
5	421	516	285	1273	3970	469.0	0	0	131	631	1
5	422	518	286	1278	3973	471.0	0	0	131	631	1
5	421	516	284	1272	3961	469.0	0	0	131	631	1
5	422	517	284	1275	3955	471.0	0	0	131	631	1
5	421	516	284	1273	3961	469.0	0	0	131	631	1
5	421	516	284	1273	3961	469.0	0	0	131	631	1
5	421	517	284	1274	3961	471.0	0	0	131	631	1
5	420	515	284	1271	3967	468.0	0	0	131	631	1
5	420	515	284	1270	3967	468.0	0	0	131	631	1
5	422	517	285	1277	3964	470.0	0	0	131	631	1
5	420	515	283	1270	3958	469.0	0	0	131	631	1
5	422	518	285	1277	3964	471.0	0	0	131	631	1
5	420	515	284	1271	3967	468.0	0	0	131	631	1
5	423	519	286	1280	3967	472.0	0	0	131	631	1
5	420	515	285	1271	3976	467.0	0	0	131	631	1
5	423	519	286	1280	3967	472.0	0	0	131	631	0
5	420	515	285	1272	3976	467.0	0	0	131	631	0
5	420	510	269	1251	3831	471.0	0	0	131	631	0
5	415	498	247	1212	3658	470.0	0	0	131	631	0
5	417	500	249	1218	3666	471.0	0	0	131	631	0
5	415	498	248	1213	3667	469.0	0	0	131	631	0
5	417	500	248	1217	3656	472.0	0	0	131	631	0
6	416	499	248	1214	3662	471.0	0	0	263	763	1
6	416	499	248	1216	3662	471.0	0	0	263	763	1
6	416	499	248	1215	3662	471.0	0	0	263	763	1
6	424	525	303	1304	4113	469.0	0	0	263	763	1
6	424	526	303	1306	4113	470.0	0	0	263	763	1
6	425	526	304	1307	4116	469.0	0	0	263	763	1
6	423	524	303	1301	4120	467.0	0	0	263	763	1
6	425	527	304	1307	4116	471.0	0	0	263	763	1
6	423	524	302	1300	4111	468.0	0	0	263	763	1
6	425	527	304	1308	4116	471.0	0	0	263	763	1
6	422	524	302	1300	4117	469.0	0	0	263	763	1
6	425	527	304	1309	4116	471.0	0	0	263	763	1
6	422	524	302	1300	4117	469.0	0	0	263	763	1
6	425	526	303	1306	4107	470.0	0	0	263	763	1
6	423	523	301	1299	4102	467.0	0	0	263	763	1
6	425	526	303	1306	4107	470.0	0	0	263	763	1
6	423	523	301	1299	4102	467.0	0	0	263	763	1
6	425	526	303	1305	4107	470.0	0	0	263	763	1
6	423	524	301	1300	4102	469.0	0	0	263	763	1
6	425	526	302	1304	4098	471.0	0	0	263	763	1
6	424	524	302	1302	4104	468.0	0	0	263	763	1
6	424	525	302	1303	4104	469.0	0	0	263	763	1
6	424	525	302	1303	4104	469.0	0	0	263	763	1
6	424	526	302	1304	4104	471.0	0	0	263	763	1
6	423	524	303	1302	4120	467.0	0	0	263	763	1
6	425	527	304	1308	4116	471.0	0	0	263	763	1
6	423	524	303	1302	4120	467.0	0	0	263	763	1
6	426	527	304	1309	4109	470.0	0	0	263	763	0
6	423	524	303	1301	4120	467.0	0	0	263	763	0
6	421	512	271	1256	3843	473.0	0	0	263	763	0
6	415	497	247	1211	3658	468.0	0	0	263	763	0
6	418	501	249	1220	3660	472.0	0	0	263	763	0
6	415	498	247	1211	3658	470.0	0	0	263	763	0
6	418	501	249	1220	3660	472.0	0	0	263	763	0
7	415	498	247	1212	3658	470.0	0	0	394	894	1
7	417	501	249	1219	3666	473.0	0	0	394	894	1
7	415	498	248	1214	3667	469.0	0	0	394	894	1
7	428	535	321	1336	4248	470.0	0	0	394	894	1
7	427	534	320	1332	4246	470.0	0	0	394	894	1
7	427	535	321	1334	4255	470.0	0	0	394	894	1
7	427	534	320	1333	4246	470.0	0	0	394	894	1
7	427	534	320	1333	4246	470.0	0	0	394	894	1
7	426	533	320	1331	4252	468.0	0	0	394	894	1
7	428	535	321	1335	4248	470.0	0	0	394	894	1
7	426	533	320	1330	4252	468.0	0	0	394	894	1
7	428	535	321	1336	4248	470.0	0	0	394	894	1
7	425	532	319	1329	4250	468.0	0	0	394	894	1
7	428	536	321	1337	4248	472.0	0	0	394	894	1
7	426	533	321	1331	4261	468.0	0	0	394	894	1
7	429	536	323	1340	4259	470.0	0	0	394	894	1
7	426	533	321	1331	4261	468.0	0	0	394	894	1
7	429	536	323	1340	4259	470.0	0	0	394	894	1
7	426	533	321	1332	4261	468.0	0	0	394	894	1
7	428	536	322	1339	4257	471.0	0	0	394	894	1
7	426	533	321	1332	4261	468.0	0	0	394	894	1
7	428	536	322	1338	4257	471.0	0	0	394	894	1
7	426	534	321	1333	4261	469.0	0	0	394	894	1
7	428	535	322	1337	4257	469.0	0	0	394	894	1
7	427	534	321	1334	4255	469.0	0	0	394	894	1
7	427	534	320	1333	4246	470.0	0	0	394	894	1
7	426	533	320	1331	4252	468.0	0	0	394	894	1
7	427	534	321	1334	4255	469.0	0	0	394	894	1
7	426	533	320	1330	4252	468.0	0	0	394	894	0
7	419	505	259	1235	3746	471.0	0	0	394	894	0
7	415	498	247	1212	3658	470.0	0	0	394	894	0
7	417	501	249	1219	3666	473.0	0	0	394	894	0
7	415	497	247	1211	3658	468.0	0	0	394	894	0
7	418	501	249	1220	3660	472.0	0	0	394	894	0
8	415	497	247	1211	3658	468.0	0	0	526	1026	1
8	418	501	249	1220	3660	472.0	0	0	526	1026	1
8	416	501	253	1222	3708	470.0	0	0	526	1026	1
8	431	546	342	1371	4414	471.0	0	0	526	1026	1
8	429	542	340	1363	4410	467.0	0	0	526	1026	1
8	431	545	341	1370	4405	470.0	0	0	526	1026	1
8	429	542	340	1363	4410	467.0	0	0	526	1026	1
8	431	545	341	1368	4405	470.0	0	0	526	1026	1
8	429	543	340	1364	4410	468.0	0	0	526	1026	1
8	430	544	341	1367	4412	469.0	0	0	526	1026	1
8	430	544	341	1366	4412	469.0	0	0	526	1026	1
8	430	544	341	1367	4412	469.0	0	0	526	1026	1
8	429	542	339	1362	4401	468.0	0	0	526	1026	1
8	430	544	340	1366	4403	470.0	0	0	526	1026	1
8	429	542	338	1360	4392	468.0	0	0	526	1026	1
8	431	544	340	1367	4396	469.0	0	0	526	1026	1
8	428	541	338	1360	4399	467.0	0	0	526	1026	1
8	431	545	340	1368	4396	471.0	0	0	526	1026	1
8	428	541	338	1359	4399	467.0	0	0	526	1026	1
8	431	545	340	1368	4396	471.0	0	0	526	1026	1
8	428	541	338	1360	4399	467.0	0	0	526	1026	1
8	431	545	340	1368	4396	471.0	0	0	526	1026	1
8	428	541	338	1360	4399	467.0	0	0	526	1026	1
8	431	545	341	1369	4405	470.0	0	0	526	1026	1
8	429	542	340	1363	4410	467.0	0	0	526	1026	1
8	431	545	341	1369	4405	470.0	0	0	526	1026	1
8	429	543	340	1364	4410	468.0	0	0	526	1026	1
8	431	545	341	1368	4405	470.0	0	0	526	1026	1
8	430	543	340	1365	4403	468.0	0	0	526	1026	0
8	421	513	276	1367	3888	471.0	0	0	526	1026	0
8	416	499	248	1215	3662	471.0	0	0	526	1026	0
8	417	500	248	1217	3656	472.0	0	0	526	1026	0
8	416	498	248	1214	3662	469.0	0	0	526	1026	0
8	417	500	249	1218	3666	471.0	0	0	526	1026	0
8	415	498	247	1213	3658	470.0	0	0	526	1026	0
9	417	501	249	1219	3666	473.0	0	0	657	1157	1
9	417	503	259	1231	3757	468.0	0	0	657	1157	1
9	434	555	361	1402	4560	470.0	0	0	657	1157	1
9	432	552	359	1394	4557	468.0	0	0	657	1157	1
9	434	555	361	1402	4560	470.0	0	0	657	1157	1
9	431	551	359	1393	4564	466.0	0	0	657	1157	1
9	434	555	361	1402	4560	470.0	0	0	657	1157	1
9	432	552	359	1394	4557	468.0	0	0	657	1157	1
9	434	555	361	1402	4560	470.0	0	0	657	1157	1
9	432	552	359	1394	4557	468.0	0	0	657	1157	1
9	434	554	360	1401	4551	470.0	0	0	657	1157	1
9	432	551	358	1393	4548	467.0	0	0	657	1157	1
9	434	553	359	1398	4542	469.0	0	0	657	1157	1
9	433	553	359	1396	4549	469.0	0	0	657	1157	1
9	433	552	359	1396	4549	467.0	0	0	657	1157	1
9	432	552	358	1395	4548	468.0	0	0	657	1157	1
9	433	553	359	1397	4549	469.0	0	0	657	1157	1
9	432	552	358	1393	4548	468.0	0	0	657	1157	1
9	434	553	359	1398	4542	469.0	0	0	657	1157	1
9	432	551	358	1392	4548	467.0	0	0	657	1157	1
9	434	554	359	1399	4542	470.0	0	0	657	1157	1
9	431	551	358	1392	4555	467.0	0	0	657	1157	1
9	434	555	361	1401	4560	470.0	0	0	657	1157	1
9	431	551	359	1393	4564	466.0	0	0	657	1157	1
9	434	555	361	1402	4560	470.0	0	0	657	1157	1
9	432	551	359	1394	4557	466.0	0	0	657	1157	1
9	434	555	361	1402	4560	470.0	0	0	657	1157	1
9	432	551	359	1394	4557	466.0	0	0	657	1157	0
9	434	555	361	1402	4560	470.0	0	0	657	1157	0
9	419	510	272	1252	3864	469.0	0	0	657	1157	0
9	417	501	249	1219	3666	473.0	0	0	657	1157	0
9	415	498	249	1214	3677	469.0	0	0	657	1157	0
9	416	499	248	1215	3662	471.0	0	0	657	1157	0
9	417	500	248	1217	3656	472.0	0	0	657	1157	0
10	416	499	248	1216	3662	471.0	0	0	789	1289	1
10	417	501	253	1223	3702	470.0	0	0	789	1289	1
10	436	562	378	1428	4694	468.0	0	0	789	1289	1
10	435	561	378	1425	4701	467.0	0	0	789	1289	1
10	436	563	378	1429	4694	470.0	0	0	789	1289	1
10	435	561	377	1424	4693	468.0	0	0	789	1289	1
10	437	563	379	1431	4695	469.0	0	0	789	1289	1
10	434	560	377	1424	4700	467.0	0	0	789	1289	1
10	437	564	379	1432	4695	470.0	0	0	789	1289	1
10	434	560	377	1423	4700	467.0	0	0	789	1289	1
10	437	564	379	1432	4695	470.0	0	0	789	1289	1
10	434	560	377	1423	4700	467.0	0	0	789	1289	1
10	438	565	380	1434	4696	471.0	0	0	789	1289	1
10	435	561	379	1426	4710	466.0	0	0	789	1289	1
10	437	564	380	1434	4704	470.0	0	0	789	1289	1
10	435	561	379	1427	4710	466.0	0	0	789	1289	1
10	435	562	379	1428	4710	468.0	0	0	789	1289	1
10	437	564	380	1432	4704	470.0	0	0	789	1289	1
10	436	562	379	1429	4702	468.0	0	0	789	1289	1
10	436	563	379	1430	4702	469.0	0	0	789	1289	1
10	436	563	379	1430	4702	469.0	0	0	789	1289	1
10	436	562	379	1429	4702	468.0	0	0	789	1289	1
10	436	563	378	1429	4694	470.0	0	0	789	1289	1
10	435	561	378	1426	4701	467.0	0	0	789	1289	1
10	437	563	378	1430	4686	470.0	0	0	789	1289	1
10	435	561	377	1425	4693	468.0	0	0	789	1289	1
10	437	564	379	1431	4695	470.0	0	0	789	1289	1
10	435	561	377	1424	4693	468.0	0	0	789	1289	0
10	437	564	379	1432	4695	470.0	0	0	789	1289	0
10	418	507	265	1242	3806	470.0	0	0	789	1289	0
10	418	502	249	1221	3660	474.0	0	0	789	1289	0
10	415	498	247	1212	3658	470.0	0	0	789	1289	0
10	418	502	249	1221	3660	474.0	0	0	789	1289	0
10	415	498	247	1213	3658	470.0	0	0	789	1289	0
11	418	501	249	1220	3660	472.0	0	0	921	1421	1
11	421	512	273	1258	3861	471.0	0	0	921	1421	1
11	437	571	398	1458	4860	468.0	0	0	921	1421	1
11	439	572	399	1461	4853	468.0	0	0	921	1421	1
11	437	570	398	1457	4860	466.0	0	0	921	1421	1
11	438	571	398	1458	4853	467.0	0	0	921	1421	1
11	437	570	398	1456	4860	466.0	0	0	921	1421	1
11	437	569	398	1455	4860	464.0	0	0	921	1421	1
11	437	570	398	1456	4860	466.0	0	0	921	1421	1
11	436	568	397	1452	4860	464.0	0	0	921	1421	1
11	437	569	396	1454	4843	466.0	0	0	921	1421	1
11	435	567	396	1449	4859	463.0	0	0	921	1421	1
11	437	570	397	1456	4852	467.0	0	0	921	1421	1
11	435	567	396	1449	4859	463.0	0	0	921	1421	1
11	437	570	397	1456	4852	467.0	0	0	921	1421	1
11	435	567	395	1448	4850	464.0	0	0	921	1421	1
11	438	570	397	1456	4844	466.0	0	0	921	1421	1
11	435	567	396	1448	4859	463.0	0	0	921	1421	1
11	438	570	397	1457	4844	466.0	0	0	921	1421	1
11	438	570	397	1457	4844	466.0	0	0	921	1421	1
11	435	567	396	1450	4859	463.0	0	0	921	1421	1
11	438	571	398	1459	4853	467.0	0	0	921	1421	1
11	436	568	397	1453	4860	464.0	0	0	921	1421	1
11	437	571	398	1458	4860	468.0	0	0	921	1421	1
11	436	569	397	1454	4860	465.0	0	0	921	1421	1
11	437	570	398	1457	4860	466.0	0	0	921	1421	1
11	437	570	398	1455	4860	466.0	0	0	921	1421	1
11	437	570	398	1455	4860	466.0	0	0	921	1421	0
11	437	570	398	1456	4860	466.0	0	0	921	1421	0
11	417	509	273	1251	3885	468.0	0	0	921	1421	0
11	415	498	248	1212	3667	469.0	0	0	921	1421	0
11	413	496	247	1207	3669	468.0	0	0	921	1421	0
11	415	498	248	1213	3667	469.0	0	0	921	1421	0
11	413	495	246	1206	3660	467.0	0	0	921	1421	0
12	415	498	248	1214	3667	469.0	0	0	1052	1552	1
12	413	495	246	1206	3660	467.0	0	0	1052	1552	1
12	420	515	281	1268	3940	470.0	0	0	1052	1552	1
12	438	577	416	1483	5009	464.0	0	0	1052	1552	1
12	438	577	416	1483	5009	464.0	0	0	1052	1552	1
12	441	581	418	1491	5002	467.0	0	0	1052	1552	1
12	438	577	416	1483	5009	464.0	0	0	1052	1552	1
12	441	580	418	1491	5002	466.0	0	0	1052	1552	1
12	439	578	417	1485	5010	464.0	0	0	1052	1552	1
12	440	579	416	1488	4993	466.0	0	0	1052	1552	1
12	439	578	415	1483	4992	466.0	0	0	1052	1552	1
12	440	579	416	1486	4993	466.0	0	0	1052	1552	1
12	439	578	415	1484	4992	466.0	0	0	1052	1552	1
12	439	578	415	1485	4992	466.0	0	0	1052	1552	1
12	440	579	416	1486	4993	466.0	0	0	1052	1552	1
12	439	578	415	1483	4992	466.0	0	0	1052	1552	1
12	440	579	416	1487	4993	466.0	0	0	1052	1552	1
12	438	577	415	1482	5000	464.0	0	0	1052	1552	1
12	440	579	416	1487	4993	466.0	0	0	1052	1552	1
12	438	577	415	1481	5000	464.0	0	0	1052	1552	1
12	441	580	416	1488	4985	467.0	0	0	1052	1552	1
12	438	577	416	1483	5009	464.0	0	0	1052	1552	1
12	438	577	416	1482	5009	464.0	0	0	1052	1552	1
12	441	581	418	1491	5002	467.0	0	0	1052	1552	1
12	438	577	416	1483	5009	464.0	0	0	1052	1552	1
12	441	581	418	1491	5002	467.0	0	0	1052	1552	1
12	438	577	416	1484	5009	464.0	0	0	1052	1552	1
12	441	580	418	1490	5002	466.0	0	0	1052	1552	0
12	439	578	416	1485	5001	465.0	0	0	1052	1552	0
12	418	507	265	1242	3806	470.0	0	0	1052	1552	0
12	414	496	247	1209	3664	467.0	0	0	1052	1552	0
12	414	497	247	1212	3664	469.0	0	0	1052	1552	0
12	414	497	247	1210	3664	469.0	0	0	1052	1552	0
12	414	497	247	1210	3664	469.0	0	0	1052	1552	0
13	414	497	247	1211	3664	469.0	0	0	1184	1684	1
13	413	496	247	1208	3669	468.0	0	0	1184	1684	1
13	418	508	268	1245	3833	469.0	0	0	1184	1684	1
13	441	586	434	1513	5140	464.0	0	0	1184	1684	1
13	443	589	435	1519	5132	467.0	0	0	1184	1684	1
13	441	586	434	1512	5140	464.0	0	0	1184	1684	1
13	444	589	436	1520	5132	466.0	0	0	1184	1684	1
13	444	589	436	1521	5132	466.0	0	0	1184	1684	1
13	441	586	434	1512	5140	464.0	0	0	1184	1684	1
13	444	589	436	1520	5132	466.0	0	0	1184	1684	1
13	441	587	436	1514	5157	464.0	0	0	1184	1684	1
13	444	590	437	1522	5140	467.0	0	0	1184	1684	1
13	441	587	436	1515	5157	464.0	0	0	1184	1684	1
13	443	589	437	1521	5149	465.0	0	0	1184	1684	1
13	441	587	436	1515	5157	464.0	0	0	1184	1684	1
13	443	589	437	1521	5149	465.0	0	0	1184	1684	1
13	442	588	436	1517	5149	465.0	0	0	1184	1684	1
13	443	588	437	1519	5149	464.0	0	0	1184	1684	1
13	442	588	436	1517	5149	465.0	0	0	1184	1684	1
13	442	587	436	1516	5149	463.0	0	0	1184	1684	1
13	442	587	436	1516	5149	463.0	0	0	1184	1684	1
13	440	586	435	1512	5157	463.0	0	0	1184	1684	1
13	442	587	435	1515	5140	464.0	0	0	1184	1684	1
13	440	585	434	1511	5149	462.0	0	0	1184	1684	1
13	442	588	435	1517	5140	466.0	0	0	1184	1684	1
13	443	588	435	1517	5132	465.0	0	0	1184	1684	1
13	440	585	434	1509	5149	462.0	0	0	1184	1684	1
13	443	588	436	1518	5140	465.0	0	0	1184	1684	0
13	440	585	434	1510	5149	462.0	0	0	1184	1684	0
13	417	506	264	1240	3803	470.0	0	0	1184	1684	0
13	412	494	246	1204	3665	465.0	0	0	1184	1684	0
13	415	498	248	1212	3667	469.0	0	0	1184	1684	0
13	412	495	246	1205	3665	467.0	0	0	1184	1684	0
13	415	497	248	1211	3667	468.0	0	0	1184	1684	0
14	413	495	246	1206	3660	467.0	0	0	1315	1815	1
14	414	497	247	1210	3664	469.0	0	0	1315	1815	1
14	421	520	298	1290	4087	465.0	0	0	1315	1815	1
14	445	597	455	1549	5286	464.0	0	0	1315	1815	1
14	445	597	455	1548	5286	464.0	0	0	1315	1815	1
14	445	597	456	1548	5295	464.0	0	0	1315	1815	1
14	445	597	456	1550	5295	464.0	0	0	1315	1815	1
14	444	596	455	1547	5295	463.0	0	0	1315	1815	1
14	445	598	456	1550	5295	465.0	0	0	1315	1815	1
14	443	595	454	1543	5295	463.0	0	0	1315	1815	1
14	443	595	453	1542	5287	463.0	0	0	1315	1815	1
14	446	598	455	1550	5277	466.0	0	0	1315	1815	1
14	443	594	453	1542	5287	462.0	0	0	1315	1815	1
14	446	598	455	1550	5277	466.0	0	0	1315	1815	1
14	443	594	453	1541	5287	462.0	0	0	1315	1815	1
14	446	598	455	1550	5277	466.0	0	0	1315	1815	1
14	443	594	453	1542	5287	462.0	0	0	1315	1815	1
14	446	598	455	1550	5277	466.0	0	0	1315	1815	1
14	443	595	453	1542	5287	463.0	0	0	1315	1815	1
14	445	597	455	1549	5286	464.0	0	0	1315	1815	1
14	444	595	455	1545	5295	461.0	0	0	1315	1815	1
14	445	598	456	1550	5295	465.0	0	0	1315	1815	1
14	444	596	455	1546	5295	463.0	0	0	1315	1815	1
14	445	597	456	1549	5295	464.0	0	0	1315	1815	1
14	444	596	455	1547	5295	463.0	0	0	1315	1815	1
14	445	597	455	1548	5286	464.0	0	0	1315	1815	1
14	445	597	456	1549	5295	464.0	0	0	1315	1815	1
14	444	596	455	1546	5295	463.0	0	0	1315	1815	1
14	444	596	455	1550	5295	463.0	0	0	1315	1815	0
14	417	505	263	1237	3793	469.0	0	0	1315	1815	0
14	412	494	246	1204	3665	465.0	0	0	1315	1815	0
14	415	497	248	1212	3667	468.0	0	0	1315	1815	0
14	412	494	246	1204	3665	465.0	0	0	1315	1815	0
14	415	498	248	1212	3667	469.0	0	0	1315	1815	0
15	412	494	246	1204	3665	465.0	0	0	1447	1947	1
15	415	498	248	1213	3667	469.0	0	0	1447	1947	1
15	422	526	310	1309	4189	466.0	0	0	1447	1947	1
15	450	609	476	1587	5421	466.0	0	0	1447	1947	1
15	449	607	475	1582	5421	464.0	0	0	1447	1947	1
15	452	611	477	1591	5411	468.0	0	0	1447	1947	1
15	449	608	476	1584	5430	465.0	0	0	1447	1947	1
15	451	610	477	1590	5420	467.0	0	0	1447	1947	1
15	450	608	475	1584	5412	465.0	0	0	1447	1947	1
15	450	609	475	1586	5412	467.0	0	0	1447	1947	1
15	450	608	475	1584	5412	465.0	0	0	1447	1947	1
15	450	609	475	1585	5412	467.0	0	0	1447	1947	1
15	450	609	475	1585	5412	467.0	0	0	1447	1947	1
15	450	609	475	1586	5412	467.0	0	0	1447	1947	1
15	449	607	474	1582	5413	465.0	0	0	1447	1947	1
15	451	609	475	1587	5403	467.0	0	0	1447	1947	1
15	449	607	474	1581	5413	465.0	0	0	1447	1947	1
15	451	610	475	1588	5403	468.0	0	0	1447	1947	1
15	448	607	474	1580	5422	465.0	0	0	1447	1947	1
15	451	611	477	1591	5420	468.0	0	0	1447	1947	1
15	449	607	475	1583	5421	464.0	0	0	1447	1947	1
15	451	611	477	1591	5420	468.0	0	0	1447	1947	1
15	449	607	475	1582	5421	464.0	0	0	1447	1947	1
15	451	611	477	1591	5420	468.0	0	0	1447	1947	1
15	449	607	475	1583	5421	464.0	0	0	1447	1947	1
15	451	610	477	1590	5420	467.0	0	0	1447	1947	1
15	449	608	476	1584	5430	465.0	0	0	1447	1947	1
15	451	610	477	1590	5420	467.0	0	0	1447	1947	1
15	449	608	476	1585	5430	465.0	0	0	1447	1947	0
15	451	610	476	1588	5412	467.0	0	0	1447	1947	0
15	416	499	249	1216	3671	470.0	0	0	1447	1947	0
15	416	499	248	1215	3662	471.0	0	0	1447	1947	0
15	416	499	248	1214	3662	471.0	0	0	1447	1947	0
15	416	500	248	1217	3662	472.0	0	0	1447	1947	0
15	415	498	248	1213	3667	469.0	0	0	1447	1947	0
16	417	500	248	1218	3656	472.0	0	0	1578	2078	1
16	422	520	293	1286	4036	469.0	0	0	1578	2078	1
16	454	619	495	1620	5545	467.0	0	0	1578	2078	1
16	451	616	493	1612	5555	465.0	0	0	1578	2078	1
16	454	619	495	1620	5545	467.0	0	0	1578	2078	1
16	451	616	493	1612	5555	465.0	0	0	1578	2078	1
16	454	620	495	1621	5545	468.0	0	0	1578	2078	1
16	451	616	493	1612	5555	465.0	0	0	1578	2078	1
16	454	620	496	1623	5553	468.0	0	0	1578	2078	1
16	452	617	495	1614	5563	464.0	0	0	1578	2078	1
16	454	620	496	1622	5553	468.0	0	0	1578	2078	1
16	452	617	495	1615	5563	464.0	0	0	1578	2078	1
16	454	620	496	1622	5553	468.0	0	0	1578	2078	1
16	452	617	495	1616	5563	464.0	0	0	1578	2078	1
16	454	619	496	1620	5553	466.0	0	0	1578	2078	1
16	453	619	496	1620	5562	466.0	0	0	1578	2078	1
16	453	618	495	1619	5554	466.0	0	0	1578	2078	1
16	453	618	495	1618	5554	466.0	0	0	1578	2078	1
16	453	619	495	1619	5554	467.0	0	0	1578	2078	1
16	452	617	494	1614	5555	465.0	0	0	1578	2078	1
16	453	619	494	1618	5545	468.0	0	0	1578	2078	1
16	452	616	493	1613	5546	464.0	0	0	1578	2078	1
16	454	619	495	1620	5545	467.0	0	0	1578	2078	1
16	451	616	493	1612	5555	465.0	0	0	1578	2078	1
16	454	619	495	1620	5545	467.0	0	0	1578	2078	1
16	451	616	493	1612	5555	465.0	0	0	1578	2078	1
16	454	620	495	1621	5545	468.0	0	0	1578	2078	1
16	451	616	493	1612	5555	465.0	0	0	1578	2078	0
16	454	620	495	1621	5545	468.0	0	0	1578	2078	0
16	416	501	254	1222	3717	469.0	0	0	1578	2078	0
16	417	501	249	1219	3666	473.0	0	0	1578	2078	0
16	415	498	247	1212	3658	470.0	0	0	1578	2078	0
16	417	500	249	1219	3666	471.0	0	0	1578	2078	0
16	415	498	248	1213	3667	469.0	0	0	1578	2078	0
17	416	499	248	1214	3662	471.0	0	0	1710	2210	1
17	429	541	335	1358	4366	469.0	0	0	1710	2210	1
17	456	628	515	1651	5693	466.0	0	0	1710	2210	1
17	456	628	515	1651	5693	466.0	0	0	1710	2210	1
17	456	628	515	1652	5693	466.0	0	0	1710	2210	1
17	455	627	515	1649	5703	464.0	0	0	1710	2210	1
17	457	629	515	1652	5684	467.0	0	0	1710	2210	1
17	455	626	513	1645	5686	464.0	0	0	1710	2210	1
17	457	629	515	1653	5684	467.0	0	0	1710	2210	1
17	455	626	513	1645	5686	464.0	0	0	1710	2210	1
17	457	629	515	1653	5684	467.0	0	0	1710	2210	1
17	454	626	513	1644	5696	465.0	0	0	1710	2210	1
17	457	629	515	1653	5684	467.0	0	0	1710	2210	1
17	454	626	513	1645	5696	465.0	0	0	1710	2210	1
17	457	629	515	1653	5684	467.0	0	0	1710	2210	1
17	455	626	513	1645	5686	464.0	0	0	1710	2210	1
17	457	629	515	1653	5684	467.0	0	0	1710	2210	1
17	455	626	513	1646	5686	464.0	0	0	1710	2210	1
17	455	627	515	1649	5703	464.0	0	0	1710	2210	1
17	456	629	515	1652	5693	467.0	0	0	1710	2210	1
17	456	628	515	1650	5693	466.0	0	0	1710	2210	1
17	456	628	515	1651	5693	466.0	0	0	1710	2210	1
17	456	629	515	1652	5693	467.0	0	0	1710	2210	1
17	456	628	515	1650	5693	466.0	0	0	1710	2210	1
17	457	629	515	1653	5684	467.0	0	0	1710	2210	1
17	455	627	515	1648	5703	464.0	0	0	1710	2210	1
17	457	629	516	1654	5692	466.0	0	0	1710	2210	1
17	455	627	515	1647	5703	464.0	0	0	1710	2210	0
17	457	629	515	1653	5684	467.0	0	0	1710	2210	0
17	415	497	247	1211	3658	468.0	0	0	1710	2210	0
17	418	501	249	1220	3660	472.0	0	0	1710	2210	0
17	415	497	247	1211	3658	468.0	0	0	1710	2210	0
17	417	501	249	1220	3666	473.0	0	0	1710	2210	0
17	415	498	247	1212	3658	470.0	0	0	1710	2210	0
18	417	501	249	1219	3666	473.0	0	0	1842	2342	1
18	415	498	247	1212	3658	470.0	0	0	1842	2342	1
18	433	550	352	1387	4488	469.0	0	0	1842	2342	1
18	460	638	535	1685	5822	466.0	0	0	1842	2342	1
18	458	637	535	1681	5841	465.0	0	0	1842	2342	1
18	459	638	535	1683	5831	466.0	0	0	1842	2342	1
18	459	637	533	1680	5815	466.0	0	0	1842	2342	1
18	458	636	533	1679	5824	465.0	0	0	1842	2342	1
18	459	638	534	1682	5823	467.0	0	0	1842	2342	1
18	458	636	533	1679	5824	465.0	0	0	1842	2342	1
18	460	638	534	1683	5813	466.0	0	0	1842	2342	1
18	457	635	533	1677	5834	463.0	0	0	1842	2342	1
18	460	638	534	1684	5813	466.0	0	0	1842	2342	1
18	457	635	533	1677	5834	463.0	0	0	1842	2342	1
18	460	639	535	1685	5822	467.0	0	0	1842	2342	1
18	457	635	533	1676	5834	463.0	0	0	1842	2342	1
18	460	639	534	1685	5813	468.0	0	0	1842	2342	1
18	458	636	534	1679	5833	464.0	0	0	1842	2342	1
18	460	639	536	1687	5830	466.0	0	0	1842	2342	1
18	458	636	534	1680	5833	464.0	0	0	1842	2342	1
18	460	639	536	1686	5830	466.0	0	0	1842	2342	1
18	460	639	536	1686	5830	466.0	0	0	1842	2342	1
18	459	638	535	1683	5831	466.0	0	0	1842	2342	1
18	459	638	535	1684	5831	466.0	0	0	1842	2342	1
18	459	638	535	1684	5831	466.0	0	0	1842	2342	1
18	459	637	535	1682	5831	464.0	0	0	1842	2342	1
18	459	638	535	1685	5831	466.0	0	0	1842	2342	1
18	458	637	534	1680	5833	465.0	0	0	1842	2342	0
18	458	632	522	1664	5733	466.0	0	0	1842	2342	0
18	415	498	247	1212	3658	470.0	0	0	1842	2342	0
18	417	501	249	1219	3666	473.0	0	0	1842	2342	0
18	415	498	247	1212	3658	470.0	0	0	1842	2342	0
18	417	501	249	1220	3666	473.0	0	0	1842	2342	0
18	415	498	247	1212	3658	470.0	0	0	1842	2342	0
19	418	501	249	1220	3660	472.0	0	0	1973	2473	1
19	415	498	247	1212	3658	470.0	0	0	1973	2473	1
19	429	538	327	1347	4295	470.0	0	0	1973	2473	1
19	460	645	552	1709	5963	464.0	0	0	1973	2473	1
19	462	647	554	1715	5959	465.0	0	0	1973	2473	1
19	460	645	553	1709	5971	463.0	0	0	1973	2473	1
19	461	646	554	1712	5969	464.0	0	0	1973	2473	1
19	461	647	555	1714	5977	465.0	0	0	1973	2473	1
19	461	646	554	1713	5969	464.0	0	0	1973	2473	1
19	461	646	554	1713	5969	464.0	0	0	1973	2473	1
19	462	647	555	1715	5967	465.0	0	0	1973	2473	1
19	461	646	554	1711	5969	464.0	0	0	1973	2473	1
19	462	648	555	1716	5967	466.0	0	0	1973	2473	1
19	460	645	554	1710	5979	463.0	0	0	1973	2473	1
19	462	648	555	1717	5967	466.0	0	0	1973	2473	1
19	460	645	554	1709	5979	463.0	0	0	1973	2473	1
19	463	648	555	1717	5958	466.0	0	0	1973	2473	1
19	460	644	553	1708	5971	462.0	0	0	1973	2473	1
19	462	647	554	1715	5959	465.0	0	0	1973	2473	1
19	460	644	552	1706	5963	463.0	0	0	1973	2473	1
19	462	647	554	1715	5959	465.0	0	0	1973	2473	1
19	460	644	552	1707	5963	463.0	0	0	1973	2473	1
19	462	647	554	1714	5959	465.0	0	0	1973	2473	1
19	460	644	552	1708	5963	463.0	0	0	1973	2473	1
19	461	645	553	1710	5961	463.0	0	0	1973	2473	1
19	461	646	553	1712	5961	465.0	0	0	1973	2473	1
19	461	646	553	1711	5961	465.0	0	0	1973	2473	1
19	461	645	553	1710	5961	463.0	0	0	1973	2473	0
19	461	644	548	1705	5920	465.0	0	0	1973	2473	0
19	415	498	247	1212	3658	470.0	0	0	1973	2473	0
19	416	500	248	1217	3662	472.0	0	0	1973	2473	0
19	414	497	247	1211	3664	469.0	0	0	1973	2473	0
19	417	500	248	1218	3656	472.0	0	0	1973	2473	0
19	414	497	247	1210	3664	469.0	0	0	1973	2473	0
20	417	500	249	1218	3666	471.0	0	0	2105	2605	1
20	414	497	247	1210	3664	469.0	0	0	2105	2605	1
20	437	564	380	1433	4704	470.0	0	0	2105	2605	1
20	463	654	573	1742	6106	462.0	0	0	2105	2605	1
20	466	658	575	1750	6092	466.0	0	0	2105	2605	1
20	463	655	574	1743	6114	463.0	0	0	2105	2605	1
20	465	657	574	1747	6094	465.0	0	0	2105	2605	1
20	463	654	572	1741	6097	463.0	0	0	2105	2605	1
20	465	656	573	1746	6085	465.0	0	0	2105	2605	1
20	464	656	573	1745	6096	465.0	0	0	2105	2605	1
20	464	655	573	1743	6096	463.0	0	0	2105	2605	1
20	464	655	573	1743	6096	463.0	0	0	2105	2605	1
20	464	656	573	1745	6096	465.0	0	0	2105	2605	1
20	463	655	572	1742	6097	464.0	0	0	2105	2605	1
20	465	656	574	1746	6094	464.0	0	0	2105	2605	1
20	463	654	572	1740	6097	463.0	0	0	2105	2605	1
20	465	657	575	1749	6102	465.0	0	0	2105	2605	1
20	463	654	573	1742	6106	462.0	0	0	2105	2605	1
20	466	658	575	1750	6092	466.0	0	0	2105	2605	1
20	463	654	573	1741	6106	462.0	0	0	2105	2605	1
20	466	658	575	1750	6092	466.0	0	0	2105	2605	1
20	463	654	573	1741	6106	462.0	0	0	2105	2605	1
20	465	658	575	1750	6102	466.0	0	0	2105	2605	1
20	463	654	574	1742	6114	461.0	0	0	2105	2605	1
20	465	657	575	1749	6102	465.0	0	0	2105	2605	1
20	463	655	574	1743	6114	463.0	0	0	2105	2605	1
20	465	657	575	1748	6102	465.0	0	0	2105	2605	1
20	464	656	573	1744	6096	465.0	0	0	2105	2605	0
20	462	648	558	1720	5992	464.0	0	0	2105	2605	0
20	415	498	247	1213	3658	470.0	0	0	2105	2605	0
20	416	499	248	1215	3662	471.0	0	0	2105	2605	0
20	415	498	247	1212	3658	470.0	0	0	2105	2605	0
20	416	499	248	1216	3662	471.0	0	0	2105	2605	0
20	414	497	247	1210	3664	469.0	0	0	2105	2605	0
21	417	500	248	1217	3656	472.0	0	0	2236	2736	1
21	414	497	247	1209	3664	469.0	0	0	2236	2736	1
21	439	572	399	1462	4853	468.0	0	0	2236	2736	1
21	466	664	593	1774	6239	462.0	0	0	2236	2736	1
21	469	667	595	1782	6224	465.0	0	0	2236	2736	1
21	466	663	592	1771	6231	461.0	0	0	2236	2736	1
21	468	666	593	1779	6218	465.0	0	0	2236	2736	1
21	466	663	592	1772	6231	461.0	0	0	2236	2736	1
21	468	666	593	1779	6218	465.0	0	0	2236	2736	1
21	466	664	592	1772	6231	463.0	0	0	2236	2736	1
21	467	665	593	1776	6228	463.0	0	0	2236	2736	1
21	467	665	592	1775	6220	464.0	0	0	2236	2736	1
21	467	665	593	1777	6228	463.0	0	0	2236	2736	1
21	467	665	593	1776	6228	463.0	0	0	2236	2736	1
21	468	666	593	1778	6218	465.0	0	0	2236	2736	1
21	466	665	593	1775	6239	464.0	0	0	2236	2736	1
21	468	667	595	1781	6234	465.0	0	0	2236	2736	1
21	466	664	593	1775	6239	462.0	0	0	2236	2736	1
21	468	667	595	1782	6234	465.0	0	0	2236	2736	1
21	466	664	593	1774	6239	462.0	0	0	2236	2736	1
21	469	667	595	1782	6224	465.0	0	0	2236	2736	1
21	466	664	593	1774	6239	462.0	0	0	2236	2736	1
21	469	668	595	1783	6224	466.0	0	0	2236	2736	1
21	466	664	593	1774	6239	462.0	0	0	2236	2736	1
21	469	667	595	1782	6224	465.0	0	0	2236	2736	1
21	466	664	593	1775	6239	462.0	0	0	2236	2736	1
21	468	667	595	1782	6234	465.0	0	0	2236	2736	1
21	466	664	592	1774	6231	463.0	0	0	2236	2736	0
21	468	666	593	1778	6218	465.0	0	0	2236	2736	0
21	461	647	556	1715	5986	464.0	0	0	2236	2736	0
21	415	499	248	1214	3667	471.0	0	0	2236	2736	0
21	415	498	247	1213	3658	470.0	0	0	2236	2736	0
21	416	499	248	1216	3662	471.0	0	0	2236	2736	0
21	415	497	247	1211	3658	468.0	0	0	2236	2736	0
22	416	500	248	1217	3662	472.0	0	0	2368	2868	1
22	414	497	247	1210	3664	469.0	0	0	2368	2868	1
22	434	558	368	1413	4621	470.0	0	0	2368	2868	1
22	468	673	612	1804	6373	462.0	0	0	2368	2868	1
22	471	676	613	1813	6349	465.0	0	0	2368	2868	1
22	468	673	612	1805	6373	462.0	0	0	2368	2868	1
22	472	677	615	1815	6355	465.0	0	0	2368	2868	1
22	469	674	613	1807	6370	462.0	0	0	2368	2868	1
22	471	677	615	1815	6365	465.0	0	0	2368	2868	1
22	469	674	614	1808	6378	462.0	0	0	2368	2868	1
22	471	677	615	1814	6365	465.0	0	0	2368	2868	1
22	469	674	614	1809	6378	462.0	0	0	2368	2868	1
22	471	676	615	1813	6365	463.0	0	0	2368	2868	1
22	470	675	614	1811	6368	463.0	0	0	2368	2868	1
22	470	675	614	1811	6368	463.0	0	0	2368	2868	1
22	470	675	614	1810	6368	463.0	0	0	2368	2868	1
22	471	676	613	1811	6349	465.0	0	0	2368	2868	1
22	469	674	612	1806	6362	463.0	0	0	2368	2868	1
22	471	676	614	1812	6357	464.0	0	0	2368	2868	1
22	469	673	612	1805	6362	462.0	0	0	2368	2868	1
22	471	676	613	1813	6349	465.0	0	0	2368	2868	1
22	469	673	612	1804	6362	462.0	0	0	2368	2868	1
22	471	677	614	1813	6357	466.0	0	0	2368	2868	1
22	469	673	612	1805	6362	462.0	0	0	2368	2868	1
22	471	676	613	1813	6349	465.0	0	0	2368	2868	1
22	469	673	612	1805	6362	462.0	0	0	2368	2868	1
22	471	676	613	1812	6349	465.0	0	0	2368	2868	1
22	469	674	613	1807	6370	462.0	0	0	2368	2868	1
22	471	677	615	1814	6365	465.0	0	0	2368	2868	0
22	464	657	576	1748	6120	464.0	0	0	2368	2868	0
22	416	499	248	1215	3662	471.0	0	0	2368	2868	0
22	415	499	248	1214	3667	471.0	0	0	2368	2868	0
22	415	498	248	1214	3667	469.0	0	0	2368	2868	0
22	415	498	247	1216	3658	470.0	0	0	2368	2868	0
23	416	500	248	1217	3662	472.0	0	0	2500	3000	1
23	414	497	247	1211	3664	469.0	0	0	2500	3000	1
23	444	589	433	1518	5106	468.0	0	0	2500	3000	1
23	472	684	634	1840	6508	462.0	0	0	2500	3000	1
23	475	686	634	1846	6476	464.0	0	0	2500	3000	1
23	472	683	632	1837	6492	462.0	0	0	2500	3000	1
23	474	686	634	1846	6487	464.0	0	0	2500	3000	1
23	472	683	632	1838	6492	462.0	0	0	2500	3000	1
23	474	686	634	1846	6487	464.0	0	0	2500	3000	1
23	472	683	632	1838	6492	462.0	0	0	2500	3000	1
23	474	686	634	1845	6487	464.0	0	0	2500	3000	1
23	472	683	632	1839	6492	462.0	0	0	2500	3000	1
23	474	685	633	1843	6479	463.0	0	0	2500	3000	1
23	473	684	633	1841	6489	462.0	0	0	2500	3000	1
23	473	685	633	1842	6489	464.0	0	0	2500	3000	1
23	473	685	634	1843	6497	463.0	0	0	2500	3000	1
23	473	685	634	1843	6497	463.0	0	0	2500	3000	1
23	474	686	635	1846	6495	464.0	0	0	2500	3000	1
23	474	686	635	1847	6495	464.0	0	0	2500	3000	1
23	472	684	633	1840	6500	463.0	0	0	2500	3000	1
23	475	687	635	1847	6484	465.0	0	0	2500	3000	1
23	472	683	633	1840	6500	461.0	0	0	2500	3000	1
23	475	687	635	1848	6484	465.0	0	0	2500	3000	1
23	472	683	633	1840	6500	461.0	0	0	2500	3000	1
23	475	687	635	1848	6484	465.0	0	0	2500	3000	1
23	472	684	633	1840	6500	463.0	0	0	2500	3000	1
23	474	686	633	1845	6479	465.0	0	0	2500	3000	1
23	472	683	632	1839	6492	462.0	0	0	2500	3000	1
