Stim	R	G	B	C	Temp	HueLux	Yellow	Red	Blue	Blue2	Trig
1	418	510	419	1376	5210	362.0	0	1500	0	0	1
1	2458	622	642	3533	2274	0.0	0	1500	0	0	1
1	2781	642	678	3877	2198	0.0	0	1500	0	0	1
1	2777	641	677	3871	2198	0.0	0	1500	0	0	1
1	2780	642	678	3876	2199	0.0	0	1500	0	0	1
1	2780	641	678	3875	2199	0.0	0	1500	0	0	1
1	2780	641	677	3874	2197	0.0	0	1500	0	0	1
1	2778	642	678	3874	2199	0.0	0	1500	0	0	1
1	2778	640	677	3871	2198	0.0	0	1500	0	0	1
1	2780	642	678	3877	2200	0.0	0	1500	0	0	1
1	2778	640	677	3871	2198	0.0	0	1500	0	0	1
1	2779	643	679	3877	2201	0.0	0	1500	0	0	1
1	2776	640	676	3868	2197	0.0	0	1500	0	0	1
1	2780	643	679	3878	2200	0.0	0	1500	0	0	1
1	2778	640	676	3870	2197	0.0	0	1500	0	0	1
1	2780	643	679	3878	2200	0.0	0	1500	0	0	1
1	2775	639	676	3866	2197	0.0	0	1500	0	0	1
1	2781	643	679	3878	2200	0.0	0	1500	0	0	1
1	2780	643	679	3879	2201	0.0	0	1500	0	0	1
1	2775	640	676	3867	2197	0.0	0	1500	0	0	1
1	2779	643	679	3876	2201	0.0	0	1500	0	0	1
1	2778	640	677	3871	2198	0.0	0	1500	0	0	1
1	2779	642	679	3876	2201	0.0	0	1500	0	0	1
1	2777	641	677	3870	2198	0.0	0	1500	0	0	1
1	2777	642	678	3874	2201	0.0	0	1500	0	0	1
1	2778	641	677	3872	2198	0.0	0	1500	0	0	1
1	2776	641	677	3871	2200	0.0	0	1500	0	0	1
1	2778	641	677	3873	2199	0.0	0	1500	0	0	0
1	2553	628	653	3634	2249	0.0	0	1500	0	0	0
1	418	509	419	1375	5210	361.0	0	1500	0	0	0
1	417	508	418	1372	5210	360.0	0	1500	0	0	0
1	418	510	419	1376	5210	362.0	0	1500	0	0	0
1	416	507	418	1370	5219	359.0	0	1500	0	0	0
1	419	510	420	1377	5210	361.0	0	1500	0	0	0
2	416	507	417	1369	5210	359.0	0	1500	0	0	1
2	419	510	420	1378	5210	361.0	0	1500	0	0	1
2	2778	643	679	3877	2202	0.0	0	1500	0	0	1
2	2778	640	676	3870	2197	0.0	0	1500	0	0	1
2	2780	643	679	3879	2201	0.0	0	1500	0	0	1
2	2777	640	676	3869	2197	0.0	0	1500	0	0	1
2	2777	643	679	3875	2201	0.0	0	1500	0	0	1
2	2777	640	676	3869	2197	0.0	0	1500	0	0	1
2	2779	643	678	3876	2199	0.0	0	1500	0	0	1
2	2777	640	677	3870	2198	0.0	0	1500	0	0	1
2	2776	642	678	3873	2201	0.0	0	1500	0	0	1
2	2774	640	677	3868	2200	0.0	0	1500	0	0	1
2	2778	642	678	3874	2199	0.0	0	1500	0	0	1
2	2778	641	677	3872	2198	0.0	0	1500	0	0	1
2	2778	641	677	3872	2198	0.0	0	1500	0	0	1
2	2775	641	677	3870	2200	0.0	0	1500	0	0	1
2	2776	641	677	3870	2199	0.0	0	1500	0	0	1
2	2778	642	678	3874	2199	0.0	0	1500	0	0	1
2	2776	640	677	3869	2199	0.0	0	1500	0	0	1
2	2776	642	678	3872	2200	0.0	0	1500	0	0	1
2	2775	640	676	3867	2197	0.0	0	1500	0	0	1
2	2776	640	676	3867	2197	0.0	0	1500	0	0	1
2	2776	643	678	3874	2201	0.0	0	1500	0	0	1
2	2775	639	676	3866	2197	0.0	0	1500	0	0	1
2	2778	643	679	3876	2201	0.0	0	1500	0	0	1
2	2775	639	676	3867	2199	0.0	0	1500	0	0	1
2	2776	643	679	3874	2201	0.0	0	1500	0	0	1
2	2774	640	676	3866	2198	0.0	0	1500	0	0	0
2	2483	626	646	3564	2270	0.0	0	1500	0	0	0
2	416	507	418	1370	5219	359.0	0	1500	0	0	0
2	418	510	420	1377	5219	361.0	0	1500	0	0	0
2	416	508	418	1371	5219	360.0	0	1500	0	0	0
2	418	510	419	1376	5210	362.0	0	1500	0	0	0
2	417	508	418	1372	5210	360.0	0	1500	0	0	0
3	418	509	419	1375	5210	361.0	0	1500	0	0	1
3	417	508	418	1373	5210	360.0	0	1500	0	0	1
3	2674	635	666	3763	2221	0.0	0	1500	0	0	1
3	2777	641	678	3873	2201	0.0	0	1500	0	0	1
3	2774	640	677	3867	2199	0.0	0	1500	0	0	1
3	2776	640	676	3868	2197	0.0	0	1500	0	0	1
3	2777	642	678	3874	2201	0.0	0	1500	0	0	1
3	2773	640	676	3865	2198	0.0	0	1500	0	0	1
3	2776	642	678	3873	2201	0.0	0	1500	0	0	1
3	2775	640	676	3867	2197	0.0	0	1500	0	0	1
3	2777	643	678	3875	2201	0.0	0	1500	0	0	1
3	2772	639	676	3864	2199	0.0	0	1500	0	0	1
3	2777	643	679	3876	2202	0.0	0	1500	0	0	1
3	2775	640	676	3866	2197	0.0	0	1500	0	0	1
3	2778	643	679	3875	2201	0.0	0	1500	0	0	1
3	2772	639	676	3863	2198	0.0	0	1500	0	0	1
3	2777	643	679	3875	2201	0.0	0	1500	0	0	1
3	2775	640	676	3867	2197	0.0	0	1500	0	0	1
3	2777	642	678	3874	2201	0.0	0	1500	0	0	1
3	2773	640	676	3865	2198	0.0	0	1500	0	0	1
3	2776	642	678	3873	2201	0.0	0	1500	0	0	1
3	2775	640	677	3868	2199	0.0	0	1500	0	0	1
3	2776	642	678	3871	2200	0.0	0	1500	0	0	1
3	2773	641	677	3867	2199	0.0	0	1500	0	0	1
3	2775	641	677	3870	2200	0.0	0	1500	0	0	1
3	2773	640	677	3867	2201	0.0	0	1500	0	0	1
3	2773	642	677	3869	2201	0.0	0	1500	0	0	1
3	2774	640	676	3867	2199	0.0	0	1500	0	0	0
3	2327	617	629	3397	2311	0.0	0	1500	0	0	0
3	416	507	417	1370	5210	359.0	0	1500	0	0	0
3	418	510	420	1377	5219	361.0	0	1500	0	0	0
3	416	507	417	1368	5210	359.0	0	1500	0	0	0
3	418	510	420	1377	5219	361.0	0	1500	0	0	0
3	416	506	417	1368	5210	358.0	0	1500	0	0	0
4	418	510	420	1377	5219	361.0	0	1500	0	0	1
4	415	506	417	1367	5219	358.0	0	1500	0	0	1
4	418	510	420	1377	5219	361.0	0	1500	0	0	1
4	1572	572	544	2592	2631	0.0	0	1500	0	0	1
4	1621	578	552	2650	2608	0.0	0	1500	0	0	1
4	1619	575	549	2643	2602	0.0	0	1500	0	0	1
4	1615	577	551	2644	2612	0.0	0	1500	0	0	1
4	1616	575	549	2641	2606	0.0	0	1500	0	0	1
4	1619	576	550	2645	2605	0.0	0	1500	0	0	1
4	1618	576	550	2645	2607	0.0	0	1500	0	0	1
4	1618	576	550	2644	2605	0.0	0	1500	0	0	1
4	1620	576	550	2646	2604	0.0	0	1500	0	0	1
4	1620	576	551	2647	2606	0.0	0	1500	0	0	1
4	1616	575	549	2641	2606	0.0	0	1500	0	0	1
4	1604	576	549	2631	2616	0.0	0	1500	0	0	1
4	1572	572	544	2594	2632	0.0	0	1500	0	0	1
4	1574	574	546	2600	2636	0.0	0	1500	0	0	1
4	1572	572	544	2593	2632	0.0	0	1500	0	0	1
4	1574	575	546	2601	2636	0.0	0	1500	0	0	1
4	1572	572	544	2592	2631	0.0	0	1500	0	0	1
4	1575	575	547	2602	2637	0.0	0	1500	0	0	1
4	1572	572	544	2592	2631	0.0	0	1500	0	0	1
4	1580	576	547	2607	2631	0.0	0	1500	0	0	1
4	1572	572	544	2592	2631	0.0	0	1500	0	0	1
4	1574	575	547	2601	2638	0.0	0	1500	0	0	1
4	1572	572	544	2593	2632	0.0	0	1500	0	0	1
4	1621	578	552	2650	2608	0.0	0	1500	0	0	1
4	1618	577	551	2647	2610	0.0	0	1500	0	0	0
4	1247	554	509	2250	2890	97.0	0	1500	0	0	0
4	418	510	419	1376	5210	362.0	0	1500	0	0	0
4	417	508	418	1372	5210	360.0	0	1500	0	0	0
4	418	509	419	1374	5210	361.0	0	1500	0	0	0
4	417	509	419	1373	5219	361.0	0	1500	0	0	0
4	417	508	419	1373	5219	359.0	0	1500	0	0	0
5	418	509	419	1374	5210	361.0	0	1500	131	0	1
5	417	508	418	1371	5210	360.0	0	1500	131	0	1
5	438	511	422	1398	5061	355.0	0	1500	131	0	1
5	1615	583	591	2690	2709	0.0	0	1500	131	0	1
5	1619	585	594	2700	2713	0.0	0	1500	131	0	1
5	1619	583	592	2695	2708	0.0	0	1500	131	0	1
5	1622	586	594	2704	2711	0.0	0	1500	131	0	1
5	1619	583	591	2694	2706	0.0	0	1500	131	0	1
5	1618	586	594	2700	2714	0.0	0	1500	131	0	1
5	1619	583	591	2694	2706	0.0	0	1500	131	0	1
5	1623	586	594	2704	2710	0.0	0	1500	131	0	1
5	1614	586	593	2696	2716	0.0	0	1500	131	0	1
5	1620	583	592	2695	2706	0.0	0	1500	131	0	1
5	1575	583	587	2652	2739	0.0	0	1500	131	0	1
5	1573	581	585	2645	2734	0.0	0	1500	131	0	1
5	1574	583	587	2650	2738	0.0	0	1500	131	0	1
5	1574	581	586	2646	2735	0.0	0	1500	131	0	1
5	1575	582	587	2650	2737	0.0	0	1500	131	0	1
5	1574	581	586	2648	2737	0.0	0	1500	131	0	1
5	1579	582	587	2654	2733	0.0	0	1500	131	0	1
5	1575	582	586	2649	2734	0.0	0	1500	131	0	1
5	1574	581	586	2647	2735	0.0	0	1500	131	0	1
5	1575	582	587	2650	2737	0.0	0	1500	131	0	1
5	1573	580	585	2645	2735	0.0	0	1500	131	0	1
5	1595	584	590	2674	2727	0.0	0	1500	131	0	1
5	1619	583	591	2694	2706	0.0	0	1500	131	0	1
5	1622	586	594	2703	2711	0.0	0	1500	131	0	1
5	1617	583	591	2692	2707	0.0	0	1500	131	0	0
5	1622	586	594	2703	2711	0.0	0	1500	131	0	0
5	1185	555	528	2216	3041	104.0	0	1500	131	0	0
5	416	507	417	1369	5210	359.0	0	1500	131	0	0
5	419	510	420	1378	5210	361.0	0	1500	131	0	0
5	416	507	418	1370	5219	359.0	0	1500	131	0	0
5	419	510	420	1377	5210	361.0	0	1500	131	0	0
6	417	508	418	1371	5210	360.0	0	1500	263	0	1
6	418	510	419	1376	5210	362.0	0	1500	263	0	1
6	500	515	441	1477	4751	327.0	0	1500	263	0	1
6	1627	615	752	2900	3091	0.0	0	1500	263	0	1
6	1626	614	751	2897	3089	0.0	0	1500	263	0	1
6	1624	614	751	2896	3093	0.0	0	1500	263	0	1
6	1626	615	752	2899	3092	0.0	0	1500	263	0	1
6	1625	614	751	2896	3090	0.0	0	1500	263	0	1
6	1627	616	752	2901	3091	0.0	0	1500	263	0	1
6	1624	613	750	2894	3090	0.0	0	1500	263	0	1
6	1625	616	753	2900	3095	0.0	0	1500	263	0	1
6	1625	613	750	2894	3088	0.0	0	1500	263	0	1
6	1628	616	753	2903	3092	0.0	0	1500	263	0	1
6	1583	609	738	2841	3109	0.0	0	1500	263	0	1
6	1578	609	737	2835	3112	0.0	0	1500	263	0	1
6	1581	612	740	2844	3116	0.0	0	1500	263	0	1
6	1578	609	738	2836	3114	0.0	0	1500	263	0	1
6	1586	613	742	2850	3114	0.0	0	1500	263	0	1
6	1578	609	738	2836	3114	0.0	0	1500	263	0	1
6	1580	612	740	2843	3117	0.0	0	1500	263	0	1
6	1579	610	738	2837	3112	0.0	0	1500	263	0	1
6	1585	612	740	2847	3110	0.0	0	1500	263	0	1
6	1579	610	739	2839	3116	0.0	0	1500	263	0	1
6	1579	611	739	2839	3114	0.0	0	1500	263	0	1
6	1626	615	752	2899	3092	0.0	0	1500	263	0	1
6	1620	614	750	2890	3093	0.0	0	1500	263	0	1
6	1627	616	752	2901	3091	0.0	0	1500	263	0	1
6	1625	613	750	2894	3088	0.0	0	1500	263	0	0
6	1625	616	752	2900	3094	0.0	0	1500	263	0	0
6	1022	560	584	2134	3542	124.0	0	1500	263	0	0
6	419	510	420	1378	5210	361.0	0	1500	263	0	0
6	416	507	417	1369	5210	359.0	0	1500	263	0	0
6	419	511	420	1379	5210	363.0	0	1500	263	0	0
6	419	511	420	1379	5210	363.0	0	1500	263	0	0
7	416	507	417	1370	5210	359.0	0	1500	394	0	1
7	419	510	420	1378	5210	361.0	0	1500	394	0	1
7	435	509	425	1396	5113	351.0	0	1500	394	0	1
7	1632	649	930	3123	3516	0.0	0	1500	394	0	1
7	1632	647	929	3119	3514	0.0	0	1500	394	0	1
7	1633	649	930	3124	3515	0.0	0	1500	394	0	1
7	1632	648	927	3118	3509	0.0	0	1500	394	0	1
7	1630	648	929	3120	3518	0.0	0	1500	394	0	1
7	1626	648	927	3113	3517	0.0	0	1500	394	0	1
7	1632	648	929	3120	3514	0.0	0	1500	394	0	1
7	1632	649	930	3122	3516	0.0	0	1500	394	0	1
7	1630	647	928	3117	3514	0.0	0	1500	394	0	1
7	1626	649	928	3115	3519	0.0	0	1500	394	0	1
7	1631	647	928	3117	3513	0.0	0	1500	394	0	1
7	1586	644	911	3057	3535	0.0	0	1500	394	0	1
7	1584	641	908	3049	3530	0.0	0	1500	394	0	1
7	1592	645	913	3066	3531	0.0	0	1500	394	0	1
7	1586	644	911	3058	3536	0.0	0	1500	394	0	1
7	1584	641	908	3049	3530	0.0	0	1500	394	0	1
7	1586	644	911	3058	3536	0.0	0	1500	394	0	1
7	1584	641	908	3050	3531	0.0	0	1500	394	0	1
7	1586	644	911	3057	3535	0.0	0	1500	394	0	1
7	1584	642	909	3050	3533	0.0	0	1500	394	0	1
7	1586	644	910	3056	3532	0.0	0	1500	394	0	1
7	1609	645	921	3089	3527	0.0	0	1500	394	0	1
7	1630	648	929	3120	3518	0.0	0	1500	394	0	1
7	1632	648	929	3121	3514	0.0	0	1500	394	0	1
7	1632	648	929	3120	3514	0.0	0	1500	394	0	1
7	1632	648	928	3121	3512	0.0	0	1500	394	0	0
7	1095	586	703	2347	3814	54.0	0	1500	394	0	0
7	418	510	420	1377	5219	361.0	0	1500	394	0	0
7	416	507	418	1370	5219	359.0	0	1500	394	0	0
7	419	510	420	1378	5210	361.0	0	1500	394	0	0
7	416	507	417	1369	5210	359.0	0	1500	394	0	0
8	419	510	420	1378	5210	361.0	0	1500	526	0	1
8	416	507	417	1369	5210	359.0	0	1500	526	0	1
8	599	534	525	1670	4730	264.0	0	1500	526	0	1
8	1640	686	1123	3367	3969	0.0	0	1500	526	0	1
8	1636	683	1121	3358	3970	0.0	0	1500	526	0	1
8	1635	685	1120	3359	3970	0.0	0	1500	526	0	1
8	1638	684	1121	3361	3967	0.0	0	1500	526	0	1
8	1639	686	1122	3366	3969	0.0	0	1500	526	0	1
8	1637	684	1121	3360	3969	0.0	0	1500	526	0	1
8	1637	685	1123	3363	3973	0.0	0	1500	526	0	1
8	1638	684	1122	3363	3970	0.0	0	1500	526	0	1
8	1639	685	1122	3363	3968	0.0	0	1500	526	0	1
8	1602	679	1099	3302	3974	0.0	0	1500	526	0	1
8	1591	677	1095	3285	3983	0.0	0	1500	526	0	1
8	1592	679	1096	3289	3984	0.0	0	1500	526	0	1
8	1590	676	1094	3283	3983	0.0	0	1500	526	0	1
8	1592	679	1096	3289	3984	0.0	0	1500	526	0	1
8	1590	676	1094	3282	3982	0.0	0	1500	526	0	1
8	1592	679	1096	3290	3984	0.0	0	1500	526	0	1
8	1590	676	1093	3281	3980	0.0	0	1500	526	0	1
8	1590	676	1094	3282	3982	0.0	0	1500	526	0	1
8	1597	680	1099	3299	3983	0.0	0	1500	526	0	1
8	1590	676	1094	3282	3982	0.0	0	1500	526	0	1
8	1638	686	1123	3365	3972	0.0	0	1500	526	0	1
8	1636	683	1121	3359	3971	0.0	0	1500	526	0	1
8	1634	685	1120	3357	3971	0.0	0	1500	526	0	1
8	1638	684	1121	3361	3967	0.0	0	1500	526	0	1
8	1638	685	1121	3362	3967	0.0	0	1500	526	0	1
8	1636	684	1122	3360	3973	0.0	0	1500	526	0	0
8	1017	595	765	2352	4245	49.0	0	1500	526	0	0
8	418	509	419	1375	5210	361.0	0	1500	526	0	0
8	417	508	418	1372	5210	360.0	0	1500	526	0	0
8	418	510	419	1376	5210	362.0	0	1500	526	0	0
8	416	507	418	1370	5219	359.0	0	1500	526	0	0
8	419	510	420	1377	5210	361.0	0	1500	526	0	0
9	416	507	417	1369	5210	359.0	0	1500	657	0	1
9	419	510	420	1378	5210	361.0	0	1500	657	0	1
9	679	553	611	1849	4819	205.0	0	1500	657	0	1
9	1640	722	1314	3600	4425	0.0	0	1500	657	0	1
9	1646	723	1317	3611	4421	0.0	0	1500	657	0	1
9	1643	720	1315	3602	4422	0.0	0	1500	657	0	1
9	1641	722	1312	3599	4419	0.0	0	1500	657	0	1
9	1642	720	1315	3602	4424	0.0	0	1500	657	0	1
9	1645	722	1317	3608	4423	0.0	0	1500	657	0	1
9	1645	721	1316	3605	4420	0.0	0	1500	657	0	1
9	1640	720	1310	3595	4416	0.0	0	1500	657	0	1
9	1598	713	1282	3520	4430	0.0	0	1500	657	0	1
9	1597	713	1281	3520	4430	0.0	0	1500	657	0	1
9	1598	714	1282	3522	4430	0.0	0	1500	657	0	1
9	1597	712	1281	3518	4429	0.0	0	1500	657	0	1
9	1598	714	1282	3523	4430	0.0	0	1500	657	0	1
9	1596	712	1281	3517	4431	0.0	0	1500	657	0	1
9	1599	714	1283	3524	4430	0.0	0	1500	657	0	1
9	1596	712	1280	3516	4429	0.0	0	1500	657	0	1
9	1599	715	1286	3529	4438	0.0	0	1500	657	0	1
9	1596	711	1280	3515	4429	0.0	0	1500	657	0	1
9	1599	715	1283	3525	4430	0.0	0	1500	657	0	1
9	1645	723	1317	3609	4423	0.0	0	1500	657	0	1
9	1642	720	1315	3601	4424	0.0	0	1500	657	0	1
9	1646	723	1317	3610	4421	0.0	0	1500	657	0	1
9	1644	720	1312	3599	4413	0.0	0	1500	657	0	1
9	1638	721	1313	3597	4427	0.0	0	1500	657	0	1
9	1643	721	1316	3603	4424	0.0	0	1500	657	0	0
9	860	585	740	2177	4666	102.0	0	1500	657	0	0
9	418	509	419	1374	5210	361.0	0	1500	657	0	0
9	418	509	419	1374	5210	361.0	0	1500	657	0	0
9	418	509	419	1376	5210	361.0	0	1500	657	0	0
9	417	508	418	1372	5210	360.0	0	1500	657	0	0
9	418	510	420	1377	5219	361.0	0	1500	657	0	0
10	417	508	418	1371	5210	360.0	0	1500	789	0	1
10	419	510	420	1378	5210	361.0	0	1500	789	0	1
10	608	546	590	1758	5088	232.0	0	1500	789	0	1
10	1653	760	1512	3855	4868	0.0	0	1500	789	0	1
10	1650	756	1509	3846	4868	0.0	0	1500	789	0	1
10	1653	760	1512	3856	4869	0.0	0	1500	789	0	1
10	1650	756	1508	3844	4866	0.0	0	1500	789	0	1
10	1649	756	1509	3846	4870	0.0	0	1500	789	0	1
10	1652	759	1512	3854	4871	0.0	0	1500	789	0	1
10	1651	756	1505	3842	4856	0.0	0	1500	789	0	1
10	1652	758	1510	3850	4866	0.0	0	1500	789	0	1
10	1605	748	1468	3755	4868	0.0	0	1500	789	0	1
10	1604	749	1469	3756	4873	0.0	0	1500	789	0	1
10	1604	748	1468	3755	4871	0.0	0	1500	789	0	1
10	1603	748	1468	3754	4873	0.0	0	1500	789	0	1
10	1604	749	1469	3756	4873	0.0	0	1500	789	0	1
10	1603	747	1468	3752	4873	0.0	0	1500	789	0	1
10	1610	750	1474	3768	4872	0.0	0	1500	789	0	1
10	1602	747	1467	3751	4873	0.0	0	1500	789	0	1
10	1605	750	1470	3758	4873	0.0	0	1500	789	0	1
10	1602	747	1467	3749	4873	0.0	0	1500	789	0	1
10	1610	750	1470	3765	4862	0.0	0	1500	789	0	1
10	1602	747	1467	3750	4873	0.0	0	1500	789	0	1
10	1653	760	1512	3855	4868	0.0	0	1500	789	0	1
10	1650	756	1506	3842	4861	0.0	0	1500	789	0	1
10	1649	756	1509	3842	4870	0.0	0	1500	789	0	1
10	1652	759	1512	3854	4871	0.0	0	1500	789	0	1
10	1650	757	1510	3847	4870	0.0	0	1500	789	0	0
10	926	612	866	2393	4952	31.0	0	1500	789	0	0
10	417	508	418	1372	5210	360.0	0	1500	789	0	0
10	418	509	419	1375	5210	361.0	0	1500	789	0	0
10	417	509	419	1374	5219	361.0	0	1500	789	0	0
10	417	508	418	1373	5210	360.0	0	1500	789	0	0
10	418	509	419	1375	5210	361.0	0	1500	789	0	0
11	417	508	418	1372	5210	360.0	0	1500	921	0	1
11	418	510	420	1377	5219	361.0	0	1500	921	0	1
11	784	593	803	2181	5293	93.0	0	1500	921	0	1
11	1659	796	1706	4098	5310	0.0	0	1500	921	0	1
11	1657	793	1704	4090	5311	0.0	0	1500	921	0	1
11	1659	796	1704	4096	5306	0.0	0	1500	921	0	1
11	1655	793	1704	4088	5316	0.0	0	1500	921	0	1
11	1653	795	1701	4086	5313	0.0	0	1500	921	0	1
11	1657	793	1704	4090	5311	0.0	0	1500	921	0	1
11	1659	796	1707	4099	5313	0.0	0	1500	921	0	1
11	1616	786	1662	4005	5311	0.0	0	1500	921	0	1
11	1609	783	1655	3987	5311	0.0	0	1500	921	0	1
11	1611	784	1656	3992	5309	0.0	0	1500	921	0	1
11	1609	783	1655	3987	5311	0.0	0	1500	921	0	1
11	1615	785	1661	4001	5311	0.0	0	1500	921	0	1
11	1610	783	1655	3989	5309	0.0	0	1500	921	0	1
11	1610	783	1655	3988	5309	0.0	0	1500	921	0	1
11	1610	784	1656	3991	5311	0.0	0	1500	921	0	1
11	1609	782	1655	3987	5311	0.0	0	1500	921	0	1
11	1611	785	1656	3992	5309	0.0	0	1500	921	0	1
11	1609	782	1654	3985	5309	0.0	0	1500	921	0	1
11	1658	796	1706	4097	5313	0.0	0	1500	921	0	1
11	1655	793	1703	4088	5313	0.0	0	1500	921	0	1
11	1659	796	1706	4099	5310	0.0	0	1500	921	0	1
11	1657	793	1704	4091	5311	0.0	0	1500	921	0	1
11	1659	797	1705	4098	5308	0.0	0	1500	921	0	1
11	1657	793	1703	4089	5308	0.0	0	1500	921	0	1
11	1658	796	1702	4092	5304	0.0	0	1500	921	0	0
11	1657	610	868	4091	3386	0.0	0	1500	921	0	0
11	417	508	418	1373	5210	360.0	0	1500	921	0	0
11	419	510	420	1378	5210	361.0	0	1500	921	0	0
11	418	509	419	1374	5210	361.0	0	1500	921	0	0
11	418	510	419	1376	5210	362.0	0	1500	921	0	0
11	418	509	419	1375	5210	361.0	0	1500	921	0	0
12	418	509	419	1375	5210	361.0	0	1500	1052	0	1
12	419	510	420	1378	5210	361.0	0	1500	1052	0	1
12	864	624	951	2437	5585	8.0	0	1500	1052	0	1
12	1665	832	1899	4340	5745	0.0	0	1500	1052	0	1
12	1664	830	1898	4334	5746	0.0	0	1500	1052	0	1
12	1666	831	1891	4331	5724	0.0	0	1500	1052	0	1
12	1662	829	1896	4331	5746	0.0	0	1500	1052	0	1
12	1664	833	1900	4339	5750	0.0	0	1500	1052	0	1
12	1663	829	1897	4332	5746	0.0	0	1500	1052	0	1
12	1661	831	1892	4327	5739	0.0	0	1500	1052	0	1
12	1615	817	1840	4218	5740	0.0	0	1500	1052	0	1
12	1618	821	1843	4228	5739	0.0	0	1500	1052	0	1
12	1615	817	1840	4219	5740	0.0	0	1500	1052	0	1
12	1615	818	1841	4220	5743	0.0	0	1500	1052	0	1
12	1617	820	1842	4225	5740	0.0	0	1500	1052	0	1
12	1615	818	1841	4221	5742	0.0	0	1500	1052	0	1
12	1622	820	1842	4229	5726	0.0	0	1500	1052	0	1
12	1616	819	1841	4222	5740	0.0	0	1500	1052	0	1
12	1616	819	1841	4223	5740	0.0	0	1500	1052	0	1
12	1616	819	1842	4224	5742	0.0	0	1500	1052	0	1
12	1648	827	1884	4303	5756	0.0	0	1500	1052	0	1
12	1665	832	1899	4340	5745	0.0	0	1500	1052	0	1
12	1663	830	1894	4329	5739	0.0	0	1500	1052	0	1
12	1664	833	1899	4339	5748	0.0	0	1500	1052	0	1
12	1662	830	1897	4332	5748	0.0	0	1500	1052	0	1
12	1666	833	1900	4342	5745	0.0	0	1500	1052	0	1
12	1663	829	1894	4329	5739	0.0	0	1500	1052	0	1
12	1665	833	1899	4340	5745	0.0	0	1500	1052	0	0
12	1661	830	1897	4330	5751	0.0	0	1500	1052	0	0
12	687	579	732	2008	5450	155.0	0	1500	1052	0	0
12	417	508	418	1371	5210	360.0	0	1500	1052	0	0
12	419	508	418	1380	5191	359.0	0	1500	1052	0	0
12	419	511	420	1379	5210	363.0	0	1500	1052	0	0
12	417	509	419	1373	5219	361.0	0	1500	1052	0	0
13	419	510	420	1377	5210	361.0	0	1500	1184	0	1
13	418	509	419	1374	5210	361.0	0	1500	1184	0	1
13	796	618	928	2347	5832	37.0	0	1500	1184	0	1
13	1666	867	2087	4570	6178	0.0	0	1500	1184	0	1
13	1671	868	2092	4580	6175	0.0	0	1500	1184	0	1
13	1672	869	2092	4582	6172	0.0	0	1500	1184	0	1
13	1668	867	2093	4578	6186	0.0	0	1500	1184	0	1
13	1666	869	2094	4580	6194	0.0	0	1500	1184	0	1
13	1669	867	2093	4578	6183	0.0	0	1500	1184	0	1
13	1672	870	2092	4583	6172	0.0	0	1500	1184	0	1
13	1654	862	2071	4538	6175	0.0	0	1500	1184	0	1
13	1630	858	2038	4478	6168	0.0	0	1500	1184	0	1
13	1622	853	2028	4455	6168	0.0	0	1500	1184	0	1
13	1625	857	2031	4464	6167	0.0	0	1500	1184	0	1
13	1622	853	2028	4455	6168	0.0	0	1500	1184	0	1
13	1624	857	2031	4465	6169	0.0	0	1500	1184	0	1
13	1624	857	2030	4464	6167	0.0	0	1500	1184	0	1
13	1622	854	2029	4458	6170	0.0	0	1500	1184	0	1
13	1624	856	2030	4463	6167	0.0	0	1500	1184	0	1
13	1623	856	2035	4467	6182	0.0	0	1500	1184	0	1
13	1623	856	2030	4461	6170	0.0	0	1500	1184	0	1
13	1672	868	2093	4582	6174	0.0	0	1500	1184	0	1
13	1671	868	2090	4579	6170	0.0	0	1500	1184	0	1
13	1670	870	2094	4583	6183	0.0	0	1500	1184	0	1
13	1670	869	2093	4581	6180	0.0	0	1500	1184	0	1
13	1673	871	2095	4588	6176	0.0	0	1500	1184	0	1
13	1671	868	2091	4578	6173	0.0	0	1500	1184	0	1
13	1668	869	2086	4572	6170	0.0	0	1500	1184	0	0
13	1669	868	2093	4578	6184	0.0	0	1500	1184	0	0
13	764	610	875	2256	5754	74.0	0	1500	1184	0	0
13	418	509	419	1374	5210	361.0	0	1500	1184	0	0
13	421	512	422	1384	5210	362.0	0	1500	1184	0	0
13	418	509	419	1374	5210	361.0	0	1500	1184	0	0
13	420	512	421	1383	5210	363.0	0	1500	1184	0	0
14	418	512	421	1374	5228	364.0	0	1500	1315	0	1
14	418	509	419	1375	5210	361.0	0	1500	1315	0	1
14	968	684	1237	2887	6260	0.0	0	1500	1315	0	1
14	1677	905	2287	4825	6605	0.0	0	1500	1315	0	1
14	1679	906	2288	4829	6601	0.0	0	1500	1315	0	1
14	1678	905	2284	4822	6595	0.0	0	1500	1315	0	1
14	1677	906	2288	4826	6607	0.0	0	1500	1315	0	1
14	1677	906	2288	4826	6607	0.0	0	1500	1315	0	1
14	1678	905	2287	4826	6602	0.0	0	1500	1315	0	1
14	1630	891	2216	4697	6587	0.0	0	1500	1315	0	1
14	1629	889	2215	4691	6589	0.0	0	1500	1315	0	1
14	1631	892	2216	4697	6585	0.0	0	1500	1315	0	1
14	1628	889	2214	4690	6589	0.0	0	1500	1315	0	1
14	1631	894	2224	4708	6603	0.0	0	1500	1315	0	1
14	1628	889	2214	4689	6590	0.0	0	1500	1315	0	1
14	1631	892	2217	4699	6586	0.0	0	1500	1315	0	1
14	1629	889	2214	4690	6587	0.0	0	1500	1315	0	1
14	1636	894	2225	4713	6590	0.0	0	1500	1315	0	1
14	1629	889	2214	4690	6587	0.0	0	1500	1315	0	1
14	1658	899	2261	4774	6605	0.0	0	1500	1315	0	1
14	1673	905	2280	4813	6601	0.0	0	1500	1315	0	1
14	1677	904	2286	4823	6602	0.0	0	1500	1315	0	1
14	1678	905	2285	4823	6597	0.0	0	1500	1315	0	1
14	1676	904	2285	4821	6603	0.0	0	1500	1315	0	1
14	1670	904	2286	4817	6624	0.0	0	1500	1315	0	1
14	1678	905	2287	4824	6602	0.0	0	1500	1315	0	1
14	1677	904	2285	4821	6600	0.0	0	1500	1315	0	1
14	1678	905	2284	4822	6595	0.0	0	1500	1315	0	1
14	1674	904	2286	4820	6612	0.0	0	1500	1315	0	0
14	693	595	821	2122	5904	113.0	0	1500	1315	0	0
14	417	508	418	1372	5210	360.0	0	1500	1315	0	0
14	419	511	420	1379	5210	363.0	0	1500	1315	0	0
14	417	508	418	1371	5210	360.0	0	1500	1315	0	0
14	420	511	421	1380	5210	362.0	0	1500	1315	0	0
15	417	508	418	1371	5210	360.0	0	1500	1447	0	1
15	420	511	421	1381	5210	362.0	0	1500	1447	0	1
15	417	508	418	1372	5210	360.0	0	1500	1447	0	1
15	1041	941	2482	3210	18462	0.0	0	1500	1447	0	1
15	1686	943	2482	5073	7020	0.0	0	1500	1447	0	1
15	1684	940	2479	5064	7020	0.0	0	1500	1447	0	1
15	1683	943	2484	5072	7035	0.0	0	1500	1447	0	1
15	1683	942	2482	5068	7030	0.0	0	1500	1447	0	1
15	1642	927	2405	4936	6992	0.0	0	1500	1447	0	1
15	1636	926	2403	4929	7007	0.0	0	1500	1447	0	1
15	1636	926	2403	4929	7007	0.0	0	1500	1447	0	1
15	1636	926	2404	4930	7009	0.0	0	1500	1447	0	1
15	1635	925	2403	4927	7010	0.0	0	1500	1447	0	1
15	1637	927	2404	4931	7005	0.0	0	1500	1447	0	1
15	1635	924	2402	4926	7007	0.0	0	1500	1447	0	1
15	1637	928	2412	4942	7023	0.0	0	1500	1447	0	1
15	1634	924	2402	4924	7011	0.0	0	1500	1447	0	1
15	1637	927	2404	4933	7004	0.0	0	1500	1447	0	1
15	1634	924	2402	4924	7011	0.0	0	1500	1447	0	1
15	1643	929	2413	4949	7006	0.0	0	1500	1447	0	1
15	1681	940	2481	5064	7034	0.0	0	1500	1447	0	1
15	1685	944	2484	5075	7028	0.0	0	1500	1447	0	1
15	1680	941	2472	5055	7017	0.0	0	1500	1447	0	1
15	1682	941	2481	5066	7031	0.0	0	1500	1447	0	1
15	1684	944	2484	5073	7031	0.0	0	1500	1447	0	1
15	1684	941	2482	5069	7027	0.0	0	1500	1447	0	1
15	1685	943	2481	5070	7021	0.0	0	1500	1447	0	1
15	1684	941	2479	5065	7020	0.0	0	1500	1447	0	1
15	1683	943	2483	5070	7032	0.0	0	1500	1447	0	0
15	521	544	580	1667	5632	264.0	0	1500	1447	0	0
15	418	510	420	1376	5219	361.0	0	1500	1447	0	0
15	419	510	420	1378	5210	361.0	0	1500	1447	0	0
15	418	509	419	1375	5210	361.0	0	1500	1447	0	0
15	419	511	420	1379	5210	363.0	0	1500	1447	0	0
15	417	508	419	1373	5219	359.0	0	1500	1447	0	0
16	420	511	421	1381	5210	362.0	0	1500	1578	0	1
16	417	508	418	1373	5210	360.0	0	1500	1578	0	1
16	973	716	1408	3100	6904	0.0	0	1500	1578	0	1
16	1690	977	2676	5311	7445	0.0	0	1500	1578	0	1
16	1693	980	2675	5316	7432	0.0	0	1500	1578	0	1
16	1690	981	2678	5296	7463	0.0	0	1500	1578	0	1
16	1689	978	2676	5310	7448	0.0	0	1500	1578	0	1
16	1693	980	2677	5318	7436	0.0	0	1500	1578	0	1
16	1641	960	2589	5160	7422	0.0	0	1500	1578	0	1
16	1643	962	2591	5167	7418	0.0	0	1500	1578	0	1
16	1641	960	2589	5161	7420	0.0	0	1500	1578	0	1
16	1643	962	2591	5166	7419	0.0	0	1500	1578	0	1
16	1647	963	2599	5179	7423	0.0	0	1500	1578	0	1
16	1642	961	2590	5164	7419	0.0	0	1500	1578	0	1
16	1642	961	2590	5163	7420	0.0	0	1500	1578	0	1
16	1642	961	2590	5162	7420	0.0	0	1500	1578	0	1
16	1642	961	2590	5164	7419	0.0	0	1500	1578	0	1
16	1641	960	2589	5161	7420	0.0	0	1500	1578	0	1
16	1643	962	2591	5165	7419	0.0	0	1500	1578	0	1
16	1668	971	2646	5254	7455	0.0	0	1500	1578	0	1
16	1687	978	2668	5302	7436	0.0	0	1500	1578	0	1
16	1690	977	2672	5306	7436	0.0	0	1500	1578	0	1
16	1692	980	2676	5316	7437	0.0	0	1500	1578	0	1
16	1687	977	2676	5308	7455	0.0	0	1500	1578	0	1
16	1690	977	2675	5310	7442	0.0	0	1500	1578	0	1
16	1692	980	2675	5316	7434	0.0	0	1500	1578	0	1
16	1689	977	2675	5309	7446	0.0	0	1500	1578	0	1
16	1691	981	2678	5318	7446	0.0	0	1500	1578	0	0
16	592	572	720	1904	6024	183.0	0	1500	1578	0	0
16	420	511	421	1381	5210	362.0	0	1500	1578	0	0
16	418	509	419	1375	5210	361.0	0	1500	1578	0	0
16	419	511	420	1379	5210	363.0	0	1500	1578	0	0
16	418	510	419	1376	5210	362.0	0	1500	1578	0	0
16	419	510	420	1378	5210	361.0	0	1500	1578	0	0
17	419	510	420	1378	5210	361.0	0	1500	1710	0	1
17	419	510	420	1377	5210	361.0	0	1500	1710	0	1
17	1146	799	1820	3763	7443	0.0	0	1500	1710	0	1
17	1697	1016	2873	5559	7861	0.0	0	1500	1710	0	1
17	1699	1017	2873	5563	7853	0.0	0	1500	1710	0	1
17	1697	1014	2869	5554	7852	0.0	0	1500	1710	0	1
17	1698	1018	2874	5564	7860	0.0	0	1500	1710	0	1
17	1661	1000	2799	5434	7831	0.0	0	1500	1710	0	1
17	1650	999	2778	5405	7823	0.0	0	1500	1710	0	1
17	1656	1000	2781	5412	7808	0.0	0	1500	1710	0	1
17	1647	996	2778	5397	7836	0.0	0	1500	1710	0	1
17	1650	999	2781	5407	7830	0.0	0	1500	1710	0	1
17	1647	996	2778	5397	7836	0.0	0	1500	1710	0	1
17	1650	999	2780	5406	7827	0.0	0	1500	1710	0	1
17	1647	996	2778	5398	7834	0.0	0	1500	1710	0	1
17	1650	999	2780	5406	7827	0.0	0	1500	1710	0	1
17	1648	996	2778	5398	7832	0.0	0	1500	1710	0	1
17	1649	998	2779	5403	7829	0.0	0	1500	1710	0	1
17	1698	1016	2870	5559	7849	0.0	0	1500	1710	0	1
17	1697	1018	2874	5563	7863	0.0	0	1500	1710	0	1
17	1697	1017	2874	5562	7863	0.0	0	1500	1710	0	1
17	1699	1017	2873	5563	7853	0.0	0	1500	1710	0	1
17	1698	1015	2861	5548	7830	0.0	0	1500	1710	0	1
17	1698	1016	2872	5560	7855	0.0	0	1500	1710	0	1
17	1697	1018	2874	5563	7863	0.0	0	1500	1710	0	1
17	1698	1016	2873	5561	7857	0.0	0	1500	1710	0	1
17	1694	1016	2861	5544	7846	0.0	0	1500	1710	0	1
17	1697	1019	2875	5566	7864	0.0	0	1500	1710	0	0
17	520	548	608	1701	5845	251.0	0	1500	1710	0	0
17	421	513	422	1385	5210	364.0	0	1500	1710	0	0
17	418	509	419	1375	5210	361.0	0	1500	1710	0	0
17	421	513	422	1385	5210	364.0	0	1500	1710	0	0
17	418	509	419	1375	5210	361.0	0	1500	1710	0	0
17	421	513	422	1385	5210	364.0	0	1500	1710	0	0
18	418	510	419	1376	5210	362.0	0	1500	1842	0	1
18	421	513	422	1384	5210	364.0	0	1500	1842	0	1
18	1227	852	2091	4169	7883	0.0	0	1500	1842	0	1
18	1705	1056	3072	5813	8273	0.0	0	1500	1842	0	1
18	1699	1051	3056	5787	8260	0.0	0	1500	1842	0	1
18	1706	1055	3068	5809	8260	0.0	0	1500	1842	0	1
18	1699	1051	3058	5789	8264	0.0	0	1500	1842	0	1
18	1656	1034	2968	5640	8236	0.0	0	1500	1842	0	1
18	1661	1036	2980	5658	8243	0.0	0	1500	1842	0	1
18	1654	1033	2968	5637	8244	0.0	0	1500	1842	0	1
18	1656	1033	2968	5640	8234	0.0	0	1500	1842	0	1
18	1654	1032	2969	5636	8246	0.0	0	1500	1842	0	1
18	1654	1032	2967	5634	8242	0.0	0	1500	1842	0	1
18	1656	1034	2969	5641	8238	0.0	0	1500	1842	0	1
18	1653	1031	2967	5634	8244	0.0	0	1500	1842	0	1
18	1656	1034	2969	5642	8236	0.0	0	1500	1842	0	1
18	1653	1031	2966	5633	8242	0.0	0	1500	1842	0	1
18	1706	1055	3068	5809	8260	0.0	0	1500	1842	0	1
18	1703	1051	3065	5800	8264	0.0	0	1500	1842	0	1
18	1704	1055	3071	5810	8275	0.0	0	1500	1842	0	1
18	1701	1052	3068	5801	8280	0.0	0	1500	1842	0	1
18	1705	1055	3070	5812	8267	0.0	0	1500	1842	0	1
18	1703	1051	3065	5799	8266	0.0	0	1500	1842	0	1
18	1705	1055	3069	5809	8266	0.0	0	1500	1842	0	1
18	1696	1050	3057	5783	8276	0.0	0	1500	1842	0	1
18	1705	1055	3071	5811	8271	0.0	0	1500	1842	0	1
18	1703	1052	3065	5801	8264	0.0	0	1500	1842	0	1
18	1705	1054	3067	5806	8262	0.0	0	1500	1842	0	0
18	1688	1048	3046	5763	8282	0.0	0	1500	1842	0	0
18	419	511	420	1379	5210	363.0	0	1500	1842	0	0
18	419	510	420	1378	5210	361.0	0	1500	1842	0	0
18	419	511	420	1379	5210	363.0	0	1500	1842	0	0
18	419	510	419	1377	5201	362.0	0	1500	1842	0	0
18	420	511	420	1380	5201	362.0	0	1500	1842	0	0
19	418	509	419	1375	5210	361.0	0	1500	1973	0	1
19	420	511	421	1381	5210	362.0	0	1500	1973	0	1
19	1154	842	2054	4055	8172	0.0	0	1500	1973	0	1
19	1711	1092	3267	6057	8678	0.0	0	1500	1973	0	1
19	1710	1089	3263	6049	8673	0.0	0	1500	1973	0	1
19	1713	1092	3265	6056	8667	0.0	0	1500	1973	0	1
19	1710	1089	3262	6047	8673	0.0	0	1500	1973	0	1
19	1674	1075	3182	5919	8645	0.0	0	1500	1973	0	1
19	1660	1066	3154	5868	8642	0.0	0	1500	1973	0	1
19	1662	1070	3157	5878	8638	0.0	0	1500	1973	0	1
19	1660	1067	3154	5869	8642	0.0	0	1500	1973	0	1
19	1662	1070	3157	5877	8640	0.0	0	1500	1973	0	1
19	1660	1067	3155	5869	8644	0.0	0	1500	1973	0	1
19	1662	1069	3157	5876	8640	0.0	0	1500	1973	0	1
19	1660	1067	3168	5869	8689	0.0	0	1500	1973	0	1
19	1660	1067	3155	5870	8644	0.0	0	1500	1973	0	1
19	1661	1068	3155	5873	8638	0.0	0	1500	1973	0	1
19	1660	1067	3155	5870	8644	0.0	0	1500	1973	0	1
19	1709	1090	3265	6050	8684	0.0	0	1500	1973	0	1
19	1710	1090	3264	6051	8675	0.0	0	1500	1973	0	1
19	1710	1089	3262	6047	8673	0.0	0	1500	1973	0	1
19	1711	1091	3263	6050	8671	0.0	0	1500	1973	0	1
19	1703	1087	3252	6029	8678	0.0	0	1500	1973	0	1
19	1710	1092	3266	6054	8682	0.0	0	1500	1973	0	1
19	1709	1089	3264	6049	8679	0.0	0	1500	1973	0	1
19	1712	1092	3265	6055	8671	0.0	0	1500	1973	0	1
19	1709	1089	3262	6045	8677	0.0	0	1500	1973	0	1
19	1712	1092	3265	6055	8671	0.0	0	1500	1973	0	0
19	1707	1089	3263	6047	8686	0.0	0	1500	1973	0	0
19	421	512	422	1384	5210	362.0	0	1500	1973	0	0
19	418	509	419	1374	5210	361.0	0	1500	1973	0	0
19	420	512	421	1383	5210	363.0	0	1500	1973	0	0
19	418	509	419	1374	5210	361.0	0	1500	1973	0	0
19	418	509	419	1374	5210	361.0	0	1500	1973	0	0
20	420	511	421	1381	5210	362.0	0	1500	2105	0	1
20	418	509	419	1375	5210	361.0	0	1500	2105	0	1
20	1345	952	2596	4897	8744	0.0	0	1500	2105	0	1
20	1717	1127	3460	6297	9075	0.0	0	1500	2105	0	1
20	1712	1125	3449	6279	9073	0.0	0	1500	2105	0	1
20	1712	1125	3450	6280	9075	0.0	0	1500	2105	0	1
20	1666	1104	3345	6110	9045	0.0	0	1500	2105	0	1
20	1667	1104	3346	6112	9043	0.0	0	1500	2105	0	1
20	1667	1105	3357	6124	9068	0.0	0	1500	2105	0	1
20	1667	1105	3346	6112	9045	0.0	0	1500	2105	0	1
20	1666	1103	3344	6107	9045	0.0	0	1500	2105	0	1
20	1668	1105	3346	6113	9040	0.0	0	1500	2105	0	1
20	1671	1105	3357	6127	9052	0.0	0	1500	2105	0	1
20	1668	1105	3346	6114	9038	0.0	0	1500	2105	0	1
20	1666	1102	3344	6105	9045	0.0	0	1500	2105	0	1
20	1668	1106	3346	6114	9040	0.0	0	1500	2105	0	1
20	1665	1102	3344	6105	9049	0.0	0	1500	2105	0	1
20	1717	1129	3464	6303	9084	0.0	0	1500	2105	0	1
20	1718	1129	3464	6304	9079	0.0	0	1500	2105	0	1
20	1716	1126	3459	6293	9079	0.0	0	1500	2105	0	1
20	1718	1129	3462	6302	9075	0.0	0	1500	2105	0	1
20	1716	1126	3460	6295	9079	0.0	0	1500	2105	0	1
20	1717	1129	3463	6302	9082	0.0	0	1500	2105	0	1
20	1715	1127	3462	6297	9088	0.0	0	1500	2105	0	1
20	1718	1128	3462	6301	9075	0.0	0	1500	2105	0	1
20	1717	1127	3460	6296	9077	0.0	0	1500	2105	0	1
20	1717	1127	3460	6297	9075	0.0	0	1500	2105	0	1
20	1695	1117	3410	6215	9062	0.0	0	1500	2105	0	0
20	1667	1103	3345	6109	9043	0.0	0	1500	2105	0	0
20	519	558	654	1758	6192	233.0	0	1500	2105	0	0
20	418	509	419	1375	5210	361.0	0	1500	2105	0	0
20	420	511	421	1380	5210	362.0	0	1500	2105	0	0
20	418	509	419	1374	5210	361.0	0	1500	2105	0	0
20	420	511	421	1381	5210	362.0	0	1500	2105	0	0
21	418	508	418	1373	5201	360.0	0	1500	2236	0	1
21	420	512	421	1382	5210	363.0	0	1500	2236	0	1
21	1435	1021	2943	5405	9204	0.0	0	1500	2236	0	1
21	1723	1163	3657	6542	9477	0.0	0	1500	2236	0	1
21	1725	1167	3662	6552	9481	0.0	0	1500	2236	0	1
21	1673	1138	3534	6344	9439	0.0	0	1500	2236	0	1
21	1675	1141	3537	6353	9436	0.0	0	1500	2236	0	1
21	1673	1138	3534	6345	9439	0.0	0	1500	2236	0	1
21	1675	1141	3536	6353	9434	0.0	0	1500	2236	0	1
21	1673	1139	3534	6346	9439	0.0	0	1500	2236	0	1
21	1681	1144	3550	6374	9437	0.0	0	1500	2236	0	1
21	1673	1139	3534	6347	9439	0.0	0	1500	2236	0	1
21	1674	1140	3535	6349	9436	0.0	0	1500	2236	0	1
21	1674	1140	3535	6348	9436	0.0	0	1500	2236	0	1
21	1680	1142	3548	6370	9437	0.0	0	1500	2236	0	1
21	1674	1140	3535	6348	9436	0.0	0	1500	2236	0	1
21	1714	1161	3644	6517	9493	0.0	0	1500	2236	0	1
21	1725	1166	3660	6549	9477	0.0	0	1500	2236	0	1
21	1718	1160	3643	6519	9472	0.0	0	1500	2236	0	1
21	1725	1165	3658	6547	9470	0.0	0	1500	2236	0	1
21	1723	1163	3656	6541	9475	0.0	0	1500	2236	0	1
21	1721	1163	3658	6541	9489	0.0	0	1500	2236	0	1
21	1725	1166	3660	6550	9474	0.0	0	1500	2236	0	1
21	1722	1163	3655	6539	9477	0.0	0	1500	2236	0	1
21	1725	1166	3658	6548	9470	0.0	0	1500	2236	0	1
21	1722	1163	3657	6541	9482	0.0	0	1500	2236	0	1
21	1723	1164	3647	6533	9455	0.0	0	1500	2236	0	1
21	1672	1138	3533	6343	9441	0.0	0	1500	2236	0	0
21	1675	1141	3535	6352	9431	0.0	0	1500	2236	0	0
21	418	509	419	1373	5210	361.0	0	1500	2236	0	0
21	420	511	421	1380	5210	362.0	0	1500	2236	0	0
21	418	509	419	1375	5210	361.0	0	1500	2236	0	0
21	419	511	420	1379	5210	363.0	0	1500	2236	0	0
21	418	509	419	1376	5210	361.0	0	1500	2236	0	0
22	419	510	420	1378	5210	361.0	0	1500	2368	0	1
22	419	510	420	1377	5210	361.0	0	1500	2368	0	1
22	419	510	419	1376	5201	362.0	0	1500	2368	0	1
22	1375	1016	2929	5331	9506	0.0	0	1500	2368	0	1
22	1734	1202	3858	6798	9867	0.0	0	1500	2368	0	1
22	1711	1189	3794	6697	9839	0.0	0	1500	2368	0	1
22	1685	1177	3728	6595	9820	0.0	0	1500	2368	0	1
22	1682	1174	3725	6587	9828	0.0	0	1500	2368	0	1
22	1690	1181	3743	6619	9829	0.0	0	1500	2368	0	1
22	1682	1174	3725	6587	9828	0.0	0	1500	2368	0	1
22	1685	1178	3728	6597	9820	0.0	0	1500	2368	0	1
22	1682	1175	3725	6588	9828	0.0	0	1500	2368	0	1
22	1685	1178	3728	6597	9820	0.0	0	1500	2368	0	1
22	1682	1175	3725	6588	9828	0.0	0	1500	2368	0	1
22	1685	1178	3728	6596	9820	0.0	0	1500	2368	0	1
22	1682	1175	3725	6588	9828	0.0	0	1500	2368	0	1
22	1684	1178	3728	6595	9825	0.0	0	1500	2368	0	1
22	1733	1202	3857	6796	9870	0.0	0	1500	2368	0	1
22	1735	1204	3859	6803	9865	0.0	0	1500	2368	0	1
22	1733	1203	3859	6799	9875	0.0	0	1500	2368	0	1
22	1734	1204	3860	6803	9872	0.0	0	1500	2368	0	1
22	1735	1203	3859	6802	9865	0.0	0	1500	2368	0	1
22	1735	1203	3858	6800	9863	0.0	0	1500	2368	0	1
22	1735	1203	3858	6801	9863	0.0	0	1500	2368	0	1
22	1729	1201	3845	6780	9863	0.0	0	1500	2368	0	1
22	1733	1202	3858	6799	9872	0.0	0	1500	2368	0	1
22	1735	1205	3861	6805	9869	0.0	0	1500	2368	0	1
22	1694	1179	3741	6618	9804	0.0	0	1500	2368	0	1
22	1686	1181	3742	6615	9847	0.0	0	1500	2368	0	0
22	418	509	419	1374	5210	361.0	0	1500	2368	0	0
22	421	512	421	1383	5201	363.0	0	1500	2368	0	0
22	418	509	419	1374	5210	361.0	0	1500	2368	0	0
22	420	512	422	1383	5219	362.0	0	1500	2368	0	0
22	418	509	419	1374	5210	361.0	0	1500	2368	0	0
23	420	512	421	1383	5210	363.0	0	1500	2500	0	1
23	418	509	419	1374	5210	361.0	0	1500	2500	0	1
23	420	512	421	1382	5210	363.0	0	1500	2500	0	1
23	1565	1146	3590	6314	10130	0.0	0	1500	2500	0	1
23	1734	1242	4060	7049	10311	0.0	0	1500	2500	0	1
23	1683	1212	3918	6826	10260	0.0	0	1500	2500	0	1
23	1689	1213	3920	6834	10233	0.0	0	1500	2500	0	1
23	1684	1213	3919	6828	10257	0.0	0	1500	2500	0	1
23	1684	1213	3919	6828	10257	0.0	0	1500	2500	0	1
23	1684	1212	3919	6827	10257	0.0	0	1500	2500	0	1
23	1685	1214	3920	6830	10254	0.0	0	1500	2500	0	1
23	1683	1212	3918	6825	10260	0.0	0	1500	2500	0	1
23	1685	1214	3919	6831	10252	0.0	0	1500	2500	0	1
23	1683	1211	3917	6824	10258	0.0	0	1500	2500	0	1
23	1691	1218	3936	6856	10259	0.0	0	1500	2500	0	1
23	1732	1239	4057	7040	10315	0.0	0	1500	2500	0	1
23	1735	1243	4060	7051	10306	0.0	0	1500	2500	0	1
23	1733	1239	4056	7039	10308	0.0	0	1500	2500	0	1
23	1730	1239	4043	7025	10294	0.0	0	1500	2500	0	1
23	1733	1239	4055	7039	10305	0.0	0	1500	2500	0	1
23	1735	1243	4060	7050	10306	0.0	0	1500	2500	0	1
23	1732	1240	4058	7041	10317	0.0	0	1500	2500	0	1
23	1730	1239	4042	7024	10292	0.0	0	1500	2500	0	1
23	1734	1240	4056	7040	10302	0.0	0	1500	2500	0	1
23	1736	1242	4058	7047	10297	0.0	0	1500	2500	0	1
23	1734	1240	4056	7042	10302	0.0	0	1500	2500	0	1
23	1730	1239	4044	7025	10297	0.0	0	1500	2500	0	1
23	1684	1213	3918	6828	10255	0.0	0	1500	2500	0	1
