Stim	R	G	B	C	Temp	HueLux	Yellow	Red	Blue	Blue2	Trig
1	414	497	247	1209	3664	469.0	0	0	0	1200	1
1	423	531	321	1326	4282	465.0	0	0	0	1200	1
1	437	572	401	1460	4887	467.0	0	0	0	1200	1
1	436	570	400	1456	4886	465.0	0	0	0	1200	1
1	437	571	401	1459	4887	465.0	0	0	0	1200	1
1	436	570	401	1457	4895	464.0	0	0	0	1200	1
1	436	571	401	1458	4895	466.0	0	0	0	1200	1
1	436	571	401	1458	4895	466.0	0	0	0	1200	1
1	436	571	401	1457	4895	466.0	0	0	0	1200	1
1	437	571	401	1459	4887	465.0	0	0	0	1200	1
1	436	570	400	1456	4886	465.0	0	0	0	1200	1
1	435	570	400	1455	4894	465.0	0	0	0	1200	1
1	437	572	401	1461	4887	467.0	0	0	0	1200	1
1	435	569	400	1454	4894	464.0	0	0	0	1200	1
1	437	572	401	1461	4887	467.0	0	0	0	1200	1
1	435	569	400	1454	4894	464.0	0	0	0	1200	1
1	438	573	402	1462	4887	467.0	0	0	0	1200	1
1	435	569	400	1454	4894	464.0	0	0	0	1200	1
1	438	573	402	1462	4887	467.0	0	0	0	1200	1
1	435	569	400	1454	4894	464.0	0	0	0	1200	1
1	438	573	402	1462	4887	467.0	0	0	0	1200	1
1	435	569	400	1454	4894	464.0	0	0	0	1200	1
1	438	572	401	1462	4879	467.0	0	0	0	1200	1
1	435	570	400	1455	4894	465.0	0	0	0	1200	1
1	437	572	402	1462	4895	466.0	0	0	0	1200	1
1	435	570	400	1455	4894	465.0	0	0	0	1200	1
1	437	572	401	1461	4887	467.0	0	0	0	1200	1
1	436	570	400	1456	4886	465.0	0	0	0	1200	0
1	437	572	401	1460	4887	467.0	0	0	0	1200	0
1	419	515	247	1269	3636	496.0	0	0	0	1200	0
1	413	496	246	1206	3660	468.0	0	0	0	1200	0
1	413	496	246	1206	3660	468.0	0	0	0	1200	0
1	413	497	247	1207	3669	469.0	0	0	0	1200	0
1	413	496	246	1205	3660	468.0	0	0	0	1200	0
2	414	497	247	1208	3664	469.0	0	0	0	1200	1
2	425	536	332	1343	4367	465.0	0	0	0	1200	1
2	437	572	401	1461	4887	467.0	0	0	0	1200	1
2	435	569	400	1455	4894	464.0	0	0	0	1200	1
2	437	572	402	1461	4895	466.0	0	0	0	1200	1
2	435	569	400	1454	4894	464.0	0	0	0	1200	1
2	438	572	402	1462	4887	466.0	0	0	0	1200	1
2	435	569	400	1454	4894	464.0	0	0	0	1200	1
2	438	573	402	1462	4887	467.0	0	0	0	1200	1
2	435	569	400	1454	4894	464.0	0	0	0	1200	1
2	438	573	402	1462	4887	467.0	0	0	0	1200	1
2	435	569	400	1454	4894	464.0	0	0	0	1200	1
2	438	572	402	1462	4887	466.0	0	0	0	1200	1
2	435	570	400	1455	4894	465.0	0	0	0	1200	1
2	436	570	400	1456	4886	465.0	0	0	0	1200	1
2	437	572	401	1461	4887	467.0	0	0	0	1200	1
2	436	571	401	1458	4895	466.0	0	0	0	1200	1
2	438	572	402	1462	4887	466.0	0	0	0	1200	1
2	437	572	401	1461	4887	467.0	0	0	0	1200	1
2	437	572	401	1461	4887	467.0	0	0	0	1200	1
2	438	572	401	1461	4879	467.0	0	0	0	1200	1
2	437	571	401	1459	4887	465.0	0	0	0	1200	1
2	438	573	402	1462	4887	467.0	0	0	0	1200	1
2	437	571	401	1458	4887	465.0	0	0	0	1200	1
2	438	573	402	1464	4887	467.0	0	0	0	1200	1
2	436	571	401	1458	4895	466.0	0	0	0	1200	1
2	439	574	402	1465	4879	469.0	0	0	0	1200	1
2	436	571	401	1457	4895	466.0	0	0	0	1200	0
2	439	574	402	1466	4879	469.0	0	0	0	1200	0
2	418	512	280	1261	3943	467.0	0	0	0	1200	0
2	416	499	248	1214	3662	471.0	0	0	0	1200	0
2	413	496	246	1205	3660	468.0	0	0	0	1200	0
2	416	499	248	1214	3662	471.0	0	0	0	1200	0
2	416	499	248	1213	3662	471.0	0	0	0	1200	0
3	413	496	246	1206	3660	468.0	0	0	0	1200	1
3	429	542	338	1360	4392	468.0	0	0	0	1200	1
3	437	571	401	1458	4887	465.0	0	0	0	1200	1
3	438	573	402	1463	4887	467.0	0	0	0	1200	1
3	437	571	401	1459	4887	465.0	0	0	0	1200	1
3	438	572	401	1462	4879	467.0	0	0	0	1200	1
3	437	572	401	1460	4887	467.0	0	0	0	1200	1
3	437	572	401	1460	4887	467.0	0	0	0	1200	1
3	438	572	401	1461	4879	467.0	0	0	0	1200	1
3	437	571	401	1459	4887	465.0	0	0	0	1200	1
3	438	572	401	1462	4879	467.0	0	0	0	1200	1
3	437	571	401	1458	4887	465.0	0	0	0	1200	1
3	438	573	402	1463	4887	467.0	0	0	0	1200	1
3	436	570	401	1457	4895	464.0	0	0	0	1200	1
3	438	573	402	1464	4887	467.0	0	0	0	1200	1
3	436	570	400	1456	4886	465.0	0	0	0	1200	1
3	439	573	402	1464	4879	467.0	0	0	0	1200	1
3	439	574	402	1465	4879	469.0	0	0	0	1200	1
3	436	570	400	1456	4886	465.0	0	0	0	1200	1
3	439	573	402	1464	4879	467.0	0	0	0	1200	1
3	436	570	400	1456	4886	465.0	0	0	0	1200	1
3	438	573	402	1464	4887	467.0	0	0	0	1200	1
3	436	570	400	1457	4886	465.0	0	0	0	1200	1
3	438	573	402	1463	4887	467.0	0	0	0	1200	1
3	437	571	401	1458	4887	465.0	0	0	0	1200	1
3	438	573	402	1462	4887	467.0	0	0	0	1200	1
3	437	571	401	1459	4887	465.0	0	0	0	1200	1
3	438	572	401	1461	4879	467.0	0	0	0	1200	0
3	437	572	401	1460	4887	467.0	0	0	0	1200	0
3	417	508	270	1246	3857	468.0	0	0	0	1200	0
3	414	498	247	1210	3664	470.0	0	0	0	1200	0
3	413	497	247	1207	3669	469.0	0	0	0	1200	0
3	415	498	247	1211	3658	470.0	0	0	0	1200	0
3	413	496	246	1206	3660	468.0	0	0	0	1200	0
4	415	498	247	1212	3658	470.0	0	0	0	1200	1
4	413	496	246	1205	3660	468.0	0	0	0	1200	1
4	424	533	325	1332	4311	465.0	0	0	0	1200	1
4	427	537	326	1340	4299	470.0	0	0	0	1200	1
4	424	533	325	1333	4311	465.0	0	0	0	1200	1
4	427	537	326	1341	4299	470.0	0	0	0	1200	1
4	424	533	324	1332	4302	466.0	0	0	0	1200	1
4	427	537	326	1340	4299	470.0	0	0	0	1200	1
4	425	534	325	1333	4304	466.0	0	0	0	1200	1
4	427	537	326	1340	4299	470.0	0	0	0	1200	1
4	425	534	325	1334	4304	466.0	0	0	0	1200	1
4	427	536	325	1338	4290	469.0	0	0	0	1200	1
4	425	533	322	1331	4277	467.0	0	0	0	1200	1
4	426	535	323	1334	4279	469.0	0	0	0	1200	1
4	425	533	322	1331	4277	467.0	0	0	0	1200	1
4	426	534	323	1333	4279	468.0	0	0	0	1200	1
4	425	534	323	1332	4286	468.0	0	0	0	1200	1
4	425	534	322	1332	4277	469.0	0	0	0	1200	1
4	426	535	323	1334	4279	469.0	0	0	0	1200	1
4	425	533	322	1331	4277	467.0	0	0	0	1200	1
4	424	532	322	1327	4284	466.0	0	0	0	1200	1
4	425	534	323	1332	4286	468.0	0	0	0	1200	1
4	423	532	324	1329	4309	465.0	0	0	0	1200	1
4	425	535	326	1336	4313	467.0	0	0	0	1200	1
4	423	531	324	1327	4309	463.0	0	0	0	1200	1
4	425	535	326	1336	4313	467.0	0	0	0	1200	1
4	423	531	324	1327	4309	463.0	0	0	0	1200	1
4	425	534	325	1335	4304	466.0	0	0	0	1200	0
4	422	531	324	1327	4316	463.0	0	0	0	1200	0
4	417	509	274	1250	3894	467.0	0	0	0	1200	0
4	410	492	245	1197	3667	464.0	0	0	0	1200	0
4	412	495	246	1204	3665	467.0	0	0	0	1200	0
4	411	493	245	1200	3662	465.0	0	0	0	1200	0
4	412	496	246	1205	3665	469.0	0	0	0	1200	0
5	411	494	246	1201	3671	466.0	0	0	131	1200	1
5	412	495	246	1204	3665	467.0	0	0	131	1200	1
5	412	495	246	1203	3665	467.0	0	0	131	1200	1
5	423	532	323	1328	4300	465.0	0	0	131	1200	1
5	424	532	323	1329	4293	465.0	0	0	131	1200	1
5	424	533	324	1331	4302	466.0	0	0	131	1200	1
5	422	531	323	1326	4307	464.0	0	0	131	1200	1
5	425	533	324	1332	4295	466.0	0	0	131	1200	1
5	422	531	323	1325	4307	464.0	0	0	131	1200	1
5	425	534	324	1333	4295	467.0	0	0	131	1200	1
5	423	532	325	1330	4318	464.0	0	0	131	1200	1
5	425	535	327	1338	4322	467.0	0	0	131	1200	1
5	423	532	325	1329	4318	464.0	0	0	131	1200	1
5	425	535	327	1338	4322	467.0	0	0	131	1200	1
5	423	532	325	1330	4318	464.0	0	0	131	1200	1
5	425	535	327	1338	4322	467.0	0	0	131	1200	1
5	423	532	325	1330	4318	464.0	0	0	131	1200	1
5	425	535	327	1337	4322	467.0	0	0	131	1200	1
5	423	532	326	1331	4327	463.0	0	0	131	1200	1
5	425	535	327	1336	4322	467.0	0	0	131	1200	1
5	423	533	326	1332	4327	465.0	0	0	131	1200	1
5	424	533	324	1331	4302	466.0	0	0	131	1200	1
5	423	532	323	1328	4300	465.0	0	0	131	1200	1
5	424	532	323	1329	4293	465.0	0	0	131	1200	1
5	423	531	323	1327	4300	464.0	0	0	131	1200	1
5	424	533	324	1331	4302	466.0	0	0	131	1200	1
5	422	531	323	1326	4307	464.0	0	0	131	1200	1
5	424	533	324	1332	4302	466.0	0	0	131	1200	0
5	422	530	322	1325	4298	463.0	0	0	131	1200	0
5	414	499	253	1216	3719	468.0	0	0	131	1200	0
5	411	493	245	1199	3662	465.0	0	0	131	1200	0
5	413	497	247	1207	3669	469.0	0	0	131	1200	0
5	411	493	245	1199	3662	465.0	0	0	131	1200	0
5	413	497	247	1207	3669	469.0	0	0	131	1200	0
6	410	493	245	1199	3667	465.0	0	0	263	1200	1
6	413	496	247	1207	3669	468.0	0	0	263	1200	1
6	411	495	249	1205	3699	465.0	0	0	263	1200	1
6	426	537	332	1346	4360	466.0	0	0	263	1200	1
6	424	535	331	1339	4365	464.0	0	0	263	1200	1
6	425	537	332	1345	4367	466.0	0	0	263	1200	1
6	424	535	331	1340	4365	464.0	0	0	263	1200	1
6	425	536	332	1343	4367	465.0	0	0	263	1200	1
6	424	536	331	1342	4365	466.0	0	0	263	1200	1
6	425	537	334	1346	4385	465.0	0	0	263	1200	1
6	424	536	334	1344	4392	463.0	0	0	263	1200	1
6	425	538	334	1347	4385	466.0	0	0	263	1200	1
6	424	536	334	1344	4392	463.0	0	0	263	1200	1
6	426	538	335	1349	4387	465.0	0	0	263	1200	1
6	424	536	333	1342	4383	464.0	0	0	263	1200	1
6	426	538	335	1350	4387	465.0	0	0	263	1200	1
6	423	535	333	1342	4390	463.0	0	0	263	1200	1
6	426	539	335	1350	4387	467.0	0	0	263	1200	1
6	423	535	333	1341	4390	463.0	0	0	263	1200	1
6	426	539	334	1349	4378	467.0	0	0	263	1200	1
6	423	535	333	1341	4390	463.0	0	0	263	1200	1
6	426	537	332	1346	4360	466.0	0	0	263	1200	1
6	423	534	331	1338	4372	463.0	0	0	263	1200	1
6	426	537	332	1346	4360	466.0	0	0	263	1200	1
6	424	535	331	1339	4365	464.0	0	0	263	1200	1
6	426	537	332	1345	4360	466.0	0	0	263	1200	1
6	425	536	332	1343	4367	465.0	0	0	263	1200	1
6	424	535	331	1340	4365	464.0	0	0	263	1200	0
6	424	536	331	1342	4365	466.0	0	0	263	1200	0
6	412	495	247	1205	3675	466.0	0	0	263	1200	0
6	411	494	246	1201	3671	466.0	0	0	263	1200	0
6	412	495	246	1204	3665	467.0	0	0	263	1200	0
6	411	494	246	1201	3671	466.0	0	0	263	1200	0
6	413	496	246	1205	3660	468.0	0	0	263	1200	0
7	411	493	245	1200	3662	465.0	0	0	394	1200	1
7	413	496	247	1206	3669	468.0	0	0	394	1200	1
7	414	504	267	1235	3848	465.0	0	0	394	1200	1
7	428	543	343	1364	4444	467.0	0	0	394	1200	1
7	425	540	342	1356	4456	464.0	0	0	394	1200	1
7	428	543	343	1364	4444	467.0	0	0	394	1200	1
7	425	540	342	1356	4456	464.0	0	0	394	1200	1
7	428	543	344	1365	4453	466.0	0	0	394	1200	1
7	425	540	342	1356	4456	464.0	0	0	394	1200	1
7	428	543	343	1364	4444	467.0	0	0	394	1200	1
7	425	540	342	1356	4456	464.0	0	0	394	1200	1
7	425	539	340	1354	4439	463.0	0	0	394	1200	1
7	427	541	341	1358	4433	465.0	0	0	394	1200	1
7	425	540	340	1355	4439	465.0	0	0	394	1200	1
7	426	540	340	1357	4431	465.0	0	0	394	1200	1
7	426	540	340	1356	4431	465.0	0	0	394	1200	1
7	425	540	340	1355	4439	465.0	0	0	394	1200	1
7	426	541	341	1358	4440	466.0	0	0	394	1200	1
7	425	539	340	1354	4439	463.0	0	0	394	1200	1
7	426	541	341	1358	4440	466.0	0	0	394	1200	1
7	425	539	340	1353	4439	463.0	0	0	394	1200	1
7	427	542	343	1362	4451	465.0	0	0	394	1200	1
7	425	539	342	1356	4456	462.0	0	0	394	1200	1
7	427	542	343	1363	4451	465.0	0	0	394	1200	1
7	425	539	342	1355	4456	462.0	0	0	394	1200	1
7	427	543	343	1364	4451	467.0	0	0	394	1200	1
7	425	539	342	1355	4456	462.0	0	0	394	1200	1
7	427	542	343	1363	4451	465.0	0	0	394	1200	1
7	425	539	342	1355	4456	462.0	0	0	394	1200	0
7	413	501	261	1225	3798	465.0	0	0	394	1200	0
7	413	496	246	1205	3660	468.0	0	0	394	1200	0
7	411	493	245	1200	3662	465.0	0	0	394	1200	0
7	412	495	246	1204	3665	467.0	0	0	394	1200	0
7	411	494	246	1201	3671	466.0	0	0	394	1200	0
8	412	495	246	1203	3665	467.0	0	0	526	1200	1
8	411	494	246	1202	3671	466.0	0	0	526	1200	1
8	413	500	257	1220	3761	466.0	0	0	526	1200	1
8	427	545	350	1372	4513	465.0	0	0	526	1200	1
8	426	543	349	1369	4512	463.0	0	0	526	1200	1
8	428	545	350	1373	4506	465.0	0	0	526	1200	1
8	426	543	349	1367	4512	463.0	0	0	526	1200	1
8	428	545	350	1373	4506	465.0	0	0	526	1200	1
8	425	542	349	1366	4519	462.0	0	0	526	1200	1
8	428	546	352	1377	4524	465.0	0	0	526	1200	1
8	425	543	351	1369	4537	462.0	0	0	526	1200	1
8	428	546	352	1377	4524	465.0	0	0	526	1200	1
8	425	543	351	1369	4537	462.0	0	0	526	1200	1
8	428	547	352	1377	4524	466.0	0	0	526	1200	1
8	428	546	352	1377	4524	465.0	0	0	526	1200	1
8	426	543	351	1369	4530	461.0	0	0	526	1200	1
8	428	546	352	1376	4524	465.0	0	0	526	1200	1
8	426	544	351	1370	4530	463.0	0	0	526	1200	1
8	427	545	352	1374	4531	463.0	0	0	526	1200	1
8	426	544	351	1371	4530	463.0	0	0	526	1200	1
8	427	544	349	1370	4505	464.0	0	0	526	1200	1
8	427	544	350	1370	4513	463.0	0	0	526	1200	1
8	428	546	350	1375	4506	466.0	0	0	526	1200	1
8	430	548	351	1380	4501	468.0	0	0	526	1200	1
8	429	547	350	1377	4499	467.0	0	0	526	1200	1
8	431	548	351	1381	4493	468.0	0	0	526	1200	1
8	429	546	350	1375	4499	466.0	0	0	526	1200	1
8	431	549	352	1382	4502	468.0	0	0	526	1200	1
8	428	546	350	1374	4506	466.0	0	0	526	1200	0
8	431	549	352	1382	4502	468.0	0	0	526	1200	0
8	414	499	254	1218	3728	467.0	0	0	526	1200	0
8	415	499	248	1213	3667	471.0	0	0	526	1200	0
8	416	499	248	1205	3662	471.0	0	0	526	1200	0
8	413	496	246	1206	3660	468.0	0	0	526	1200	0
8	416	499	248	1213	3662	471.0	0	0	526	1200	0
9	413	496	246	1206	3660	468.0	0	0	657	1200	1
9	418	507	266	1242	3815	469.0	0	0	657	1200	1
9	431	552	360	1393	4573	467.0	0	0	657	1200	1
9	432	553	361	1397	4574	468.0	0	0	657	1200	1
9	432	553	361	1396	4574	468.0	0	0	657	1200	1
9	432	553	361	1397	4574	468.0	0	0	657	1200	1
9	432	553	361	1397	4574	468.0	0	0	657	1200	1
9	432	553	362	1397	4583	467.0	0	0	657	1200	1
9	433	555	363	1401	4585	469.0	0	0	657	1200	1
9	432	553	362	1397	4583	467.0	0	0	657	1200	1
9	433	555	363	1402	4585	469.0	0	0	657	1200	1
9	431	552	362	1395	4591	466.0	0	0	657	1200	1
9	433	555	363	1402	4585	469.0	0	0	657	1200	1
9	431	552	362	1395	4591	466.0	0	0	657	1200	1
9	434	556	363	1403	4577	470.0	0	0	657	1200	1
9	431	552	362	1395	4591	466.0	0	0	657	1200	1
9	431	552	362	1396	4591	466.0	0	0	657	1200	1
9	434	556	363	1404	4577	470.0	0	0	657	1200	1
9	431	552	360	1394	4573	467.0	0	0	657	1200	1
9	433	555	362	1400	4576	470.0	0	0	657	1200	1
9	431	552	361	1394	4582	467.0	0	0	657	1200	1
9	433	554	361	1399	4567	469.0	0	0	657	1200	1
9	432	553	361	1396	4574	468.0	0	0	657	1200	1
9	432	553	361	1398	4574	468.0	0	0	657	1200	1
9	432	553	361	1397	4574	468.0	0	0	657	1200	1
9	432	553	361	1396	4574	468.0	0	0	657	1200	1
9	433	554	361	1398	4567	469.0	0	0	657	1200	1
9	431	552	361	1394	4582	467.0	0	0	657	1200	0
9	433	554	362	1399	4576	468.0	0	0	657	1200	0
9	414	497	247	1208	3664	469.0	0	0	657	1200	0
9	416	500	248	1215	3662	472.0	0	0	657	1200	0
9	413	496	246	1207	3660	468.0	0	0	657	1200	0
9	416	500	248	1215	3662	472.0	0	0	657	1200	0
9	413	496	246	1207	3660	468.0	0	0	657	1200	0
10	416	496	246	1215	3644	467.0	0	0	789	1200	1
10	421	516	282	1270	3943	471.0	0	0	789	1200	1
10	432	557	371	1410	4663	467.0	0	0	789	1200	1
10	435	560	373	1417	4657	469.0	0	0	789	1200	1
10	433	557	371	1411	4655	467.0	0	0	789	1200	1
10	434	559	372	1417	4656	469.0	0	0	789	1200	1
10	433	558	372	1413	4664	467.0	0	0	789	1200	1
10	434	559	372	1416	4656	469.0	0	0	789	1200	1
10	433	558	371	1412	4655	468.0	0	0	789	1200	1
10	433	558	371	1412	4655	468.0	0	0	789	1200	1
10	434	558	371	1414	4647	468.0	0	0	789	1200	1
10	433	557	370	1410	4646	467.0	0	0	789	1200	1
10	434	559	371	1414	4647	469.0	0	0	789	1200	1
10	432	556	370	1409	4654	466.0	0	0	789	1200	1
10	434	559	371	1415	4647	469.0	0	0	789	1200	1
10	432	556	370	1408	4654	466.0	0	0	789	1200	1
10	435	559	372	1416	4649	468.0	0	0	789	1200	1
10	432	556	370	1408	4654	466.0	0	0	789	1200	1
10	435	559	372	1416	4649	468.0	0	0	789	1200	1
10	435	560	373	1418	4657	469.0	0	0	789	1200	1
10	432	557	371	1410	4663	467.0	0	0	789	1200	1
10	434	559	373	1417	4665	468.0	0	0	789	1200	1
10	432	557	371	1411	4663	467.0	0	0	789	1200	1
10	434	559	372	1416	4656	469.0	0	0	789	1200	1
10	433	557	372	1411	4664	466.0	0	0	789	1200	1
10	433	558	372	1414	4664	467.0	0	0	789	1200	1
10	433	558	372	1413	4664	467.0	0	0	789	1200	1
10	433	557	372	1412	4664	466.0	0	0	789	1200	0
10	433	558	372	1413	4664	467.0	0	0	789	1200	0
10	414	499	251	1215	3700	469.0	0	0	789	1200	0
10	415	498	247	1211	3658	470.0	0	0	789	1200	0
10	413	496	246	1206	3660	468.0	0	0	789	1200	0
10	415	499	248	1213	3667	471.0	0	0	789	1200	0
10	413	496	246	1205	3660	468.0	0	0	789	1200	0
11	416	499	248	1214	3662	471.0	0	0	921	1200	1
11	413	496	246	1205	3660	468.0	0	0	921	1200	1
11	421	515	281	1267	3934	470.0	0	0	921	1200	1
11	433	564	381	1423	4743	470.0	0	0	921	1200	1
11	433	560	380	1423	4734	465.0	0	0	921	1200	1
11	435	563	381	1430	4728	468.0	0	0	921	1200	1
11	433	561	380	1425	4734	466.0	0	0	921	1200	1
11	435	563	382	1430	4736	467.0	0	0	921	1200	1
11	434	561	381	1426	4735	465.0	0	0	921	1200	1
11	434	562	381	1428	4735	467.0	0	0	921	1200	1
11	434	562	381	1428	4735	467.0	0	0	921	1200	1
11	434	562	381	1427	4735	467.0	0	0	921	1200	1
11	435	563	381	1429	4728	468.0	0	0	921	1200	1
11	433	561	381	1426	4743	466.0	0	0	921	1200	1
11	435	563	382	1431	4736	467.0	0	0	921	1200	1
11	433	561	380	1424	4734	466.0	0	0	921	1200	1
11	435	564	382	1431	4736	469.0	0	0	921	1200	1
11	433	560	380	1424	4734	465.0	0	0	921	1200	1
11	436	563	381	1431	4720	468.0	0	0	921	1200	1
11	433	560	379	1422	4725	465.0	0	0	921	1200	1
11	436	563	381	1431	4720	468.0	0	0	921	1200	1
11	433	560	379	1422	4725	465.0	0	0	921	1200	1
11	433	560	380	1423	4734	465.0	0	0	921	1200	1
11	435	563	381	1429	4728	468.0	0	0	921	1200	1
11	433	561	380	1425	4734	466.0	0	0	921	1200	1
11	435	562	381	1428	4728	466.0	0	0	921	1200	1
11	434	561	380	1426	4726	466.0	0	0	921	1200	1
11	434	562	380	1427	4726	468.0	0	0	921	1200	0
11	435	562	381	1429	4728	466.0	0	0	921	1200	0
11	414	497	247	1208	3664	469.0	0	0	921	1200	0
11	415	498	247	1211	3658	470.0	0	0	921	1200	0
11	413	496	246	1206	3660	468.0	0	0	921	1200	0
11	415	499	248	1212	3667	471.0	0	0	921	1200	0
11	413	496	246	1205	3660	468.0	0	0	921	1200	0
12	415	499	248	1213	3667	471.0	0	0	1052	1200	1
12	413	495	246	1205	3660	467.0	0	0	1052	1200	1
12	422	520	290	1283	4009	471.0	0	0	1052	1200	1
12	434	565	389	1438	4805	466.0	0	0	1052	1200	1
12	437	568	391	1447	4799	468.0	0	0	1052	1200	1
12	434	565	389	1439	4805	466.0	0	0	1052	1200	1
12	437	568	390	1447	4791	469.0	0	0	1052	1200	1
12	437	568	391	1446	4799	468.0	0	0	1052	1200	1
12	435	566	390	1442	4806	466.0	0	0	1052	1200	1
12	436	567	391	1445	4807	467.0	0	0	1052	1200	1
12	436	566	390	1443	4799	466.0	0	0	1052	1200	1
12	436	567	390	1443	4799	467.0	0	0	1052	1200	1
12	436	567	391	1444	4807	467.0	0	0	1052	1200	1
12	435	566	390	1442	4806	466.0	0	0	1052	1200	1
12	437	568	391	1446	4799	468.0	0	0	1052	1200	1
12	435	565	390	1440	4806	465.0	0	0	1052	1200	1
12	437	568	391	1447	4799	468.0	0	0	1052	1200	1
12	434	565	389	1439	4805	466.0	0	0	1052	1200	1
12	437	568	391	1447	4799	468.0	0	0	1052	1200	1
12	434	565	389	1438	4805	466.0	0	0	1052	1200	1
12	437	568	391	1447	4799	468.0	0	0	1052	1200	1
12	434	565	389	1438	4805	466.0	0	0	1052	1200	1
12	437	568	391	1447	4799	468.0	0	0	1052	1200	1
12	434	565	389	1439	4805	466.0	0	0	1052	1200	1
12	437	568	391	1446	4799	468.0	0	0	1052	1200	1
12	436	567	391	1445	4807	467.0	0	0	1052	1200	1
12	435	566	390	1441	4806	466.0	0	0	1052	1200	1
12	436	567	391	1444	4807	467.0	0	0	1052	1200	0
12	434	563	383	1430	4753	467.0	0	0	1052	1200	0
12	414	497	247	1209	3664	469.0	0	0	1052	1200	0
12	414	497	247	1210	3664	469.0	0	0	1052	1200	0
12	413	496	246	1206	3660	468.0	0	0	1052	1200	0
12	414	498	247	1210	3664	470.0	0	0	1052	1200	0
12	413	496	246	1205	3660	468.0	0	0	1052	1200	0
13	415	498	247	1211	3658	470.0	0	0	1184	1200	1
13	412	495	246	1204	3665	467.0	0	0	1184	1200	1
13	422	520	293	1286	4036	469.0	0	0	1184	1200	1
13	435	569	399	1453	4885	464.0	0	0	1184	1200	1
13	438	572	401	1462	4879	467.0	0	0	1184	1200	1
13	435	569	399	1454	4885	464.0	0	0	1184	1200	1
13	438	573	401	1462	4879	468.0	0	0	1184	1200	1
13	436	569	399	1454	4877	464.0	0	0	1184	1200	1
13	438	572	401	1462	4879	467.0	0	0	1184	1200	1
13	436	570	399	1456	4877	466.0	0	0	1184	1200	1
13	436	570	399	1456	4877	466.0	0	0	1184	1200	1
13	437	571	400	1460	4878	466.0	0	0	1184	1200	1
13	437	571	400	1458	4878	466.0	0	0	1184	1200	1
13	437	571	400	1457	4878	466.0	0	0	1184	1200	1
13	437	571	400	1458	4878	466.0	0	0	1184	1200	1
13	436	570	399	1456	4877	466.0	0	0	1184	1200	1
13	438	572	400	1461	4870	467.0	0	0	1184	1200	1
13	436	570	399	1455	4877	466.0	0	0	1184	1200	1
13	438	572	401	1461	4879	467.0	0	0	1184	1200	1
13	436	569	399	1455	4877	464.0	0	0	1184	1200	1
13	438	573	401	1462	4879	468.0	0	0	1184	1200	1
13	436	569	399	1454	4877	464.0	0	0	1184	1200	1
13	438	573	401	1463	4879	468.0	0	0	1184	1200	1
13	436	570	399	1455	4877	466.0	0	0	1184	1200	1
13	438	573	401	1463	4879	468.0	0	0	1184	1200	1
13	436	570	399	1455	4877	466.0	0	0	1184	1200	1
13	438	572	401	1462	4879	467.0	0	0	1184	1200	1
13	436	570	399	1456	4877	466.0	0	0	1184	1200	0
13	436	569	396	1451	4851	466.0	0	0	1184	1200	0
13	414	498	247	1210	3664	470.0	0	0	1184	1200	0
13	414	497	247	1208	3664	469.0	0	0	1184	1200	0
13	414	497	247	1209	3664	469.0	0	0	1184	1200	0
13	414	498	247	1210	3664	470.0	0	0	1184	1200	0
13	413	496	247	1207	3669	468.0	0	0	1184	1200	0
14	415	498	247	1211	3658	470.0	0	0	1315	1200	1
14	413	496	246	1206	3660	468.0	0	0	1315	1200	1
14	424	529	310	1314	4176	470.0	0	0	1315	1200	1
14	437	574	409	1470	4956	464.0	0	0	1315	1200	1
14	440	577	411	1478	4949	467.0	0	0	1315	1200	1
14	437	574	409	1470	4956	464.0	0	0	1315	1200	1
14	440	577	410	1478	4941	467.0	0	0	1315	1200	1
14	437	574	409	1470	4956	464.0	0	0	1315	1200	1
14	440	577	410	1478	4941	467.0	0	0	1315	1200	1
14	437	574	409	1470	4956	464.0	0	0	1315	1200	1
14	440	577	410	1478	4941	467.0	0	0	1315	1200	1
14	437	574	409	1471	4956	464.0	0	0	1315	1200	1
14	439	577	410	1477	4949	468.0	0	0	1315	1200	1
14	439	576	410	1475	4949	466.0	0	0	1315	1200	1
14	438	575	409	1473	4948	466.0	0	0	1315	1200	1
14	438	575	409	1474	4948	466.0	0	0	1315	1200	1
14	439	576	410	1475	4949	466.0	0	0	1315	1200	1
14	438	575	409	1473	4948	466.0	0	0	1315	1200	1
14	439	577	410	1476	4949	468.0	0	0	1315	1200	1
14	437	575	409	1471	4956	466.0	0	0	1315	1200	1
14	439	577	410	1477	4949	468.0	0	0	1315	1200	1
14	437	574	409	1470	4956	464.0	0	0	1315	1200	1
14	440	577	410	1478	4941	467.0	0	0	1315	1200	1
14	437	574	409	1470	4956	464.0	0	0	1315	1200	1
14	440	577	411	1479	4949	467.0	0	0	1315	1200	1
14	437	574	409	1470	4956	464.0	0	0	1315	1200	1
14	440	577	411	1478	4949	467.0	0	0	1315	1200	1
14	437	574	409	1470	4956	464.0	0	0	1315	1200	1
14	439	577	410	1478	4949	468.0	0	0	1315	1200	0
14	436	570	400	1457	4886	465.0	0	0	1315	1200	0
14	415	498	247	1212	3658	470.0	0	0	1315	1200	0
14	415	498	247	1211	3658	470.0	0	0	1315	1200	0
14	414	497	247	1208	3664	469.0	0	0	1315	1200	0
14	414	497	247	1209	3664	469.0	0	0	1315	1200	0
15	414	497	247	1209	3664	469.0	0	0	1447	1200	1
15	414	497	247	1208	3664	469.0	0	0	1447	1200	1
15	426	534	323	1334	4279	468.0	0	0	1447	1200	1
15	439	580	419	1489	5027	466.0	0	0	1447	1200	1
15	441	582	420	1494	5019	468.0	0	0	1447	1200	1
15	439	579	418	1487	5018	465.0	0	0	1447	1200	1
15	441	582	420	1493	5019	468.0	0	0	1447	1200	1
15	439	579	418	1486	5018	465.0	0	0	1447	1200	1
15	441	582	420	1494	5019	468.0	0	0	1447	1200	1
15	439	579	418	1486	5018	465.0	0	0	1447	1200	1
15	442	582	420	1495	5011	467.0	0	0	1447	1200	1
15	439	579	418	1486	5018	465.0	0	0	1447	1200	1
15	441	582	420	1494	5019	468.0	0	0	1447	1200	1
15	439	579	418	1486	5018	465.0	0	0	1447	1200	1
15	441	582	420	1494	5019	468.0	0	0	1447	1200	1
15	439	579	419	1487	5027	464.0	0	0	1447	1200	1
15	439	580	419	1489	5027	466.0	0	0	1447	1200	1
15	441	581	420	1493	5019	466.0	0	0	1447	1200	1
15	440	580	420	1490	5027	465.0	0	0	1447	1200	1
15	440	581	420	1491	5027	466.0	0	0	1447	1200	1
15	440	581	420	1491	5027	466.0	0	0	1447	1200	1
15	440	580	420	1490	5027	465.0	0	0	1447	1200	1
15	440	581	420	1492	5027	466.0	0	0	1447	1200	1
15	439	580	419	1488	5027	466.0	0	0	1447	1200	1
15	441	582	420	1493	5019	468.0	0	0	1447	1200	1
15	439	579	419	1487	5027	464.0	0	0	1447	1200	1
15	441	582	420	1494	5019	468.0	0	0	1447	1200	1
15	438	579	418	1485	5027	465.0	0	0	1447	1200	1
15	441	582	420	1493	5019	468.0	0	0	1447	1200	0
15	435	569	399	1454	4885	464.0	0	0	1447	1200	0
15	415	499	248	1213	3667	471.0	0	0	1447	1200	0
15	413	495	246	1205	3660	467.0	0	0	1447	1200	0
15	415	499	248	1213	3667	471.0	0	0	1447	1200	0
15	413	495	246	1205	3660	467.0	0	0	1447	1200	0
15	413	496	246	1206	3660	468.0	0	0	1447	1200	0
16	415	498	247	1212	3658	470.0	0	0	1578	1200	1
16	422	524	304	1300	4135	467.0	0	0	1578	1200	1
16	442	585	429	1506	5088	465.0	0	0	1578	1200	1
16	441	584	428	1503	5088	465.0	0	0	1578	1200	1
16	441	585	429	1505	5097	466.0	0	0	1578	1200	1
16	441	585	430	1506	5105	465.0	0	0	1578	1200	1
16	441	585	429	1505	5097	466.0	0	0	1578	1200	1
16	442	586	430	1508	5097	466.0	0	0	1578	1200	1
16	440	584	429	1504	5105	464.0	0	0	1578	1200	1
16	442	586	430	1510	5097	466.0	0	0	1578	1200	1
16	440	584	429	1504	5105	464.0	0	0	1578	1200	1
16	443	587	430	1511	5089	467.0	0	0	1578	1200	1
16	440	584	429	1503	5105	464.0	0	0	1578	1200	1
16	443	587	430	1511	5089	467.0	0	0	1578	1200	1
16	440	583	429	1502	5105	463.0	0	0	1578	1200	1
16	443	587	431	1511	5097	467.0	0	0	1578	1200	1
16	440	583	428	1501	5097	464.0	0	0	1578	1200	1
16	443	587	430	1510	5089	467.0	0	0	1578	1200	1
16	443	587	429	1510	5080	468.0	0	0	1578	1200	1
16	440	584	428	1503	5097	465.0	0	0	1578	1200	1
16	442	586	429	1509	5088	467.0	0	0	1578	1200	1
16	441	584	428	1503	5088	465.0	0	0	1578	1200	1
16	442	586	429	1507	5088	467.0	0	0	1578	1200	1
16	441	585	428	1505	5088	466.0	0	0	1578	1200	1
16	441	585	429	1506	5097	466.0	0	0	1578	1200	1
16	441	585	429	1505	5097	466.0	0	0	1578	1200	1
16	441	585	429	1506	5097	466.0	0	0	1578	1200	1
16	442	586	430	1508	5097	466.0	0	0	1578	1200	0
16	438	574	408	1471	4940	465.0	0	0	1578	1200	0
16	415	498	248	1212	3667	469.0	0	0	1578	1200	0
16	413	496	246	1207	3660	468.0	0	0	1578	1200	0
16	415	499	248	1213	3667	471.0	0	0	1578	1200	0
16	413	496	246	1206	3660	468.0	0	0	1578	1200	0
16	415	499	248	1213	3667	471.0	0	0	1578	1200	0
17	413	496	246	1205	3660	468.0	0	0	1710	1200	1
17	415	499	248	1214	3667	471.0	0	0	1710	1200	1
17	444	592	440	1371	5162	468.0	0	0	1710	1200	1
17	441	588	438	1517	5175	464.0	0	0	1710	1200	1
17	444	591	439	1525	5158	467.0	0	0	1710	1200	1
17	442	588	438	1518	5166	464.0	0	0	1710	1200	1
17	444	591	439	1524	5158	467.0	0	0	1710	1200	1
17	442	589	438	1519	5166	465.0	0	0	1710	1200	1
17	444	591	439	1523	5158	467.0	0	0	1710	1200	1
17	442	589	438	1520	5166	465.0	0	0	1710	1200	1
17	443	590	438	1522	5157	466.0	0	0	1710	1200	1
17	443	590	438	1521	5157	466.0	0	0	1710	1200	1
17	443	590	438	1521	5157	466.0	0	0	1710	1200	1
17	443	590	438	1522	5157	466.0	0	0	1710	1200	1
17	442	590	439	1522	5175	466.0	0	0	1710	1200	1
17	443	591	440	1525	5175	466.0	0	0	1710	1200	1
17	442	589	439	1521	5175	464.0	0	0	1710	1200	1
17	444	591	440	1526	5166	466.0	0	0	1710	1200	1
17	442	589	439	1519	5175	464.0	0	0	1710	1200	1
17	444	592	440	1527	5166	468.0	0	0	1710	1200	1
17	441	589	439	1519	5183	465.0	0	0	1710	1200	1
17	441	588	439	1519	5183	463.0	0	0	1710	1200	1
17	444	592	441	1528	5175	467.0	0	0	1710	1200	1
17	441	588	438	1519	5175	464.0	0	0	1710	1200	1
17	444	592	440	1527	5166	468.0	0	0	1710	1200	1
17	441	588	437	1517	5166	465.0	0	0	1710	1200	1
17	444	591	439	1524	5158	467.0	0	0	1710	1200	1
17	442	588	438	1518	5166	464.0	0	0	1710	1200	0
17	441	581	418	1490	5002	467.0	0	0	1710	1200	0
17	413	496	247	1207	3669	468.0	0	0	1710	1200	0
17	415	498	247	1211	3658	470.0	0	0	1710	1200	0
17	414	497	247	1208	3664	469.0	0	0	1710	1200	0
17	414	497	247	1210	3664	469.0	0	0	1710	1200	0
17	414	497	247	1209	3664	469.0	0	0	1710	1200	0
18	414	497	247	1208	3664	469.0	0	0	1842	1200	1
18	414	498	247	1210	3664	470.0	0	0	1842	1200	1
18	431	553	365	1400	4617	465.0	0	0	1842	1200	1
18	445	595	448	1539	5226	466.0	0	0	1842	1200	1
18	443	593	447	1533	5235	464.0	0	0	1842	1200	1
18	445	593	447	1540	5218	464.0	0	0	1842	1200	1
18	445	596	448	1541	5226	468.0	0	0	1842	1200	1
18	443	593	447	1533	5235	464.0	0	0	1842	1200	1
18	446	596	449	1541	5226	467.0	0	0	1842	1200	1
18	443	593	447	1533	5235	464.0	0	0	1842	1200	1
18	446	596	449	1541	5226	467.0	0	0	1842	1200	1
18	443	593	447	1533	5235	464.0	0	0	1842	1200	1
18	446	596	449	1541	5226	467.0	0	0	1842	1200	1
18	443	593	448	1535	5244	464.0	0	0	1842	1200	1
18	446	597	450	1544	5235	468.0	0	0	1842	1200	1
18	444	594	449	1537	5243	464.0	0	0	1842	1200	1
18	445	596	450	1543	5243	466.0	0	0	1842	1200	1
18	444	594	449	1538	5243	464.0	0	0	1842	1200	1
18	445	596	450	1542	5243	466.0	0	0	1842	1200	1
18	444	595	450	1539	5252	465.0	0	0	1842	1200	1
18	445	595	450	1540	5243	465.0	0	0	1842	1200	1
18	445	595	450	1541	5243	465.0	0	0	1842	1200	1
18	444	595	449	1539	5243	466.0	0	0	1842	1200	1
18	445	596	450	1541	5243	466.0	0	0	1842	1200	1
18	445	595	448	1539	5226	466.0	0	0	1842	1200	1
18	443	593	447	1533	5235	464.0	0	0	1842	1200	1
18	445	595	448	1539	5226	466.0	0	0	1842	1200	1
18	442	592	446	1530	5235	464.0	0	0	1842	1200	0
18	441	581	417	1489	4993	468.0	0	0	1842	1200	0
18	413	496	246	1206	3660	468.0	0	0	1842	1200	0
18	416	499	248	1214	3662	471.0	0	0	1842	1200	0
18	413	496	246	1206	3660	468.0	0	0	1842	1200	0
18	415	499	248	1214	3667	471.0	0	0	1842	1200	0
18	413	496	246	1206	3660	468.0	0	0	1842	1200	0
19	415	499	248	1213	3667	471.0	0	0	1973	1200	1
19	413	496	246	1206	3660	468.0	0	0	1973	1200	1
19	426	532	317	1326	4226	469.0	0	0	1973	1200	1
19	445	598	457	1551	5303	464.0	0	0	1973	1200	1
19	447	601	460	1558	5311	466.0	0	0	1973	1200	1
19	446	599	459	1555	5312	464.0	0	0	1973	1200	1
19	446	600	460	1557	5320	465.0	0	0	1973	1200	1
19	446	600	460	1556	5320	465.0	0	0	1973	1200	1
19	446	600	460	1556	5320	465.0	0	0	1973	1200	1
19	445	599	459	1554	5320	465.0	0	0	1973	1200	1
19	447	601	460	1558	5311	466.0	0	0	1973	1200	1
19	445	599	459	1554	5320	465.0	0	0	1973	1200	1
19	447	601	460	1559	5311	466.0	0	0	1973	1200	1
19	445	599	459	1553	5320	465.0	0	0	1973	1200	1
19	447	600	458	1556	5294	466.0	0	0	1973	1200	1
19	444	597	457	1548	5312	463.0	0	0	1973	1200	1
19	447	601	458	1556	5294	468.0	0	0	1973	1200	1
19	444	597	456	1548	5303	464.0	0	0	1973	1200	1
19	447	601	458	1557	5294	468.0	0	0	1973	1200	1
19	444	597	457	1548	5312	463.0	0	0	1973	1200	1
19	447	601	458	1557	5294	468.0	0	0	1973	1200	1
19	444	597	457	1549	5312	463.0	0	0	1973	1200	1
19	447	600	458	1556	5294	466.0	0	0	1973	1200	1
19	445	598	457	1549	5303	464.0	0	0	1973	1200	1
19	447	600	458	1556	5294	466.0	0	0	1973	1200	1
19	445	598	458	1552	5312	464.0	0	0	1973	1200	1
19	446	600	460	1557	5320	465.0	0	0	1973	1200	1
19	446	600	459	1556	5312	466.0	0	0	1973	1200	0
19	439	577	411	1478	4957	467.0	0	0	1973	1200	0
19	414	497	247	1209	3664	469.0	0	0	1973	1200	0
19	415	498	247	1211	3658	470.0	0	0	1973	1200	0
19	413	497	247	1208	3669	469.0	0	0	1973	1200	0
19	415	498	248	1212	3667	469.0	0	0	1973	1200	0
19	413	496	246	1207	3660	468.0	0	0	1973	1200	0
20	415	499	248	1214	3667	471.0	0	0	2105	1200	1
20	413	496	246	1206	3660	468.0	0	0	2105	1200	1
20	438	570	394	1453	4818	469.0	0	0	2105	1200	1
20	446	602	466	1565	5371	464.0	0	0	2105	1200	1
20	449	606	468	1573	5362	468.0	0	0	2105	1200	1
20	446	602	466	1565	5371	464.0	0	0	2105	1200	1
20	449	605	468	1573	5362	466.0	0	0	2105	1200	1
20	446	602	466	1565	5371	464.0	0	0	2105	1200	1
20	448	605	468	1573	5371	466.0	0	0	2105	1200	1
20	446	602	467	1565	5380	463.0	0	0	2105	1200	1
20	448	605	468	1572	5371	466.0	0	0	2105	1200	1
20	446	603	467	1566	5380	465.0	0	0	2105	1200	1
20	447	604	469	1570	5388	464.0	0	0	2105	1200	1
20	448	605	470	1573	5388	465.0	0	0	2105	1200	1
20	447	605	470	1572	5397	465.0	0	0	2105	1200	1
20	447	604	470	1572	5397	464.0	0	0	2105	1200	1
20	448	605	470	1574	5388	465.0	0	0	2105	1200	1
20	447	604	469	1570	5388	464.0	0	0	2105	1200	1
20	448	606	470	1575	5388	467.0	0	0	2105	1200	1
20	447	604	469	1570	5388	464.0	0	0	2105	1200	1
20	449	606	470	1576	5379	466.0	0	0	2105	1200	1
20	446	603	469	1569	5397	463.0	0	0	2105	1200	1
20	449	606	471	1577	5387	465.0	0	0	2105	1200	1
20	446	603	469	1569	5397	463.0	0	0	2105	1200	1
20	448	605	468	1573	5371	466.0	0	0	2105	1200	1
20	445	602	466	1564	5380	464.0	0	0	2105	1200	1
20	448	605	468	1572	5371	466.0	0	0	2105	1200	1
20	446	602	466	1564	5371	464.0	0	0	2105	1200	0
20	448	605	468	1572	5371	466.0	0	0	2105	1200	0
20	441	586	433	1510	5131	464.0	0	0	2105	1200	0
20	413	496	247	1207	3669	468.0	0	0	2105	1200	0
20	415	498	247	1212	3658	470.0	0	0	2105	1200	0
20	414	497	247	1208	3664	469.0	0	0	2105	1200	0
20	414	497	247	1210	3664	469.0	0	0	2105	1200	0
21	414	497	247	1209	3664	469.0	0	0	2236	1200	1
21	414	497	247	1209	3664	469.0	0	0	2236	1200	1
21	439	576	409	1474	4940	467.0	0	0	2236	1200	1
21	448	607	476	1582	5439	464.0	0	0	2236	1200	1
21	449	609	477	1586	5438	466.0	0	0	2236	1200	1
21	447	607	476	1581	5448	464.0	0	0	2236	1200	1
21	449	609	477	1587	5438	466.0	0	0	2236	1200	1
21	447	607	476	1580	5448	464.0	0	0	2236	1200	1
21	450	610	477	1588	5429	467.0	0	0	2236	1200	1
21	447	606	476	1580	5448	462.0	0	0	2236	1200	1
21	450	610	477	1588	5429	467.0	0	0	2236	1200	1
21	447	606	476	1580	5448	462.0	0	0	2236	1200	1
21	450	611	479	1591	5446	467.0	0	0	2236	1200	1
21	448	608	479	1585	5464	463.0	0	0	2236	1200	1
21	450	611	481	1593	5463	466.0	0	0	2236	1200	1
21	450	611	480	1592	5455	466.0	0	0	2236	1200	1
21	448	609	479	1587	5464	465.0	0	0	2236	1200	1
21	450	611	480	1592	5455	466.0	0	0	2236	1200	1
21	449	609	480	1588	5464	464.0	0	0	2236	1200	1
21	449	610	480	1590	5464	465.0	0	0	2236	1200	1
21	449	610	480	1589	5464	465.0	0	0	2236	1200	1
21	449	610	480	1589	5464	465.0	0	0	2236	1200	1
21	449	610	480	1590	5464	465.0	0	0	2236	1200	1
21	448	608	477	1583	5447	465.0	0	0	2236	1200	1
21	449	609	477	1586	5438	466.0	0	0	2236	1200	1
21	448	607	476	1581	5439	464.0	0	0	2236	1200	1
21	449	609	477	1587	5438	466.0	0	0	2236	1200	1
21	447	607	476	1580	5448	464.0	0	0	2236	1200	0
21	450	610	477	1588	5429	467.0	0	0	2236	1200	0
21	440	585	431	1507	5123	465.0	0	0	2236	1200	0
21	415	499	248	1214	3667	471.0	0	0	2236	1200	0
21	413	495	246	1205	3660	467.0	0	0	2236	1200	0
21	416	499	248	1214	3662	471.0	0	0	2236	1200	0
21	415	499	248	1206	3667	471.0	0	0	2236	1200	0
22	413	496	246	1206	3660	468.0	0	0	2368	1200	1
22	415	499	248	1213	3667	471.0	0	0	2368	1200	1
22	427	539	336	1352	4389	466.0	0	0	2368	1200	1
22	451	616	491	1608	5538	466.0	0	0	2368	1200	1
22	450	614	490	1604	5539	464.0	0	0	2368	1200	1
22	451	615	490	1607	5530	465.0	0	0	2368	1200	1
22	450	614	489	1605	5531	465.0	0	0	2368	1200	1
22	451	615	490	1606	5530	465.0	0	0	2368	1200	1
22	451	615	490	1606	5530	465.0	0	0	2368	1200	1
22	450	614	490	1604	5539	464.0	0	0	2368	1200	1
22	451	615	490	1606	5530	465.0	0	0	2368	1200	1
22	450	613	489	1603	5531	463.0	0	0	2368	1200	1
22	451	616	490	1608	5530	467.0	0	0	2368	1200	1
22	449	611	486	1596	5514	462.0	0	0	2368	1200	1
22	451	614	488	1604	5513	465.0	0	0	2368	1200	1
22	449	611	486	1596	5514	462.0	0	0	2368	1200	1
22	451	615	487	1604	5505	467.0	0	0	2368	1200	1
22	449	611	486	1596	5514	462.0	0	0	2368	1200	1
22	449	611	486	1596	5514	462.0	0	0	2368	1200	1
22	451	615	487	1605	5505	467.0	0	0	2368	1200	1
22	449	611	486	1597	5514	462.0	0	0	2368	1200	1
22	451	615	487	1604	5505	467.0	0	0	2368	1200	1
22	449	612	486	1597	5514	464.0	0	0	2368	1200	1
22	451	615	488	1605	5513	467.0	0	0	2368	1200	1
22	450	614	490	1604	5539	464.0	0	0	2368	1200	1
22	451	616	490	1608	5530	467.0	0	0	2368	1200	1
22	450	614	490	1605	5539	464.0	0	0	2368	1200	1
22	451	615	490	1607	5530	465.0	0	0	2368	1200	1
22	451	615	490	1606	5530	465.0	0	0	2368	1200	0
22	437	573	404	1465	4913	466.0	0	0	2368	1200	0
22	414	498	247	1211	3664	470.0	0	0	2368	1200	0
22	413	496	247	1208	3669	468.0	0	0	2368	1200	0
22	415	498	248	1212	3667	469.0	0	0	2368	1200	0
22	413	496	246	1207	3660	468.0	0	0	2368	1200	0
23	415	499	248	1213	3667	471.0	0	0	2500	1200	1
23	413	496	246	1206	3660	468.0	0	0	2500	1200	1
23	441	587	435	1214	5128	464.0	0	0	2500	1200	1
23	453	619	497	1621	5571	466.0	0	0	2500	1200	1
23	450	616	496	1612	5590	463.0	0	0	2500	1200	1
23	453	619	497	1620	5571	466.0	0	0	2500	1200	1
23	450	616	496	1612	5590	463.0	0	0	2500	1200	1
23	453	619	497	1620	5571	466.0	0	0	2500	1200	1
23	450	616	496	1613	5590	463.0	0	0	2500	1200	1
23	453	619	497	1620	5571	466.0	0	0	2500	1200	1
23	451	617	496	1614	5581	464.0	0	0	2500	1200	1
23	452	620	499	1622	5597	466.0	0	0	2500	1200	1
23	451	619	500	1621	5614	464.0	0	0	2500	1200	1
23	452	620	500	1623	5605	465.0	0	0	2500	1200	1
23	452	619	500	1622	5605	464.0	0	0	2500	1200	1
23	452	619	500	1622	5605	464.0	0	0	2500	1200	1
23	452	620	500	1623	5605	465.0	0	0	2500	1200	1
23	451	619	500	1620	5614	464.0	0	0	2500	1200	1
23	453	620	500	1624	5596	465.0	0	0	2500	1200	1
23	451	618	499	1619	5606	463.0	0	0	2500	1200	1
23	453	621	500	1625	5596	467.0	0	0	2500	1200	1
23	453	621	501	1626	5604	466.0	0	0	2500	1200	1
23	450	616	496	1612	5590	463.0	0	0	2500	1200	1
23	453	620	498	1621	5579	467.0	0	0	2500	1200	1
23	450	616	495	1612	5582	463.0	0	0	2500	1200	1
23	453	619	497	1620	5571	466.0	0	0	2500	1200	1
23	450	616	496	1612	5590	463.0	0	0	2500	1200	1
23	453	619	497	1620	5571	466.0	0	0	2500	1200	1
