Stim	R	G	B	C	Temp	HueLux	Yellow	Red	Blue	Blue2	Trig
1	410	492	244	1197	3658	464.0	1800	0	0	0	1
1	822	646	307	1841	2813	528.0	1800	0	0	0	1
1	2275	1181	525	4094	2270	741.0	1800	0	0	0	1
1	2272	1180	525	4091	2271	740.0	1800	0	0	0	1
1	2270	1179	524	4086	2270	740.0	1800	0	0	0	1
1	2271	1180	524	4088	2270	741.0	1800	0	0	0	1
1	2270	1179	524	4087	2270	740.0	1800	0	0	0	1
1	2270	1180	525	4088	2272	741.0	1800	0	0	0	1
1	2268	1178	524	4083	2271	739.0	1800	0	0	0	1
1	2271	1180	525	4090	2271	740.0	1800	0	0	0	1
1	2269	1178	524	4084	2270	739.0	1800	0	0	0	1
1	2270	1180	525	4088	2272	741.0	1800	0	0	0	1
1	2267	1177	523	4081	2269	738.0	1800	0	0	0	1
1	2272	1181	525	4091	2271	742.0	1800	0	0	0	1
1	2269	1178	523	4083	2269	739.0	1800	0	0	0	1
1	2270	1181	525	4089	2272	742.0	1800	0	0	0	1
1	2267	1177	523	4081	2269	738.0	1800	0	0	0	1
1	2271	1181	525	4091	2271	742.0	1800	0	0	0	1
1	2269	1178	524	4084	2270	739.0	1800	0	0	0	1
1	2270	1181	525	4089	2272	742.0	1800	0	0	0	1
1	2267	1177	523	4082	2269	738.0	1800	0	0	0	1
1	2271	1180	525	4090	2271	740.0	1800	0	0	0	1
1	2269	1178	524	4085	2270	739.0	1800	0	0	0	1
1	2270	1180	525	4088	2272	741.0	1800	0	0	0	1
1	2268	1178	524	4083	2271	739.0	1800	0	0	0	1
1	2270	1179	524	4087	2270	740.0	1800	0	0	0	1
1	2269	1179	524	4086	2270	740.0	1800	0	0	0	1
1	2268	1179	524	4085	2271	741.0	1800	0	0	0	0
1	1385	852	391	2712	2466	608.0	1800	0	0	0	0
1	412	494	245	1202	3656	466.0	1800	0	0	0	0
1	410	492	244	1196	3658	464.0	1800	0	0	0	0
1	412	495	245	1202	3656	468.0	1800	0	0	0	0
1	410	492	244	1195	3658	464.0	1800	0	0	0	0
1	412	495	245	1204	3656	468.0	1800	0	0	0	0
2	410	492	244	1196	3658	464.0	1800	0	0	0	1
2	944	691	325	2029	2702	546.0	1800	0	0	0	1
2	2267	1177	523	4080	2269	738.0	1800	0	0	0	1
2	2269	1180	525	4087	2272	741.0	1800	0	0	0	1
2	2268	1177	523	4081	2269	738.0	1800	0	0	0	1
2	2270	1180	525	4089	2272	741.0	1800	0	0	0	1
2	2267	1177	523	4081	2269	738.0	1800	0	0	0	1
2	2269	1179	524	4086	2270	740.0	1800	0	0	0	1
2	2267	1177	523	4081	2269	738.0	1800	0	0	0	1
2	2269	1178	524	4084	2270	739.0	1800	0	0	0	1
2	2268	1179	524	4085	2271	741.0	1800	0	0	0	1
2	2267	1178	524	4082	2271	739.0	1800	0	0	0	1
2	2269	1179	524	4085	2270	740.0	1800	0	0	0	1
2	2269	1179	524	4086	2270	740.0	1800	0	0	0	1
2	2268	1178	524	4083	2271	739.0	1800	0	0	0	1
2	2268	1179	524	4085	2271	741.0	1800	0	0	0	1
2	2268	1177	523	4082	2269	738.0	1800	0	0	0	1
2	2270	1180	525	4088	2272	741.0	1800	0	0	0	1
2	2268	1177	523	4082	2269	738.0	1800	0	0	0	1
2	2269	1180	525	4087	2272	741.0	1800	0	0	0	1
2	2266	1176	523	4079	2270	737.0	1800	0	0	0	1
2	2270	1180	525	4089	2272	741.0	1800	0	0	0	1
2	2268	1177	523	4081	2269	738.0	1800	0	0	0	1
2	2270	1180	525	4089	2272	741.0	1800	0	0	0	1
2	2266	1177	523	4079	2270	739.0	1800	0	0	0	1
2	2270	1180	525	4089	2272	741.0	1800	0	0	0	1
2	2268	1177	523	4082	2269	738.0	1800	0	0	0	1
2	2270	1180	525	4089	2272	741.0	1800	0	0	0	0
2	1334	835	384	2634	2487	603.0	1800	0	0	0	0
2	411	493	244	1198	3652	466.0	1800	0	0	0	0
2	412	494	245	1202	3656	466.0	1800	0	0	0	0
2	411	493	244	1199	3652	466.0	1800	0	0	0	0
2	411	494	245	1200	3662	466.0	1800	0	0	0	0
2	411	494	245	1200	3662	466.0	1800	0	0	0	0
3	411	493	244	1198	3652	466.0	1800	0	0	0	1
3	995	710	333	2108	2666	553.0	1800	0	0	0	1
3	2268	1178	524	4082	2271	739.0	1800	0	0	0	1
3	2270	1180	525	4088	2272	741.0	1800	0	0	0	1
3	2268	1177	523	4082	2269	738.0	1800	0	0	0	1
3	2270	1180	525	4088	2272	741.0	1800	0	0	0	1
3	2266	1176	523	4078	2270	737.0	1800	0	0	0	1
3	2269	1180	525	4086	2272	741.0	1800	0	0	0	1
3	2267	1177	523	4080	2269	738.0	1800	0	0	0	1
3	2270	1180	525	4089	2272	741.0	1800	0	0	0	1
3	2266	1177	523	4079	2270	739.0	1800	0	0	0	1
3	2268	1180	525	4087	2272	741.0	1800	0	0	0	1
3	2270	1180	525	4088	2272	741.0	1800	0	0	0	1
3	2267	1177	523	4081	2269	738.0	1800	0	0	0	1
3	2268	1179	525	4085	2272	740.0	1800	0	0	0	1
3	2267	1178	524	4082	2271	739.0	1800	0	0	0	1
3	2269	1179	524	4087	2270	740.0	1800	0	0	0	1
3	2268	1178	524	4084	2271	739.0	1800	0	0	0	1
3	2267	1178	524	4083	2271	739.0	1800	0	0	0	1
3	2267	1178	524	4083	2271	739.0	1800	0	0	0	1
3	2268	1178	524	4083	2271	739.0	1800	0	0	0	1
3	2269	1179	524	4086	2270	740.0	1800	0	0	0	1
3	2266	1177	523	4080	2270	739.0	1800	0	0	0	1
3	2267	1179	524	4084	2271	741.0	1800	0	0	0	1
3	2267	1177	523	4080	2269	738.0	1800	0	0	0	1
3	2269	1180	525	4087	2272	741.0	1800	0	0	0	1
3	2266	1176	523	4078	2270	737.0	1800	0	0	0	1
3	2268	1179	525	4085	2272	740.0	1800	0	0	0	0
3	2267	1177	523	4080	2269	738.0	1800	0	0	0	0
3	1205	787	365	2434	2545	583.0	1800	0	0	0	0
3	409	491	243	1193	3654	464.0	1800	0	0	0	0
3	410	492	244	1196	3658	464.0	1800	0	0	0	0
3	412	495	245	1203	3656	468.0	1800	0	0	0	0
3	410	492	244	1197	3658	464.0	1800	0	0	0	0
4	412	495	245	1203	3656	468.0	1800	0	0	0	1
4	411	493	244	1198	3652	466.0	1800	0	0	0	1
4	1020	719	337	2147	2649	557.0	1800	0	0	0	1
4	1360	844	387	2673	2475	607.0	1800	0	0	0	1
4	1359	844	387	2673	2475	607.0	1800	0	0	0	1
4	1359	844	387	2672	2475	607.0	1800	0	0	0	1
4	1347	839	385	2654	2479	605.0	1800	0	0	0	1
4	1324	831	382	2619	2490	602.0	1800	0	0	0	1
4	1322	829	381	2615	2489	600.0	1800	0	0	0	1
4	1324	831	382	2619	2490	602.0	1800	0	0	0	1
4	1322	829	381	2614	2489	600.0	1800	0	0	0	1
4	1324	832	383	2620	2493	603.0	1800	0	0	0	1
4	1326	830	382	2620	2488	599.0	1800	0	0	0	1
4	1324	832	383	2621	2493	603.0	1800	0	0	0	1
4	1322	828	381	2612	2489	598.0	1800	0	0	0	1
4	1326	830	382	2619	2488	599.0	1800	0	0	0	1
4	1324	832	383	2621	2493	603.0	1800	0	0	0	1
4	1358	842	386	2669	2473	605.0	1800	0	0	0	1
4	1361	845	388	2678	2477	607.0	1800	0	0	0	1
4	1354	841	386	2664	2477	605.0	1800	0	0	0	1
4	1359	844	388	2674	2478	606.0	1800	0	0	0	1
4	1357	842	387	2669	2477	605.0	1800	0	0	0	1
4	1360	845	388	2676	2477	608.0	1800	0	0	0	1
4	1359	843	387	2672	2475	606.0	1800	0	0	0	1
4	1360	844	387	2674	2475	607.0	1800	0	0	0	1
4	1358	843	387	2671	2476	606.0	1800	0	0	0	1
4	1359	844	387	2673	2475	607.0	1800	0	0	0	1
4	1361	845	388	2676	2477	607.0	1800	0	0	0	0
4	1343	838	385	2648	2483	604.0	1800	0	0	0	0
4	412	495	245	1203	3656	468.0	1800	0	0	0	0
4	411	493	244	1198	3652	466.0	1800	0	0	0	0
4	413	496	245	1204	3651	469.0	1800	0	0	0	0
4	410	492	244	1197	3658	464.0	1800	0	0	0	0
4	413	495	245	1204	3651	467.0	1800	0	0	0	0
5	413	496	245	1205	3651	469.0	1800	0	131	0	1
5	410	492	244	1196	3658	464.0	1800	0	131	0	1
5	1147	768	358	2348	2580	577.0	1800	0	131	0	1
5	1359	843	389	2674	2481	604.0	1800	0	131	0	1
5	1360	846	390	2679	2483	608.0	1800	0	131	0	1
5	1322	830	383	2616	2494	600.0	1800	0	131	0	1
5	1324	832	384	2622	2496	602.0	1800	0	131	0	1
5	1323	830	384	2618	2496	599.0	1800	0	131	0	1
5	1324	832	384	2622	2496	602.0	1800	0	131	0	1
5	1327	833	385	2626	2496	602.0	1800	0	131	0	1
5	1323	831	384	2620	2496	601.0	1800	0	131	0	1
5	1323	831	384	2620	2496	601.0	1800	0	131	0	1
5	1323	830	384	2618	2496	599.0	1800	0	131	0	1
5	1323	831	384	2620	2496	601.0	1800	0	131	0	1
5	1323	831	384	2618	2496	601.0	1800	0	131	0	1
5	1324	832	384	2623	2496	602.0	1800	0	131	0	1
5	1346	839	387	2653	2486	604.0	1800	0	131	0	1
5	1360	846	390	2679	2483	608.0	1800	0	131	0	1
5	1362	847	391	2683	2484	608.0	1800	0	131	0	1
5	1358	843	389	2673	2482	604.0	1800	0	131	0	1
5	1360	847	390	2680	2483	609.0	1800	0	131	0	1
5	1359	844	389	2674	2481	606.0	1800	0	131	0	1
5	1362	847	391	2682	2484	608.0	1800	0	131	0	1
5	1358	844	389	2673	2482	606.0	1800	0	131	0	1
5	1360	846	390	2679	2483	608.0	1800	0	131	0	1
5	1355	842	388	2668	2481	605.0	1800	0	131	0	1
5	1361	846	390	2681	2482	607.0	1800	0	131	0	1
5	1323	831	384	2618	2496	601.0	1800	0	131	0	0
5	1324	832	384	2623	2496	602.0	1800	0	131	0	0
5	485	521	256	1314	3402	477.0	1800	0	131	0	0
5	412	494	245	1201	3656	466.0	1800	0	131	0	0
5	412	494	245	1201	3656	466.0	1800	0	131	0	0
5	411	493	245	1199	3662	465.0	1800	0	131	0	0
5	412	494	245	1202	3656	466.0	1800	0	131	0	0
6	411	493	244	1198	3652	466.0	1800	0	263	0	1
6	412	495	245	1203	3656	468.0	1800	0	263	0	1
6	410	493	244	1197	3658	466.0	1800	0	263	0	1
6	1356	846	397	2682	2506	604.0	1800	0	263	0	1
6	1330	839	393	2644	2516	604.0	1800	0	263	0	1
6	1323	834	391	2629	2517	600.0	1800	0	263	0	1
6	1326	837	393	2638	2520	602.0	1800	0	263	0	1
6	1328	835	392	2636	2515	599.0	1800	0	263	0	1
6	1326	837	393	2638	2520	602.0	1800	0	263	0	1
6	1324	834	391	2630	2516	600.0	1800	0	263	0	1
6	1326	837	393	2638	2520	602.0	1800	0	263	0	1
6	1328	836	392	2637	2515	601.0	1800	0	263	0	1
6	1326	837	393	2637	2520	602.0	1800	0	263	0	1
6	1324	835	392	2632	2519	601.0	1800	0	263	0	1
6	1326	836	392	2636	2517	602.0	1800	0	263	0	1
6	1325	835	392	2633	2518	600.0	1800	0	263	0	1
6	1362	850	398	2692	2504	608.0	1800	0	263	0	1
6	1362	849	398	2691	2504	606.0	1800	0	263	0	1
6	1360	848	397	2688	2503	606.0	1800	0	263	0	1
6	1361	849	398	2690	2505	606.0	1800	0	263	0	1
6	1361	848	397	2689	2502	606.0	1800	0	263	0	1
6	1359	847	397	2685	2504	605.0	1800	0	263	0	1
6	1361	850	398	2692	2505	608.0	1800	0	263	0	1
6	1356	846	396	2681	2503	605.0	1800	0	263	0	1
6	1363	851	399	2696	2506	608.0	1800	0	263	0	1
6	1359	847	397	2685	2504	605.0	1800	0	263	0	1
6	1326	837	393	2638	2520	602.0	1800	0	263	0	1
6	1324	834	391	2630	2516	600.0	1800	0	263	0	0
6	1326	837	393	2638	2520	602.0	1800	0	263	0	0
6	410	493	244	1197	3658	466.0	1800	0	263	0	0
6	413	496	246	1205	3660	468.0	1800	0	263	0	0
6	411	493	244	1198	3652	466.0	1800	0	263	0	0
6	413	495	245	1204	3651	467.0	1800	0	263	0	0
6	411	493	244	1199	3652	466.0	1800	0	263	0	0
7	412	495	245	1203	3656	468.0	1800	0	394	0	1
7	411	494	245	1200	3662	466.0	1800	0	394	0	1
7	412	494	245	1201	3656	466.0	1800	0	394	0	1
7	1144	771	370	2361	2623	574.0	1800	0	394	0	1
7	1361	853	407	2704	2530	606.0	1800	0	394	0	1
7	1362	854	407	2706	2529	607.0	1800	0	394	0	1
7	1327	841	401	2651	2542	603.0	1800	0	394	0	1
7	1325	839	400	2645	2541	601.0	1800	0	394	0	1
7	1327	841	401	2652	2542	603.0	1800	0	394	0	1
7	1325	838	400	2644	2541	599.0	1800	0	394	0	1
7	1328	841	401	2652	2541	602.0	1800	0	394	0	1
7	1325	838	400	2644	2541	599.0	1800	0	394	0	1
7	1328	841	401	2652	2541	602.0	1800	0	394	0	1
7	1325	838	400	2644	2541	599.0	1800	0	394	0	1
7	1328	841	402	2652	2544	602.0	1800	0	394	0	1
7	1325	838	400	2645	2541	599.0	1800	0	394	0	1
7	1348	849	405	2685	2535	605.0	1800	0	394	0	1
7	1362	852	406	2703	2526	605.0	1800	0	394	0	1
7	1363	854	407	2707	2528	607.0	1800	0	394	0	1
7	1362	853	406	2703	2526	607.0	1800	0	394	0	1
7	1363	854	407	2708	2528	607.0	1800	0	394	0	1
7	1363	853	407	2706	2528	605.0	1800	0	394	0	1
7	1358	852	406	2699	2530	606.0	1800	0	394	0	1
7	1362	854	407	2705	2529	607.0	1800	0	394	0	1
7	1364	854	407	2708	2527	607.0	1800	0	394	0	1
7	1362	852	406	2703	2526	605.0	1800	0	394	0	1
7	1363	854	407	2707	2528	607.0	1800	0	394	0	1
7	1325	838	400	2644	2541	599.0	1800	0	394	0	1
7	1327	841	401	2652	2542	603.0	1800	0	394	0	0
7	410	492	244	1196	3658	464.0	1800	0	394	0	0
7	413	496	246	1205	3660	468.0	1800	0	394	0	0
7	410	492	244	1196	3658	464.0	1800	0	394	0	0
7	413	496	246	1205	3660	468.0	1800	0	394	0	0
7	410	492	244	1197	3658	464.0	1800	0	394	0	0
8	413	496	245	1204	3651	469.0	1800	0	526	0	1
8	411	493	244	1197	3652	466.0	1800	0	526	0	1
8	413	495	245	1204	3651	467.0	1800	0	526	0	1
8	1275	824	400	2579	2586	593.0	1800	0	526	0	1
8	1341	850	413	2686	2564	603.0	1800	0	526	0	1
8	1327	844	410	2662	2568	601.0	1800	0	526	0	1
8	1328	845	410	2665	2567	602.0	1800	0	526	0	1
8	1328	844	410	2664	2567	600.0	1800	0	526	0	1
8	1328	844	410	2663	2567	600.0	1800	0	526	0	1
8	1327	844	410	2662	2568	601.0	1800	0	526	0	1
8	1328	845	411	2666	2570	601.0	1800	0	526	0	1
8	1331	845	410	2667	2564	601.0	1800	0	526	0	1
8	1329	846	411	2667	2569	603.0	1800	0	526	0	1
8	1326	843	409	2660	2566	600.0	1800	0	526	0	1
8	1329	846	411	2668	2569	603.0	1800	0	526	0	1
8	1358	855	415	2711	2555	604.0	1800	0	526	0	1
8	1365	860	417	2725	2554	609.0	1800	0	526	0	1
8	1363	857	416	2718	2553	605.0	1800	0	526	0	1
8	1366	860	418	2726	2556	607.0	1800	0	526	0	1
8	1359	855	415	2712	2554	604.0	1800	0	526	0	1
8	1364	859	417	2724	2555	607.0	1800	0	526	0	1
8	1362	857	416	2717	2554	606.0	1800	0	526	0	1
8	1365	859	417	2725	2554	607.0	1800	0	526	0	1
8	1364	857	416	2720	2552	605.0	1800	0	526	0	1
8	1365	859	417	2724	2554	607.0	1800	0	526	0	1
8	1363	857	416	2719	2553	605.0	1800	0	526	0	1
8	1330	845	411	2668	2568	601.0	1800	0	526	0	1
8	1327	844	410	2663	2568	601.0	1800	0	526	0	1
8	1328	845	410	2665	2567	602.0	1800	0	526	0	0
8	485	521	258	1317	3417	476.0	1800	0	526	0	0
8	412	495	245	1203	3656	468.0	1800	0	526	0	0
8	410	493	244	1198	3658	466.0	1800	0	526	0	0
8	413	495	245	1204	3651	467.0	1800	0	526	0	0
8	410	493	244	1197	3658	466.0	1800	0	526	0	0
8	413	496	246	1205	3660	468.0	1800	0	526	0	0
9	410	492	244	1197	3658	464.0	1800	0	657	0	1
9	413	496	246	1205	3660	468.0	1800	0	657	0	1
9	1329	848	419	2677	2592	600.0	1800	0	657	0	1
9	1331	851	420	2684	2593	603.0	1800	0	657	0	1
9	1328	847	419	2676	2593	599.0	1800	0	657	0	1
9	1330	851	420	2683	2594	603.0	1800	0	657	0	1
9	1328	848	419	2677	2593	600.0	1800	0	657	0	1
9	1330	850	420	2682	2594	602.0	1800	0	657	0	1
9	1329	848	419	2678	2592	600.0	1800	0	657	0	1
9	1330	850	420	2681	2594	602.0	1800	0	657	0	1
9	1329	849	419	2679	2592	601.0	1800	0	657	0	1
9	1329	849	420	2680	2595	601.0	1800	0	657	0	1
9	1333	850	420	2685	2591	601.0	1800	0	657	0	1
9	1366	864	427	2739	2581	607.0	1800	0	657	0	1
9	1365	862	426	2737	2580	605.0	1800	0	657	0	1
9	1367	865	427	2742	2581	608.0	1800	0	657	0	1
9	1361	860	425	2728	2580	604.0	1800	0	657	0	1
9	1366	864	427	2741	2581	607.0	1800	0	657	0	1
9	1363	861	426	2733	2581	604.0	1800	0	657	0	1
9	1367	865	427	2743	2581	608.0	1800	0	657	0	1
9	1365	862	426	2734	2580	605.0	1800	0	657	0	1
9	1367	865	427	2743	2581	608.0	1800	0	657	0	1
9	1364	861	426	2733	2580	604.0	1800	0	657	0	1
9	1367	865	427	2742	2581	608.0	1800	0	657	0	1
9	1357	859	424	2723	2581	604.0	1800	0	657	0	1
9	1330	850	420	2683	2594	602.0	1800	0	657	0	1
9	1328	848	419	2677	2593	600.0	1800	0	657	0	1
9	1330	850	420	2682	2594	602.0	1800	0	657	0	0
9	1329	848	419	2678	2592	600.0	1800	0	657	0	0
9	412	494	245	1201	3656	466.0	1800	0	657	0	0
9	412	494	245	1201	3656	466.0	1800	0	657	0	0
9	412	495	245	1203	3656	468.0	1800	0	657	0	0
9	411	494	245	1200	3662	466.0	1800	0	657	0	0
9	413	495	245	1204	3651	467.0	1800	0	657	0	0
10	411	493	244	1199	3652	466.0	1800	0	789	0	1
10	414	496	246	1206	3654	468.0	1800	0	789	0	1
10	1283	834	419	2616	2635	593.0	1800	0	789	0	1
10	1337	857	431	2707	2619	603.0	1800	0	789	0	1
10	1330	852	428	2692	2617	599.0	1800	0	789	0	1
10	1332	856	430	2700	2620	603.0	1800	0	789	0	1
10	1329	852	428	2691	2617	600.0	1800	0	789	0	1
10	1336	857	431	2706	2620	603.0	1800	0	789	0	1
10	1329	852	428	2692	2617	600.0	1800	0	789	0	1
10	1332	855	430	2699	2620	602.0	1800	0	789	0	1
10	1330	853	429	2692	2619	600.0	1800	0	789	0	1
10	1336	857	430	2705	2617	604.0	1800	0	789	0	1
10	1330	853	429	2693	2619	600.0	1800	0	789	0	1
10	1331	854	429	2697	2619	601.0	1800	0	789	0	1
10	1364	867	436	2748	2608	606.0	1800	0	789	0	1
10	1367	868	436	2754	2606	607.0	1800	0	789	0	1
10	1366	867	436	2752	2607	605.0	1800	0	789	0	1
10	1368	869	437	2757	2608	607.0	1800	0	789	0	1
10	1366	867	436	2752	2607	605.0	1800	0	789	0	1
10	1368	869	437	2758	2608	607.0	1800	0	789	0	1
10	1365	866	436	2750	2607	604.0	1800	0	789	0	1
10	1368	869	437	2758	2608	607.0	1800	0	789	0	1
10	1366	867	436	2752	2607	605.0	1800	0	789	0	1
10	1365	869	437	2753	2610	608.0	1800	0	789	0	1
10	1366	867	436	2751	2607	605.0	1800	0	789	0	1
10	1332	856	430	2700	2620	603.0	1800	0	789	0	1
10	1329	852	428	2691	2617	600.0	1800	0	789	0	1
10	1332	856	430	2699	2620	603.0	1800	0	789	0	0
10	1330	853	429	2692	2619	600.0	1800	0	789	0	0
10	413	496	246	1206	3660	468.0	1800	0	789	0	0
10	412	494	245	1201	3656	466.0	1800	0	789	0	0
10	413	496	245	1205	3651	469.0	1800	0	789	0	0
10	412	495	245	1203	3656	468.0	1800	0	789	0	0
10	412	495	245	1203	3656	468.0	1800	0	789	0	0
11	412	494	245	1202	3656	466.0	1800	0	921	0	1
11	413	496	245	1205	3651	469.0	1800	0	921	0	1
11	1333	858	439	2711	2645	600.0	1800	0	921	0	1
11	1334	860	440	2716	2647	602.0	1800	0	921	0	1
11	1336	860	439	2716	2642	602.0	1800	0	921	0	1
11	1334	861	440	2716	2647	603.0	1800	0	921	0	1
11	1331	857	438	2708	2644	599.0	1800	0	921	0	1
11	1334	861	440	2716	2647	603.0	1800	0	921	0	1
11	1331	857	438	2707	2644	599.0	1800	0	921	0	1
11	1334	861	440	2716	2647	603.0	1800	0	921	0	1
11	1331	857	438	2708	2644	599.0	1800	0	921	0	1
11	1334	860	440	2715	2647	602.0	1800	0	921	0	1
11	1331	857	438	2708	2644	599.0	1800	0	921	0	1
11	1370	875	447	2775	2634	609.0	1800	0	921	0	1
11	1368	872	446	2769	2633	605.0	1800	0	921	0	1
11	1370	874	447	2773	2634	607.0	1800	0	921	0	1
11	1368	872	446	2769	2633	605.0	1800	0	921	0	1
11	1369	873	447	2771	2635	606.0	1800	0	921	0	1
11	1369	873	446	2770	2632	607.0	1800	0	921	0	1
11	1369	874	447	2772	2635	607.0	1800	0	921	0	1
11	1363	870	445	2761	2634	604.0	1800	0	921	0	1
11	1370	874	447	2774	2634	607.0	1800	0	921	0	1
11	1368	872	446	2769	2633	605.0	1800	0	921	0	1
11	1358	870	445	2755	2639	606.0	1800	0	921	0	1
11	1335	859	439	2714	2643	601.0	1800	0	921	0	1
11	1334	861	440	2716	2647	603.0	1800	0	921	0	1
11	1331	857	438	2708	2644	599.0	1800	0	921	0	1
11	1334	861	440	2716	2647	603.0	1800	0	921	0	0
11	1331	857	438	2708	2644	599.0	1800	0	921	0	0
11	488	526	261	1329	3428	480.0	1800	0	921	0	0
11	411	494	245	1200	3662	466.0	1800	0	921	0	0
11	413	496	246	1206	3660	468.0	1800	0	921	0	0
11	411	494	245	1200	3662	466.0	1800	0	921	0	0
11	413	496	246	1205	3660	468.0	1800	0	921	0	0
12	412	494	245	1202	3656	466.0	1800	0	1052	0	1
12	412	495	245	1203	3656	468.0	1800	0	1052	0	1
12	1339	865	449	2735	2668	601.0	1800	0	1052	0	1
12	1334	864	449	2728	2673	601.0	1800	0	1052	0	1
12	1333	862	448	2724	2671	599.0	1800	0	1052	0	1
12	1335	864	449	2729	2672	601.0	1800	0	1052	0	1
12	1337	863	448	2730	2667	600.0	1800	0	1052	0	1
12	1335	865	449	2730	2672	603.0	1800	0	1052	0	1
12	1332	862	447	2722	2669	600.0	1800	0	1052	0	1
12	1335	865	449	2731	2672	603.0	1800	0	1052	0	1
12	1332	862	447	2722	2669	600.0	1800	0	1052	0	1
12	1335	865	449	2731	2672	603.0	1800	0	1052	0	1
12	1356	871	453	2762	2663	602.0	1800	0	1052	0	1
12	1371	879	457	2790	2661	607.0	1800	0	1052	0	1
12	1369	877	456	2785	2660	606.0	1800	0	1052	0	1
12	1372	879	457	2791	2660	607.0	1800	0	1052	0	1
12	1370	877	456	2785	2659	605.0	1800	0	1052	0	1
12	1370	878	457	2788	2661	606.0	1800	0	1052	0	1
12	1369	877	456	2784	2660	606.0	1800	0	1052	0	1
12	1367	877	456	2781	2661	606.0	1800	0	1052	0	1
12	1370	877	456	2786	2659	605.0	1800	0	1052	0	1
12	1370	878	457	2787	2661	606.0	1800	0	1052	0	1
12	1365	875	455	2778	2661	604.0	1800	0	1052	0	1
12	1335	864	449	2729	2672	601.0	1800	0	1052	0	1
12	1332	862	448	2723	2672	600.0	1800	0	1052	0	1
12	1335	865	449	2730	2672	603.0	1800	0	1052	0	1
12	1336	863	448	2729	2668	600.0	1800	0	1052	0	1
12	1335	865	449	2731	2672	603.0	1800	0	1052	0	0
12	1332	861	447	2722	2669	599.0	1800	0	1052	0	0
12	414	497	246	1207	3654	469.0	1800	0	1052	0	0
12	411	493	244	1199	3652	466.0	1800	0	1052	0	0
12	414	496	246	1207	3654	468.0	1800	0	1052	0	0
12	411	494	245	1200	3662	466.0	1800	0	1052	0	0
12	413	496	246	1206	3660	468.0	1800	0	1052	0	0
13	411	494	245	1200	3662	466.0	1800	0	1184	0	1
13	413	496	245	1204	3651	469.0	1800	0	1184	0	1
13	412	494	245	1202	3656	466.0	1800	0	1184	0	1
13	1337	869	458	2745	2696	602.0	1800	0	1184	0	1
13	1335	867	458	2743	2698	599.0	1800	0	1184	0	1
13	1336	869	458	2744	2697	602.0	1800	0	1184	0	1
13	1334	867	457	2740	2696	600.0	1800	0	1184	0	1
13	1336	869	458	2745	2697	602.0	1800	0	1184	0	1
13	1334	866	457	2739	2696	599.0	1800	0	1184	0	1
13	1336	870	459	2746	2699	603.0	1800	0	1184	0	1
13	1334	866	457	2738	2696	599.0	1800	0	1184	0	1
13	1337	870	459	2746	2698	603.0	1800	0	1184	0	1
13	1333	866	457	2738	2697	599.0	1800	0	1184	0	1
13	1374	885	467	2808	2685	608.0	1800	0	1184	0	1
13	1370	881	466	2799	2686	604.0	1800	0	1184	0	1
13	1372	884	467	2806	2687	608.0	1800	0	1184	0	1
13	1371	882	466	2801	2686	605.0	1800	0	1184	0	1
13	1369	883	466	2800	2687	608.0	1800	0	1184	0	1
13	1371	882	466	2802	2686	605.0	1800	0	1184	0	1
13	1372	883	467	2804	2687	606.0	1800	0	1184	0	1
13	1370	882	466	2801	2686	606.0	1800	0	1184	0	1
13	1372	883	466	2804	2685	607.0	1800	0	1184	0	1
13	1373	884	467	2805	2686	607.0	1800	0	1184	0	1
13	1357	878	463	2780	2690	606.0	1800	0	1184	0	1
13	1339	869	458	2747	2694	601.0	1800	0	1184	0	1
13	1337	870	459	2747	2698	603.0	1800	0	1184	0	1
13	1334	867	457	2740	2696	600.0	1800	0	1184	0	1
13	1337	870	459	2748	2698	603.0	1800	0	1184	0	0
13	1334	867	457	2739	2696	600.0	1800	0	1184	0	0
13	414	497	246	1209	3654	469.0	1800	0	1184	0	0
13	412	494	245	1200	3656	466.0	1800	0	1184	0	0
13	414	497	246	1208	3654	469.0	1800	0	1184	0	0
13	411	494	245	1200	3662	466.0	1800	0	1184	0	0
13	414	497	246	1207	3654	469.0	1800	0	1184	0	0
14	412	494	245	1201	3656	466.0	1800	0	1315	0	1
14	413	496	246	1206	3660	468.0	1800	0	1315	0	1
14	412	494	245	1202	3656	466.0	1800	0	1315	0	1
14	1338	874	468	2761	2723	602.0	1800	0	1315	0	1
14	1337	873	467	2758	2721	602.0	1800	0	1315	0	1
14	1336	872	467	2757	2722	600.0	1800	0	1315	0	1
14	1337	873	468	2759	2724	601.0	1800	0	1315	0	1
14	1340	874	468	2762	2721	601.0	1800	0	1315	0	1
14	1335	871	467	2754	2723	599.0	1800	0	1315	0	1
14	1338	874	468	2762	2723	602.0	1800	0	1315	0	1
14	1335	871	467	2754	2723	599.0	1800	0	1315	0	1
14	1360	883	474	2799	2718	605.0	1800	0	1315	0	1
14	1372	886	475	2816	2710	605.0	1800	0	1315	0	1
14	1375	890	477	2825	2712	609.0	1800	0	1315	0	1
14	1368	885	475	2810	2713	605.0	1800	0	1315	0	1
14	1375	889	477	2824	2712	607.0	1800	0	1315	0	1
14	1371	886	476	2815	2713	604.0	1800	0	1315	0	1
14	1373	889	477	2822	2714	608.0	1800	0	1315	0	1
14	1373	887	476	2818	2711	605.0	1800	0	1315	0	1
14	1374	888	477	2822	2713	606.0	1800	0	1315	0	1
14	1373	888	476	2820	2711	607.0	1800	0	1315	0	1
14	1374	888	476	2820	2710	607.0	1800	0	1315	0	1
14	1373	888	476	2820	2711	607.0	1800	0	1315	0	1
14	1336	872	467	2756	2722	600.0	1800	0	1315	0	1
14	1337	874	468	2760	2724	602.0	1800	0	1315	0	1
14	1335	871	467	2755	2723	599.0	1800	0	1315	0	1
14	1339	873	468	2760	2722	600.0	1800	0	1315	0	1
14	1338	874	468	2762	2723	602.0	1800	0	1315	0	1
14	1335	871	467	2753	2723	599.0	1800	0	1315	0	0
14	488	527	264	1333	3452	480.0	1800	0	1315	0	0
14	411	493	244	1199	3652	466.0	1800	0	1315	0	0
14	414	497	246	1207	3654	469.0	1800	0	1315	0	0
14	411	493	245	1199	3662	465.0	1800	0	1315	0	0
14	414	496	246	1206	3654	468.0	1800	0	1315	0	0
15	412	494	245	1201	3656	466.0	1800	0	1447	0	1
15	413	496	246	1206	3660	468.0	1800	0	1447	0	1
15	412	495	245	1202	3656	468.0	1800	0	1447	0	1
15	1340	878	477	2777	2747	601.0	1800	0	1447	0	1
15	1338	878	477	2774	2749	602.0	1800	0	1447	0	1
15	1338	877	477	2773	2749	600.0	1800	0	1447	0	1
15	1338	878	477	2775	2749	602.0	1800	0	1447	0	1
15	1337	876	477	2771	2750	599.0	1800	0	1447	0	1
15	1339	879	478	2777	2751	602.0	1800	0	1447	0	1
15	1341	878	477	2777	2746	601.0	1800	0	1447	0	1
15	1339	879	478	2777	2751	602.0	1800	0	1447	0	1
15	1377	895	487	2841	2738	609.0	1800	0	1447	0	1
15	1370	889	484	2825	2737	604.0	1800	0	1447	0	1
15	1376	894	487	2840	2739	607.0	1800	0	1447	0	1
15	1373	891	485	2831	2736	605.0	1800	0	1447	0	1
15	1376	894	487	2839	2739	607.0	1800	0	1447	0	1
15	1374	892	486	2834	2738	606.0	1800	0	1447	0	1
15	1376	894	487	2839	2739	607.0	1800	0	1447	0	1
15	1374	892	486	2835	2738	606.0	1800	0	1447	0	1
15	1375	893	487	2836	2740	606.0	1800	0	1447	0	1
15	1374	892	486	2835	2738	606.0	1800	0	1447	0	1
15	1374	892	486	2835	2738	606.0	1800	0	1447	0	1
15	1338	878	477	2775	2749	602.0	1800	0	1447	0	1
15	1337	877	477	2772	2750	601.0	1800	0	1447	0	1
15	1339	878	478	2776	2751	601.0	1800	0	1447	0	1
15	1337	876	476	2770	2747	600.0	1800	0	1447	0	1
15	1339	879	478	2777	2751	602.0	1800	0	1447	0	1
15	1336	876	476	2769	2748	600.0	1800	0	1447	0	1
15	1339	879	478	2777	2751	602.0	1800	0	1447	0	0
15	414	497	246	1208	3654	469.0	1800	0	1447	0	0
15	411	494	245	1200	3662	466.0	1800	0	1447	0	0
15	414	497	246	1208	3654	469.0	1800	0	1447	0	0
15	411	494	245	1200	3662	466.0	1800	0	1447	0	0
15	414	497	246	1207	3654	469.0	1800	0	1447	0	0
15	412	494	245	1201	3656	466.0	1800	0	1447	0	0
16	413	496	246	1206	3660	468.0	1800	0	1578	0	1
16	412	495	245	1203	3656	468.0	1800	0	1578	0	1
16	1345	885	488	2799	2773	603.0	1800	0	1578	0	1
16	1339	882	487	2790	2776	600.0	1800	0	1578	0	1
16	1339	882	486	2788	2773	601.0	1800	0	1578	0	1
16	1340	883	487	2791	2775	602.0	1800	0	1578	0	1
16	1343	883	487	2793	2772	601.0	1800	0	1578	0	1
16	1340	883	487	2792	2775	602.0	1800	0	1578	0	1
16	1338	881	486	2785	2774	600.0	1800	0	1578	0	1
16	1341	884	487	2793	2774	603.0	1800	0	1578	0	1
16	1338	880	486	2785	2774	598.0	1800	0	1578	0	1
16	1378	899	497	2857	2765	607.0	1800	0	1578	0	1
16	1374	895	495	2847	2763	604.0	1800	0	1578	0	1
16	1375	896	495	2848	2762	605.0	1800	0	1578	0	1
16	1378	899	497	2856	2765	607.0	1800	0	1578	0	1
16	1375	896	496	2849	2765	604.0	1800	0	1578	0	1
16	1377	899	497	2855	2766	608.0	1800	0	1578	0	1
16	1375	896	496	2849	2765	604.0	1800	0	1578	0	1
16	1372	896	496	2846	2768	605.0	1800	0	1578	0	1
16	1376	898	496	2853	2764	607.0	1800	0	1578	0	1
16	1377	898	497	2854	2766	606.0	1800	0	1578	0	1
16	1373	897	496	2848	2767	607.0	1800	0	1578	0	1
16	1340	883	487	2791	2775	602.0	1800	0	1578	0	1
16	1341	884	487	2793	2774	603.0	1800	0	1578	0	1
16	1339	882	486	2788	2773	601.0	1800	0	1578	0	1
16	1341	884	488	2793	2777	602.0	1800	0	1578	0	1
16	1343	883	487	2794	2772	601.0	1800	0	1578	0	1
16	1341	884	488	2794	2777	602.0	1800	0	1578	0	0
16	1338	881	486	2786	2774	600.0	1800	0	1578	0	0
16	415	498	247	1210	3658	470.0	1800	0	1578	0	0
16	412	494	245	1201	3656	466.0	1800	0	1578	0	0
16	412	495	245	1202	3656	468.0	1800	0	1578	0	0
16	415	498	247	1209	3658	470.0	1800	0	1578	0	0
16	412	495	245	1202	3656	468.0	1800	0	1578	0	0
17	414	497	246	1208	3654	469.0	1800	0	1710	0	1
17	413	495	245	1203	3651	467.0	1800	0	1710	0	1
17	1343	889	497	2810	2800	603.0	1800	0	1710	0	1
17	1341	887	496	2805	2800	601.0	1800	0	1710	0	1
17	1341	887	496	2806	2800	601.0	1800	0	1710	0	1
17	1341	887	497	2806	2803	600.0	1800	0	1710	0	1
17	1340	887	496	2804	2801	601.0	1800	0	1710	0	1
17	1342	888	497	2808	2802	602.0	1800	0	1710	0	1
17	1344	888	497	2811	2799	601.0	1800	0	1710	0	1
17	1355	894	501	2831	2799	604.0	1800	0	1710	0	1
17	1377	901	506	2866	2791	604.0	1800	0	1710	0	1
17	1380	905	507	2874	2790	609.0	1800	0	1710	0	1
17	1376	901	505	2864	2789	605.0	1800	0	1710	0	1
17	1378	904	507	2871	2792	608.0	1800	0	1710	0	1
17	1376	900	505	2863	2789	604.0	1800	0	1710	0	1
17	1379	903	507	2871	2791	606.0	1800	0	1710	0	1
17	1379	903	507	2871	2791	606.0	1800	0	1710	0	1
17	1375	900	505	2863	2790	604.0	1800	0	1710	0	1
17	1377	903	507	2869	2793	607.0	1800	0	1710	0	1
17	1377	901	506	2865	2791	604.0	1800	0	1710	0	1
17	1341	887	496	2805	2800	601.0	1800	0	1710	0	1
17	1340	885	496	2802	2801	598.0	1800	0	1710	0	1
17	1340	886	496	2804	2801	600.0	1800	0	1710	0	1
17	1340	886	496	2803	2801	600.0	1800	0	1710	0	1
17	1340	885	496	2802	2801	598.0	1800	0	1710	0	1
17	1341	887	496	2805	2800	601.0	1800	0	1710	0	1
17	1339	885	496	2801	2802	599.0	1800	0	1710	0	1
17	1341	887	497	2806	2803	600.0	1800	0	1710	0	0
17	1339	885	496	2800	2802	599.0	1800	0	1710	0	0
17	488	528	266	1335	3467	480.0	1800	0	1710	0	0
17	411	493	244	1198	3652	466.0	1800	0	1710	0	0
17	414	496	246	1206	3654	468.0	1800	0	1710	0	0
17	411	493	244	1198	3652	466.0	1800	0	1710	0	0
17	414	496	246	1207	3654	468.0	1800	0	1710	0	0
18	414	496	246	1206	3654	468.0	1800	0	1842	0	1
18	411	493	245	1199	3662	465.0	1800	0	1842	0	1
18	1344	893	507	2825	2828	602.0	1800	0	1842	0	1
18	1341	890	505	2817	2825	599.0	1800	0	1842	0	1
18	1343	892	506	2822	2826	601.0	1800	0	1842	0	1
18	1341	890	506	2818	2828	599.0	1800	0	1842	0	1
18	1342	891	506	2820	2827	600.0	1800	0	1842	0	1
18	1342	891	506	2819	2827	600.0	1800	0	1842	0	1
18	1341	891	506	2819	2828	600.0	1800	0	1842	0	1
18	1379	907	516	2885	2816	606.0	1800	0	1842	0	1
18	1377	906	516	2881	2818	605.0	1800	0	1842	0	1
18	1379	907	517	2885	2819	605.0	1800	0	1842	0	1
18	1378	905	516	2881	2817	603.0	1800	0	1842	0	1
18	1380	908	517	2887	2818	606.0	1800	0	1842	0	1
18	1374	903	514	2873	2816	602.0	1800	0	1842	0	1
18	1379	908	517	2887	2819	607.0	1800	0	1842	0	1
18	1376	904	515	2878	2816	603.0	1800	0	1842	0	1
18	1380	908	517	2888	2818	606.0	1800	0	1842	0	1
18	1373	903	515	2873	2820	602.0	1800	0	1842	0	1
18	1340	889	505	2815	2826	598.0	1800	0	1842	0	1
18	1343	893	507	2824	2829	602.0	1800	0	1842	0	1
18	1345	892	506	2824	2824	600.0	1800	0	1842	0	1
18	1343	893	507	2824	2829	602.0	1800	0	1842	0	1
18	1342	891	506	2819	2827	600.0	1800	0	1842	0	1
18	1343	893	507	2824	2829	602.0	1800	0	1842	0	1
18	1342	891	506	2821	2827	600.0	1800	0	1842	0	1
18	1343	892	507	2823	2829	600.0	1800	0	1842	0	1
18	1343	892	506	2822	2826	601.0	1800	0	1842	0	0
18	1343	892	506	2822	2826	601.0	1800	0	1842	0	0
18	414	497	246	1207	3654	469.0	1800	0	1842	0	0
18	413	495	245	1204	3651	467.0	1800	0	1842	0	0
18	414	497	246	1209	3654	469.0	1800	0	1842	0	0
18	413	495	245	1203	3651	467.0	1800	0	1842	0	0
18	415	497	246	1209	3649	469.0	1800	0	1842	0	0
19	412	494	245	1202	3656	466.0	1800	0	1973	0	1
19	415	498	247	1210	3658	470.0	1800	0	1973	0	1
19	412	494	245	1202	3656	466.0	1800	0	1973	0	1
19	1344	895	515	2846	2850	599.0	1800	0	1973	0	1
19	1351	901	518	2851	2851	604.0	1800	0	1973	0	1
19	1344	896	515	2836	2850	600.0	1800	0	1973	0	1
19	1346	899	517	2843	2854	603.0	1800	0	1973	0	1
19	1344	896	516	2836	2853	600.0	1800	0	1973	0	1
19	1350	900	518	2850	2852	603.0	1800	0	1973	0	1
19	1370	907	523	2882	2845	604.0	1800	0	1973	0	1
19	1383	914	527	2907	2842	607.0	1800	0	1973	0	1
19	1382	913	527	2904	2843	606.0	1800	0	1973	0	1
19	1378	911	526	2897	2845	605.0	1800	0	1973	0	1
19	1382	913	527	2904	2843	606.0	1800	0	1973	0	1
19	1381	912	527	2902	2844	605.0	1800	0	1973	0	1
19	1382	913	527	2905	2843	606.0	1800	0	1973	0	1
19	1381	912	526	2902	2842	606.0	1800	0	1973	0	1
19	1383	914	527	2907	2842	607.0	1800	0	1973	0	1
19	1381	911	526	2900	2842	604.0	1800	0	1973	0	1
19	1382	914	527	2906	2843	608.0	1800	0	1973	0	1
19	1380	911	526	2898	2843	604.0	1800	0	1973	0	1
19	1346	898	517	2842	2854	601.0	1800	0	1973	0	1
19	1346	899	517	2843	2854	603.0	1800	0	1973	0	1
19	1343	895	515	2834	2852	599.0	1800	0	1973	0	1
19	1346	898	517	2842	2854	601.0	1800	0	1973	0	1
19	1343	895	515	2835	2852	599.0	1800	0	1973	0	1
19	1346	898	517	2842	2854	601.0	1800	0	1973	0	1
19	1343	895	515	2835	2852	599.0	1800	0	1973	0	0
19	1349	900	518	2848	2853	603.0	1800	0	1973	0	0
19	413	495	245	1204	3651	467.0	1800	0	1973	0	0
19	414	497	246	1207	3654	469.0	1800	0	1973	0	0
19	413	496	246	1205	3660	468.0	1800	0	1973	0	0
19	413	496	246	1206	3660	468.0	1800	0	1973	0	0
19	413	496	246	1206	3660	468.0	1800	0	1973	0	0
20	413	495	246	1204	3660	467.0	1800	0	2105	0	1
20	414	497	246	1207	3654	469.0	1800	0	2105	0	1
20	412	495	245	1203	3656	468.0	1800	0	2105	0	1
20	1352	904	527	2865	2876	602.0	1800	0	2105	0	1
20	1348	901	526	2856	2877	599.0	1800	0	2105	0	1
20	1351	904	527	2863	2877	602.0	1800	0	2105	0	1
20	1348	904	527	2856	2880	603.0	1800	0	2105	0	1
20	1348	901	526	2856	2877	599.0	1800	0	2105	0	1
20	1389	921	538	2931	2866	608.0	1800	0	2105	0	1
20	1382	916	536	2916	2868	604.0	1800	0	2105	0	1
20	1389	921	538	2930	2866	608.0	1800	0	2105	0	1
20	1385	917	537	2922	2868	604.0	1800	0	2105	0	1
20	1387	920	538	2928	2868	608.0	1800	0	2105	0	1
20	1385	918	537	2922	2868	606.0	1800	0	2105	0	1
20	1388	920	538	2928	2867	607.0	1800	0	2105	0	1
20	1387	918	537	2924	2866	605.0	1800	0	2105	0	1
20	1387	919	538	2927	2868	606.0	1800	0	2105	0	1
20	1387	919	537	2925	2866	607.0	1800	0	2105	0	1
20	1382	917	536	2917	2868	606.0	1800	0	2105	0	1
20	1350	903	526	2861	2875	601.0	1800	0	2105	0	1
20	1349	902	526	2858	2876	600.0	1800	0	2105	0	1
20	1350	903	527	2862	2878	601.0	1800	0	2105	0	1
20	1352	903	527	2864	2876	600.0	1800	0	2105	0	1
20	1350	904	527	2863	2878	602.0	1800	0	2105	0	1
20	1348	901	525	2856	2874	600.0	1800	0	2105	0	1
20	1352	902	526	2861	2873	599.0	1800	0	2105	0	1
20	1351	904	527	2863	2877	602.0	1800	0	2105	0	1
20	1348	900	525	2854	2874	598.0	1800	0	2105	0	0
20	1351	904	527	2863	2877	602.0	1800	0	2105	0	0
20	487	527	267	1334	3479	478.0	1800	0	2105	0	0
20	415	497	247	1209	3658	468.0	1800	0	2105	0	0
20	412	494	245	1202	3656	466.0	1800	0	2105	0	0
20	414	497	246	1208	3654	469.0	1800	0	2105	0	0
20	412	495	245	1203	3656	468.0	1800	0	2105	0	0
21	414	497	246	1207	3654	469.0	1800	0	2236	0	1
21	413	495	245	1204	3651	467.0	1800	0	2236	0	1
21	413	496	246	1206	3660	468.0	1800	0	2236	0	1
21	1345	905	535	2865	2906	600.0	1800	0	2236	0	1
21	1347	906	536	2870	2907	600.0	1800	0	2236	0	1
21	1343	905	535	2864	2908	600.0	1800	0	2236	0	1
21	1342	903	534	2861	2907	598.0	1800	0	2236	0	1
21	1344	905	535	2865	2907	600.0	1800	0	2236	0	1
21	1375	918	544	2919	2898	604.0	1800	0	2236	0	1
21	1381	922	545	2932	2894	608.0	1800	0	2236	0	1
21	1381	922	547	2932	2900	606.0	1800	0	2236	0	1
21	1378	918	545	2923	2897	602.0	1800	0	2236	0	1
21	1381	922	547	2932	2900	606.0	1800	0	2236	0	1
21	1379	919	545	2925	2896	603.0	1800	0	2236	0	1
21	1382	922	547	2933	2899	606.0	1800	0	2236	0	1
21	1379	919	545	2925	2896	603.0	1800	0	2236	0	1
21	1381	922	546	2931	2897	607.0	1800	0	2236	0	1
21	1378	919	546	2924	2900	603.0	1800	0	2236	0	1
21	1352	909	537	2879	2904	602.0	1800	0	2236	0	1
21	1342	903	534	2859	2907	598.0	1800	0	2236	0	1
21	1343	905	535	2864	2908	600.0	1800	0	2236	0	1
21	1342	903	534	2860	2907	598.0	1800	0	2236	0	1
21	1343	904	535	2863	2908	599.0	1800	0	2236	0	1
21	1342	904	534	2861	2907	600.0	1800	0	2236	0	1
21	1346	905	536	2869	2908	599.0	1800	0	2236	0	1
21	1343	904	535	2862	2908	599.0	1800	0	2236	0	1
21	1342	903	534	2860	2907	598.0	1800	0	2236	0	1
21	1343	905	535	2864	2908	600.0	1800	0	2236	0	0
21	1343	905	535	2864	2908	600.0	1800	0	2236	0	0
21	411	494	245	1200	3662	466.0	1800	0	2236	0	0
21	414	497	246	1207	3654	469.0	1800	0	2236	0	0
21	411	493	245	1199	3662	465.0	1800	0	2236	0	0
21	414	497	246	1208	3654	469.0	1800	0	2236	0	0
21	411	493	245	1199	3662	465.0	1800	0	2236	0	0
22	414	497	246	1208	3654	469.0	1800	0	2368	0	1
22	411	493	245	1199	3662	465.0	1800	0	2368	0	1
22	414	496	246	1207	3654	468.0	1800	0	2368	0	1
22	1342	906	542	2871	2929	597.0	1800	0	2368	0	1
22	1344	909	544	2879	2933	600.0	1800	0	2368	0	1
22	1341	906	543	2872	2933	597.0	1800	0	2368	0	1
22	1343	909	544	2877	2934	600.0	1800	0	2368	0	1
22	1342	907	543	2872	2932	598.0	1800	0	2368	0	1
22	1360	916	549	2906	2929	602.0	1800	0	2368	0	1
22	1380	924	555	2941	2923	604.0	1800	0	2368	0	1
22	1380	924	555	2942	2923	604.0	1800	0	2368	0	1
22	1379	924	555	2941	2924	604.0	1800	0	2368	0	1
22	1379	924	555	2939	2924	604.0	1800	0	2368	0	1
22	1379	923	555	2939	2924	602.0	1800	0	2368	0	1
22	1376	923	554	2935	2924	604.0	1800	0	2368	0	1
22	1378	923	555	2937	2925	603.0	1800	0	2368	0	1
22	1380	925	556	2943	2926	605.0	1800	0	2368	0	1
22	1377	922	554	2936	2923	602.0	1800	0	2368	0	1
22	1376	924	555	2937	2927	605.0	1800	0	2368	0	1
22	1341	906	543	2870	2933	597.0	1800	0	2368	0	1
22	1344	909	544	2878	2933	600.0	1800	0	2368	0	1
22	1341	906	543	2869	2933	597.0	1800	0	2368	0	1
22	1348	911	545	2885	2931	601.0	1800	0	2368	0	1
22	1341	906	543	2870	2933	597.0	1800	0	2368	0	1
22	1343	909	544	2878	2934	600.0	1800	0	2368	0	1
22	1341	906	543	2870	2933	597.0	1800	0	2368	0	1
22	1343	909	544	2877	2934	600.0	1800	0	2368	0	1
22	1341	907	543	2871	2933	598.0	1800	0	2368	0	1
22	1343	908	544	2876	2934	598.0	1800	0	2368	0	0
22	1342	907	543	2873	2932	598.0	1800	0	2368	0	0
22	413	496	246	1205	3660	468.0	1800	0	2368	0	0
22	412	495	245	1203	3656	468.0	1800	0	2368	0	0
22	413	495	246	1204	3660	467.0	1800	0	2368	0	0
22	412	494	245	1202	3656	466.0	1800	0	2368	0	0
23	413	496	246	1205	3660	468.0	1800	0	2500	0	1
23	411	494	245	1200	3662	466.0	1800	0	2500	0	1
23	413	496	246	1206	3660	468.0	1800	0	2500	0	1
23	1343	910	551	2885	2954	597.0	1800	0	2500	0	1
23	1348	915	554	2898	2956	601.0	1800	0	2500	0	1
23	1342	910	551	2883	2955	597.0	1800	0	2500	0	1
23	1344	913	553	2891	2958	599.0	1800	0	2500	0	1
23	1378	926	563	2949	2947	602.0	1800	0	2500	0	1
23	1377	928	564	2950	2951	604.0	1800	0	2500	0	1
23	1379	926	563	2950	2946	601.0	1800	0	2500	0	1
23	1382	930	565	2958	2948	605.0	1800	0	2500	0	1
23	1379	927	563	2950	2946	603.0	1800	0	2500	0	1
23	1376	927	564	2949	2952	603.0	1800	0	2500	0	1
23	1378	927	564	2950	2950	602.0	1800	0	2500	0	1
23	1380	929	565	2956	2950	604.0	1800	0	2500	0	1
23	1379	927	564	2952	2949	602.0	1800	0	2500	0	1
23	1380	928	564	2953	2948	603.0	1800	0	2500	0	1
23	1343	912	552	2888	2956	599.0	1800	0	2500	0	1
23	1343	911	552	2887	2956	597.0	1800	0	2500	0	1
23	1343	911	552	2886	2956	597.0	1800	0	2500	0	1
23	1343	912	552	2888	2956	599.0	1800	0	2500	0	1
23	1342	911	552	2885	2958	598.0	1800	0	2500	0	1
23	1344	913	552	2889	2955	600.0	1800	0	2500	0	1
23	1342	910	551	2885	2955	597.0	1800	0	2500	0	1
23	1344	913	554	2892	2961	599.0	1800	0	2500	0	1
23	1342	910	551	2884	2955	597.0	1800	0	2500	0	1
23	1344	913	553	2891	2958	599.0	1800	0	2500	0	1
23	1342	910	551	2883	2955	597.0	1800	0	2500	0	1
