Stim	R	G	B	C	Temp	HueLux	Yellow	Red	Blue	Blue2	Trig
1	396	475	234	1153	3642	449.0	0	0	0	0	1
1	398	478	236	1162	3650	452.0	0	0	0	0	1
1	396	475	235	1153	3651	449.0	0	0	0	0	1
1	398	478	236	1161	3650	452.0	0	0	0	0	1
1	396	475	235	1154	3651	449.0	0	0	0	0	1
1	398	478	236	1161	3650	452.0	0	0	0	0	1
1	396	476	235	1155	3651	450.0	0	0	0	0	1
1	398	478	236	1161	3650	452.0	0	0	0	0	1
1	397	476	235	1157	3646	450.0	0	0	0	0	1
1	397	477	235	1158	3646	451.0	0	0	0	0	1
1	398	478	236	1160	3650	452.0	0	0	0	0	1
1	399	478	236	1162	3644	452.0	0	0	0	0	1
1	398	477	236	1159	3650	450.0	0	0	0	0	1
1	399	479	236	1163	3644	453.0	0	0	0	0	1
1	396	475	235	1154	3651	449.0	0	0	0	0	1
1	397	477	236	1159	3655	451.0	0	0	0	0	1
1	395	474	234	1152	3648	448.0	0	0	0	0	1
1	398	478	236	1160	3650	452.0	0	0	0	0	1
1	396	475	235	1154	3651	449.0	0	0	0	0	1
1	399	479	236	1163	3644	453.0	0	0	0	0	1
1	396	476	235	1155	3651	450.0	0	0	0	0	1
1	399	479	237	1164	3654	453.0	0	0	0	0	1
1	397	476	235	1156	3646	450.0	0	0	0	0	1
1	399	479	237	1164	3654	453.0	0	0	0	0	1
1	397	477	235	1158	3646	451.0	0	0	0	0	1
1	399	479	237	1164	3654	453.0	0	0	0	0	1
1	398	477	236	1159	3650	450.0	0	0	0	0	1
1	398	478	236	1163	3650	452.0	0	0	0	0	0
1	398	478	236	1162	3650	452.0	0	0	0	0	0
1	399	479	236	1162	3644	453.0	0	0	0	0	0
1	398	478	236	1161	3650	452.0	0	0	0	0	0
1	399	480	237	1164	3654	454.0	0	0	0	0	0
1	398	478	236	1161	3650	452.0	0	0	0	0	0
1	400	480	237	1167	3648	454.0	0	0	0	0	0
2	398	478	236	1160	3650	452.0	0	0	0	0	1
2	401	481	237	1168	3642	455.0	0	0	0	0	1
2	398	478	236	1161	3650	452.0	0	0	0	0	1
2	401	481	238	1169	3652	454.0	0	0	0	0	1
2	398	478	236	1161	3650	452.0	0	0	0	0	1
2	401	482	238	1169	3652	456.0	0	0	0	0	1
2	398	478	236	1161	3650	452.0	0	0	0	0	1
2	401	481	238	1169	3652	454.0	0	0	0	0	1
2	399	479	236	1162	3644	453.0	0	0	0	0	1
2	401	481	237	1169	3642	455.0	0	0	0	0	1
2	399	479	237	1164	3654	453.0	0	0	0	0	1
2	401	481	237	1168	3642	455.0	0	0	0	0	1
2	400	480	237	1166	3648	454.0	0	0	0	0	1
2	400	480	237	1167	3648	454.0	0	0	0	0	1
2	399	480	237	1164	3654	454.0	0	0	0	0	1
2	401	481	237	1168	3642	455.0	0	0	0	0	1
2	399	479	236	1163	3644	453.0	0	0	0	0	1
2	401	482	238	1169	3652	456.0	0	0	0	0	1
2	399	479	236	1162	3644	453.0	0	0	0	0	1
2	401	482	238	1170	3652	456.0	0	0	0	0	1
2	399	479	236	1163	3644	453.0	0	0	0	0	1
2	402	482	238	1171	3646	456.0	0	0	0	0	1
2	399	479	236	1163	3644	453.0	0	0	0	0	1
2	402	482	238	1171	3646	456.0	0	0	0	0	1
2	399	479	236	1163	3644	453.0	0	0	0	0	1
2	401	482	238	1170	3652	456.0	0	0	0	0	1
2	399	480	237	1164	3654	454.0	0	0	0	0	1
2	401	482	238	1169	3652	456.0	0	0	0	0	0
2	400	480	237	1166	3648	454.0	0	0	0	0	0
2	401	481	237	1168	3642	455.0	0	0	0	0	0
2	400	481	237	1167	3648	455.0	0	0	0	0	0
2	401	481	237	1169	3642	455.0	0	0	0	0	0
2	400	480	237	1165	3648	454.0	0	0	0	0	0
2	401	482	238	1170	3652	456.0	0	0	0	0	0
3	400	480	237	1164	3648	454.0	0	0	0	0	1
3	402	483	238	1171	3646	457.0	0	0	0	0	1
3	399	479	237	1164	3654	453.0	0	0	0	0	1
3	402	483	238	1172	3646	457.0	0	0	0	0	1
3	399	479	237	1164	3654	453.0	0	0	0	0	1
3	402	483	238	1172	3646	457.0	0	0	0	0	1
3	399	480	237	1164	3654	454.0	0	0	0	0	1
3	402	483	238	1172	3646	457.0	0	0	0	0	1
3	400	480	237	1165	3648	454.0	0	0	0	0	1
3	402	483	238	1171	3646	457.0	0	0	0	0	1
3	400	480	237	1166	3648	454.0	0	0	0	0	1
3	402	482	238	1170	3646	456.0	0	0	0	0	1
3	401	481	237	1168	3642	455.0	0	0	0	0	1
3	401	482	238	1169	3652	456.0	0	0	0	0	1
3	401	482	238	1169	3652	456.0	0	0	0	0	1
3	402	483	238	1171	3646	457.0	0	0	0	0	1
3	400	481	237	1166	3648	455.0	0	0	0	0	1
3	402	483	238	1172	3646	457.0	0	0	0	0	1
3	400	480	237	1165	3648	454.0	0	0	0	0	1
3	402	483	238	1173	3646	457.0	0	0	0	0	1
3	400	480	237	1165	3648	454.0	0	0	0	0	1
3	403	484	239	1173	3650	458.0	0	0	0	0	1
3	400	480	237	1165	3648	454.0	0	0	0	0	1
3	403	484	239	1173	3650	458.0	0	0	0	0	1
3	400	480	237	1166	3648	454.0	0	0	0	0	1
3	402	483	238	1173	3646	457.0	0	0	0	0	1
3	400	481	237	1167	3648	455.0	0	0	0	0	1
3	402	483	238	1172	3646	457.0	0	0	0	0	0
3	401	481	237	1168	3642	455.0	0	0	0	0	0
3	401	482	238	1170	3652	456.0	0	0	0	0	0
3	401	482	238	1169	3652	456.0	0	0	0	0	0
3	401	482	238	1169	3652	456.0	0	0	0	0	0
3	402	482	238	1171	3646	456.0	0	0	0	0	0
3	401	483	238	1168	3652	457.0	0	0	0	0	0
4	400	481	237	1166	3648	455.0	0	0	0	0	1
4	403	483	239	1173	3650	456.0	0	0	0	0	1
4	400	480	237	1166	3648	454.0	0	0	0	0	1
4	403	484	239	1174	3650	458.0	0	0	0	0	1
4	400	480	237	1166	3648	454.0	0	0	0	0	1
4	403	484	239	1174	3650	458.0	0	0	0	0	1
4	400	481	237	1166	3648	455.0	0	0	0	0	1
4	403	484	239	1174	3650	458.0	0	0	0	0	1
4	400	481	237	1167	3648	455.0	0	0	0	0	1
4	403	484	239	1173	3650	458.0	0	0	0	0	1
4	401	481	238	1168	3652	454.0	0	0	0	0	1
4	402	483	238	1172	3646	457.0	0	0	0	0	1
4	401	482	238	1170	3652	456.0	0	0	0	0	1
4	401	482	238	1170	3652	456.0	0	0	0	0	1
4	402	482	238	1171	3646	456.0	0	0	0	0	1
4	401	481	238	1169	3652	454.0	0	0	0	0	1
4	402	483	238	1172	3646	457.0	0	0	0	0	1
4	401	481	237	1167	3642	455.0	0	0	0	0	1
4	400	481	237	1167	3648	455.0	0	0	0	0	1
4	403	484	239	1174	3650	458.0	0	0	0	0	1
4	400	480	237	1166	3648	454.0	0	0	0	0	1
4	403	484	239	1174	3650	458.0	0	0	0	0	1
4	400	480	237	1166	3648	454.0	0	0	0	0	1
4	403	484	239	1174	3650	458.0	0	0	0	0	1
4	400	481	237	1167	3648	455.0	0	0	0	0	1
4	403	484	239	1174	3650	458.0	0	0	0	0	1
4	401	481	237	1168	3642	455.0	0	0	0	0	1
4	402	483	239	1173	3656	456.0	0	0	0	0	0
4	401	481	238	1168	3652	454.0	0	0	0	0	0
4	402	483	238	1172	3646	457.0	0	0	0	0	0
4	401	482	238	1170	3652	456.0	0	0	0	0	0
4	401	482	238	1170	3652	456.0	0	0	0	0	0
4	402	482	238	1171	3646	456.0	0	0	0	0	0
4	401	481	238	1169	3652	454.0	0	0	0	0	0
5	402	483	239	1172	3656	456.0	0	0	131	0	1
5	401	481	237	1167	3642	455.0	0	0	131	0	1
5	403	483	239	1174	3650	456.0	0	0	131	0	1
5	403	484	240	1177	3659	457.0	0	0	131	0	1
5	400	481	239	1168	3667	454.0	0	0	131	0	1
5	403	484	240	1177	3659	457.0	0	0	131	0	1
5	400	481	239	1169	3667	454.0	0	0	131	0	1
5	403	484	240	1177	3659	457.0	0	0	131	0	1
5	401	481	239	1169	3661	454.0	0	0	131	0	1
5	403	484	240	1176	3659	457.0	0	0	131	0	1
5	401	482	239	1170	3661	455.0	0	0	131	0	1
5	403	484	240	1175	3659	457.0	0	0	131	0	1
5	401	482	239	1171	3661	455.0	0	0	131	0	1
5	402	483	240	1174	3665	456.0	0	0	131	0	1
5	402	483	240	1173	3665	456.0	0	0	131	0	1
5	402	483	240	1173	3665	456.0	0	0	131	0	1
5	402	484	240	1175	3665	457.0	0	0	131	0	1
5	401	482	239	1172	3661	455.0	0	0	131	0	1
5	403	484	240	1176	3659	457.0	0	0	131	0	1
5	401	482	239	1171	3661	455.0	0	0	131	0	1
5	403	484	241	1177	3669	456.0	0	0	131	0	1
5	403	485	241	1178	3669	458.0	0	0	131	0	1
5	401	481	239	1170	3661	454.0	0	0	131	0	1
5	403	485	241	1178	3669	458.0	0	0	131	0	1
5	401	482	239	1170	3661	455.0	0	0	131	0	1
5	404	485	241	1178	3663	457.0	0	0	131	0	1
5	401	482	239	1171	3661	455.0	0	0	131	0	1
5	403	485	241	1178	3669	458.0	0	0	131	0	0
5	401	482	239	1172	3661	455.0	0	0	131	0	0
5	403	484	239	1175	3650	458.0	0	0	131	0	0
5	402	482	238	1171	3646	456.0	0	0	131	0	0
5	402	483	239	1173	3656	456.0	0	0	131	0	0
5	402	483	239	1172	3656	456.0	0	0	131	0	0
5	402	483	238	1172	3646	457.0	0	0	131	0	0
6	402	483	239	1174	3656	456.0	0	0	263	0	1
6	401	482	238	1171	3652	456.0	0	0	263	0	1
6	403	484	239	1175	3650	458.0	0	0	263	0	1
6	403	486	247	1185	3726	455.0	0	0	263	0	1
6	405	489	249	1192	3733	458.0	0	0	263	0	1
6	402	486	249	1184	3750	454.0	0	0	263	0	1
6	402	486	247	1184	3731	455.0	0	0	263	0	1
6	405	489	249	1192	3733	458.0	0	0	263	0	1
6	402	486	247	1184	3731	455.0	0	0	263	0	1
6	404	488	248	1190	3729	457.0	0	0	263	0	1
6	403	486	247	1185	3726	455.0	0	0	263	0	1
6	405	489	249	1192	3733	458.0	0	0	263	0	1
6	403	487	248	1187	3735	456.0	0	0	263	0	1
6	405	489	249	1192	3733	458.0	0	0	263	0	1
6	403	487	248	1188	3735	456.0	0	0	263	0	1
6	404	488	249	1191	3739	456.0	0	0	263	0	1
6	404	488	248	1189	3729	457.0	0	0	263	0	1
6	404	488	249	1189	3739	456.0	0	0	263	0	1
6	404	488	249	1190	3739	456.0	0	0	263	0	1
6	403	487	248	1188	3735	456.0	0	0	263	0	1
6	404	489	249	1192	3739	458.0	0	0	263	0	1
6	403	487	248	1186	3735	456.0	0	0	263	0	1
6	405	489	249	1193	3733	458.0	0	0	263	0	1
6	403	486	248	1186	3735	454.0	0	0	263	0	1
6	402	486	247	1185	3731	455.0	0	0	263	0	1
6	405	490	249	1194	3733	459.0	0	0	263	0	1
6	403	486	248	1186	3735	454.0	0	0	263	0	1
6	405	490	249	1194	3733	459.0	0	0	263	0	0
6	403	486	248	1186	3735	454.0	0	0	263	0	0
6	404	485	240	1178	3654	458.0	0	0	263	0	0
6	402	482	238	1172	3646	456.0	0	0	263	0	0
6	404	485	240	1177	3654	458.0	0	0	263	0	0
6	402	483	239	1173	3656	456.0	0	0	263	0	0
6	403	484	239	1176	3650	458.0	0	0	263	0	0
7	402	483	239	1174	3656	456.0	0	0	394	0	1
7	403	484	239	1175	3650	458.0	0	0	394	0	1
7	403	484	239	1175	3650	458.0	0	0	394	0	1
7	405	492	257	1203	3808	456.0	0	0	394	0	1
7	406	493	257	1206	3802	458.0	0	0	394	0	1
7	404	491	257	1201	3814	455.0	0	0	394	0	1
7	406	493	258	1207	3812	457.0	0	0	394	0	1
7	404	491	256	1200	3805	456.0	0	0	394	0	1
7	407	494	256	1208	3787	460.0	0	0	394	0	1
7	407	494	258	1208	3806	458.0	0	0	394	0	1
7	404	491	256	1200	3805	456.0	0	0	394	0	1
7	407	494	258	1209	3806	458.0	0	0	394	0	1
7	404	491	256	1201	3805	456.0	0	0	394	0	1
7	407	494	259	1210	3815	458.0	0	0	394	0	1
7	405	491	257	1203	3808	455.0	0	0	394	0	1
7	407	494	259	1209	3815	458.0	0	0	394	0	1
7	405	492	257	1203	3808	456.0	0	0	394	0	1
7	406	494	258	1208	3812	459.0	0	0	394	0	1
7	405	492	258	1205	3818	456.0	0	0	394	0	1
7	406	493	258	1207	3812	457.0	0	0	394	0	1
7	406	493	258	1206	3812	457.0	0	0	394	0	1
7	406	493	258	1205	3812	457.0	0	0	394	0	1
7	406	493	258	1207	3812	457.0	0	0	394	0	1
7	405	492	258	1204	3818	456.0	0	0	394	0	1
7	406	493	258	1207	3812	457.0	0	0	394	0	1
7	405	491	257	1202	3808	455.0	0	0	394	0	1
7	407	494	258	1208	3806	458.0	0	0	394	0	1
7	405	492	257	1203	3808	456.0	0	0	394	0	1
7	404	490	256	1200	3805	454.0	0	0	394	0	0
7	406	488	241	1185	3652	462.0	0	0	394	0	0
7	404	485	239	1177	3644	459.0	0	0	394	0	0
7	406	488	241	1185	3652	462.0	0	0	394	0	0
7	404	484	239	1177	3644	457.0	0	0	394	0	0
7	406	487	241	1184	3652	460.0	0	0	394	0	0
8	404	485	239	1177	3644	459.0	0	0	526	0	1
8	406	487	240	1183	3643	461.0	0	0	526	0	1
8	404	485	239	1178	3644	459.0	0	0	526	0	1
8	409	499	268	1226	3887	458.0	0	0	526	0	1
8	408	498	267	1223	3884	458.0	0	0	526	0	1
8	408	499	267	1224	3884	459.0	0	0	526	0	1
8	409	499	267	1224	3878	459.0	0	0	526	0	1
8	408	498	267	1222	3884	458.0	0	0	526	0	1
8	409	499	268	1226	3887	458.0	0	0	526	0	1
8	408	498	267	1221	3884	458.0	0	0	526	0	1
8	409	500	268	1227	3887	460.0	0	0	526	0	1
8	407	497	269	1220	3909	455.0	0	0	526	0	1
8	407	497	268	1221	3899	456.0	0	0	526	0	1
8	410	501	269	1229	3890	460.0	0	0	526	0	1
8	407	497	268	1221	3899	456.0	0	0	526	0	1
8	410	501	269	1230	3890	460.0	0	0	526	0	1
8	407	498	268	1222	3899	457.0	0	0	526	0	1
8	410	501	269	1229	3890	460.0	0	0	526	0	1
8	408	498	268	1223	3893	457.0	0	0	526	0	1
8	410	500	269	1229	3890	459.0	0	0	526	0	1
8	408	498	268	1223	3893	457.0	0	0	526	0	1
8	409	500	269	1228	3896	459.0	0	0	526	0	1
8	408	499	268	1224	3893	458.0	0	0	526	0	1
8	409	499	267	1225	3878	459.0	0	0	526	0	1
8	408	499	267	1224	3884	459.0	0	0	526	0	1
8	408	499	267	1223	3884	459.0	0	0	526	0	1
8	409	499	268	1225	3887	458.0	0	0	526	0	1
8	408	498	267	1222	3884	458.0	0	0	526	0	1
8	409	500	268	1227	3887	460.0	0	0	526	0	0
8	408	498	267	1221	3884	458.0	0	0	526	0	0
8	403	484	239	1176	3650	458.0	0	0	526	0	0
8	406	487	241	1184	3652	460.0	0	0	526	0	0
8	403	484	239	1175	3650	458.0	0	0	526	0	0
8	406	488	241	1184	3652	462.0	0	0	526	0	0
8	403	484	239	1176	3650	458.0	0	0	526	0	0
9	406	488	241	1184	3652	462.0	0	0	657	0	1
9	403	484	239	1176	3650	458.0	0	0	657	0	1
9	411	505	278	1244	3968	460.0	0	0	657	0	1
9	409	502	276	1237	3962	457.0	0	0	657	0	1
9	411	505	278	1243	3968	460.0	0	0	657	0	1
9	409	503	277	1238	3971	458.0	0	0	657	0	1
9	411	505	277	1242	3958	460.0	0	0	657	0	1
9	410	503	277	1239	3965	458.0	0	0	657	0	1
9	410	504	277	1241	3965	459.0	0	0	657	0	1
9	410	504	277	1241	3965	459.0	0	0	657	0	1
9	410	504	278	1241	3974	458.0	0	0	657	0	1
9	411	505	279	1244	3977	459.0	0	0	657	0	1
9	410	504	278	1241	3974	458.0	0	0	657	0	1
9	411	506	278	1245	3968	461.0	0	0	657	0	1
9	412	506	279	1246	3971	460.0	0	0	657	0	1
9	409	503	278	1239	3980	457.0	0	0	657	0	1
9	412	506	279	1247	3971	460.0	0	0	657	0	1
9	409	503	278	1239	3980	457.0	0	0	657	0	1
9	412	506	279	1247	3971	460.0	0	0	657	0	1
9	409	503	278	1239	3980	457.0	0	0	657	0	1
9	412	506	279	1247	3971	460.0	0	0	657	0	1
9	409	503	277	1237	3971	458.0	0	0	657	0	1
9	412	506	278	1245	3961	461.0	0	0	657	0	1
9	409	503	277	1238	3971	458.0	0	0	657	0	1
9	412	505	278	1244	3961	459.0	0	0	657	0	1
9	410	503	277	1239	3965	458.0	0	0	657	0	1
9	411	505	278	1243	3968	460.0	0	0	657	0	1
9	410	504	277	1240	3965	459.0	0	0	657	0	0
9	411	504	277	1242	3958	459.0	0	0	657	0	0
9	405	487	241	1181	3658	460.0	0	0	657	0	0
9	405	486	240	1180	3648	459.0	0	0	657	0	0
9	405	487	241	1183	3658	460.0	0	0	657	0	0
9	406	488	241	1184	3652	462.0	0	0	657	0	0
9	404	485	240	1178	3654	458.0	0	0	657	0	0
10	406	488	241	1185	3652	462.0	0	0	789	0	1
10	404	485	240	1177	3654	458.0	0	0	789	0	1
10	413	511	288	1261	4047	461.0	0	0	789	0	1
10	411	507	286	1253	4042	457.0	0	0	789	0	1
10	414	511	288	1261	4041	461.0	0	0	789	0	1
10	411	507	286	1253	4042	457.0	0	0	789	0	1
10	413	511	288	1261	4047	461.0	0	0	789	0	1
10	411	508	286	1254	4042	459.0	0	0	789	0	1
10	413	511	288	1261	4047	461.0	0	0	789	0	1
10	411	508	287	1255	4051	458.0	0	0	789	0	1
10	413	510	288	1260	4047	460.0	0	0	789	0	1
10	412	509	289	1259	4063	458.0	0	0	789	0	1
10	413	511	289	1262	4057	460.0	0	0	789	0	1
10	412	510	289	1260	4063	459.0	0	0	789	0	1
10	412	510	289	1260	4063	459.0	0	0	789	0	1
10	412	510	289	1260	4063	459.0	0	0	789	0	1
10	412	509	289	1258	4063	458.0	0	0	789	0	1
10	411	509	288	1257	4060	459.0	0	0	789	0	1
10	413	511	289	1263	4057	460.0	0	0	789	0	1
10	411	508	288	1256	4060	457.0	0	0	789	0	1
10	414	512	290	1264	4059	461.0	0	0	789	0	1
10	411	508	288	1255	4060	457.0	0	0	789	0	1
10	414	511	288	1262	4041	461.0	0	0	789	0	1
10	411	507	286	1253	4042	457.0	0	0	789	0	1
10	413	511	288	1261	4047	461.0	0	0	789	0	1
10	411	508	286	1253	4042	459.0	0	0	789	0	1
10	414	511	288	1262	4041	461.0	0	0	789	0	1
10	411	508	287	1255	4051	458.0	0	0	789	0	0
10	413	511	288	1261	4047	461.0	0	0	789	0	0
10	405	486	240	1180	3648	459.0	0	0	789	0	0
10	406	488	241	1185	3652	462.0	0	0	789	0	0
10	405	486	241	1181	3658	459.0	0	0	789	0	0
10	406	487	241	1183	3652	460.0	0	0	789	0	0
10	405	487	241	1182	3658	460.0	0	0	789	0	0
11	405	487	241	1182	3658	460.0	0	0	921	0	1
11	405	486	240	1180	3648	459.0	0	0	921	0	1
11	414	515	297	1276	4124	461.0	0	0	921	0	1
11	413	513	296	1270	4121	458.0	0	0	921	0	1
11	415	515	297	1276	4117	460.0	0	0	921	0	1
11	413	513	296	1270	4121	458.0	0	0	921	0	1
11	415	516	298	1277	4126	461.0	0	0	921	0	1
11	412	513	296	1270	4128	459.0	0	0	921	0	1
11	415	516	298	1278	4126	461.0	0	0	921	0	1
11	413	513	297	1272	4130	458.0	0	0	921	0	1
11	416	517	300	1282	4138	461.0	0	0	921	0	1
11	413	514	298	1274	4140	459.0	0	0	921	0	1
11	416	517	300	1282	4138	461.0	0	0	921	0	1
11	414	515	299	1276	4142	459.0	0	0	921	0	1
11	416	517	300	1282	4138	461.0	0	0	921	0	1
11	414	515	299	1277	4142	459.0	0	0	921	0	1
11	415	517	300	1281	4145	461.0	0	0	921	0	1
11	414	516	299	1278	4142	461.0	0	0	921	0	1
11	415	516	300	1280	4145	460.0	0	0	921	0	1
11	415	516	299	1279	4136	460.0	0	0	921	0	1
11	413	513	296	1271	4121	458.0	0	0	921	0	1
11	414	514	297	1273	4124	459.0	0	0	921	0	1
11	416	517	298	1280	4120	462.0	0	0	921	0	1
11	414	514	297	1274	4124	459.0	0	0	921	0	1
11	416	517	298	1280	4120	462.0	0	0	921	0	1
11	413	514	297	1272	4130	459.0	0	0	921	0	1
11	416	517	298	1280	4120	462.0	0	0	921	0	1
11	413	514	296	1272	4121	460.0	0	0	921	0	0
11	416	517	298	1280	4120	462.0	0	0	921	0	0
11	406	489	245	1188	3690	460.0	0	0	921	0	0
11	408	490	242	1189	3650	463.0	0	0	921	0	0
11	405	487	241	1181	3658	460.0	0	0	921	0	0
11	408	490	242	1189	3650	463.0	0	0	921	0	0
11	405	487	241	1182	3658	460.0	0	0	921	0	0
12	407	490	242	1188	3656	464.0	0	0	1052	0	1
12	406	487	241	1183	3652	460.0	0	0	1052	0	1
12	407	489	242	1187	3656	462.0	0	0	1052	0	1
12	416	519	307	1290	4202	459.0	0	0	1052	0	1
12	416	520	307	1292	4202	460.0	0	0	1052	0	1
12	416	520	307	1291	4202	460.0	0	0	1052	0	1
12	417	520	307	1293	4195	460.0	0	0	1052	0	1
12	415	519	306	1290	4200	460.0	0	0	1052	0	1
12	417	521	307	1294	4195	462.0	0	0	1052	0	1
12	416	520	309	1293	4221	459.0	0	0	1052	0	1
12	418	523	310	1299	4216	462.0	0	0	1052	0	1
12	415	520	309	1292	4227	459.0	0	0	1052	0	1
12	418	523	310	1300	4216	462.0	0	0	1052	0	1
12	415	520	309	1292	4227	459.0	0	0	1052	0	1
12	418	523	310	1301	4216	462.0	0	0	1052	0	1
12	415	520	309	1292	4227	459.0	0	0	1052	0	1
12	418	523	310	1300	4216	462.0	0	0	1052	0	1
12	415	520	309	1293	4227	459.0	0	0	1052	0	1
12	418	523	310	1300	4216	462.0	0	0	1052	0	1
12	416	520	309	1293	4221	459.0	0	0	1052	0	1
12	417	521	308	1295	4205	461.0	0	0	1052	0	1
12	415	519	307	1290	4209	459.0	0	0	1052	0	1
12	417	521	307	1294	4195	462.0	0	0	1052	0	1
12	417	521	307	1294	4195	462.0	0	0	1052	0	1
12	417	521	308	1294	4205	461.0	0	0	1052	0	1
12	417	520	307	1293	4195	460.0	0	0	1052	0	1
12	417	521	307	1295	4195	462.0	0	0	1052	0	1
12	416	520	307	1292	4202	460.0	0	0	1052	0	0
12	417	521	308	1296	4205	461.0	0	0	1052	0	0
12	406	488	241	1184	3652	462.0	0	0	1052	0	0
12	408	490	243	1190	3660	463.0	0	0	1052	0	0
12	406	487	241	1183	3652	460.0	0	0	1052	0	0
12	408	490	243	1190	3660	463.0	0	0	1052	0	0
12	406	487	241	1183	3652	460.0	0	0	1052	0	0
13	408	491	243	1191	3660	464.0	0	0	1184	0	1
13	406	487	241	1183	3652	460.0	0	0	1184	0	1
13	409	491	243	1191	3654	464.0	0	0	1184	0	1
13	417	524	316	1306	4278	460.0	0	0	1184	0	1
13	420	527	318	1314	4275	462.0	0	0	1184	0	1
13	418	524	316	1307	4271	460.0	0	0	1184	0	1
13	420	527	318	1314	4275	462.0	0	0	1184	0	1
13	420	527	318	1313	4275	462.0	0	0	1184	0	1
13	418	526	317	1310	4280	462.0	0	0	1184	0	1
13	420	527	319	1315	4284	461.0	0	0	1184	0	1
13	419	528	320	1316	4300	463.0	0	0	1184	0	1
13	419	527	320	1316	4300	461.0	0	0	1184	0	1
13	420	528	320	1317	4293	462.0	0	0	1184	0	1
13	419	527	320	1314	4300	461.0	0	0	1184	0	1
13	420	528	321	1318	4302	462.0	0	0	1184	0	1
13	418	526	319	1312	4298	461.0	0	0	1184	0	1
13	420	529	321	1319	4302	463.0	0	0	1184	0	1
13	418	526	319	1312	4298	461.0	0	0	1184	0	1
13	421	529	321	1320	4296	463.0	0	0	1184	0	1
13	418	526	319	1311	4298	461.0	0	0	1184	0	1
13	421	529	321	1321	4296	463.0	0	0	1184	0	1
13	418	525	317	1307	4280	460.0	0	0	1184	0	1
13	420	528	318	1316	4275	464.0	0	0	1184	0	1
13	418	525	317	1308	4280	460.0	0	0	1184	0	1
13	420	528	318	1316	4275	464.0	0	0	1184	0	1
13	418	525	317	1309	4280	460.0	0	0	1184	0	1
13	418	525	317	1309	4280	460.0	0	0	1184	0	1
13	420	527	318	1314	4275	462.0	0	0	1184	0	0
13	419	526	317	1310	4273	462.0	0	0	1184	0	0
13	408	491	243	1191	3660	464.0	0	0	1184	0	0
13	408	490	242	1189	3650	463.0	0	0	1184	0	0
13	408	490	242	1189	3650	463.0	0	0	1184	0	0
13	408	490	243	1190	3660	463.0	0	0	1184	0	0
13	407	490	242	1188	3656	464.0	0	0	1184	0	0
14	408	491	243	1192	3660	464.0	0	0	1315	0	1
14	407	489	242	1187	3656	462.0	0	0	1315	0	1
14	409	491	243	1192	3654	464.0	0	0	1315	0	1
14	419	530	326	1324	4355	461.0	0	0	1315	0	1
14	422	532	328	1331	4352	462.0	0	0	1315	0	1
14	419	529	327	1324	4364	459.0	0	0	1315	0	1
14	422	533	328	1332	4352	464.0	0	0	1315	0	1
14	419	529	326	1324	4355	460.0	0	0	1315	0	1
14	422	533	328	1332	4352	464.0	0	0	1315	0	1
14	420	531	330	1329	4384	460.0	0	0	1315	0	1
14	420	531	330	1330	4384	460.0	0	0	1315	0	1
14	422	534	331	1337	4379	463.0	0	0	1315	0	1
14	420	531	330	1330	4384	460.0	0	0	1315	0	1
14	422	534	331	1336	4379	463.0	0	0	1315	0	1
14	420	532	330	1331	4384	461.0	0	0	1315	0	1
14	422	533	331	1335	4379	462.0	0	0	1315	0	1
14	421	532	330	1333	4377	461.0	0	0	1315	0	1
14	421	533	331	1334	4386	462.0	0	0	1315	0	1
14	421	533	330	1334	4377	463.0	0	0	1315	0	1
14	421	531	328	1329	4359	461.0	0	0	1315	0	1
14	421	532	327	1330	4350	463.0	0	0	1315	0	1
14	420	530	327	1326	4357	460.0	0	0	1315	0	1
14	422	532	328	1331	4352	462.0	0	0	1315	0	1
14	420	530	327	1325	4357	460.0	0	0	1315	0	1
14	422	533	328	1332	4352	464.0	0	0	1315	0	1
14	420	530	326	1325	4348	461.0	0	0	1315	0	1
14	422	533	328	1332	4352	464.0	0	0	1315	0	1
14	419	530	326	1324	4355	461.0	0	0	1315	0	1
14	422	533	328	1333	4352	464.0	0	0	1315	0	0
14	411	495	250	1206	3708	464.0	0	0	1315	0	0
14	407	489	242	1187	3656	462.0	0	0	1315	0	0
14	409	492	244	1195	3663	465.0	0	0	1315	0	0
14	407	489	242	1187	3656	462.0	0	0	1315	0	0
14	409	492	243	1194	3654	465.0	0	0	1315	0	0
15	407	489	242	1188	3656	462.0	0	0	1447	0	1
15	409	491	243	1194	3654	464.0	0	0	1447	0	1
15	408	490	243	1190	3660	463.0	0	0	1447	0	1
15	423	537	337	1346	4426	463.0	0	0	1447	0	1
15	422	536	337	1344	4433	462.0	0	0	1447	0	1
15	422	536	337	1345	4433	462.0	0	0	1447	0	1
15	422	536	337	1345	4433	462.0	0	0	1447	0	1
15	422	536	337	1344	4433	462.0	0	0	1447	0	1
15	423	538	341	1352	4462	462.0	0	0	1447	0	1
15	422	537	340	1349	4460	461.0	0	0	1447	0	1
15	424	539	341	1353	4455	463.0	0	0	1447	0	1
15	422	536	340	1347	4460	460.0	0	0	1447	0	1
15	424	539	341	1354	4455	463.0	0	0	1447	0	1
15	424	539	341	1355	4455	463.0	0	0	1447	0	1
15	422	536	339	1346	4451	460.0	0	0	1447	0	1
15	424	540	342	1355	4464	464.0	0	0	1447	0	1
15	422	536	340	1347	4460	460.0	0	0	1447	0	1
15	424	539	341	1355	4455	463.0	0	0	1447	0	1
15	422	536	340	1347	4460	460.0	0	0	1447	0	1
15	424	538	338	1349	4428	464.0	0	0	1447	0	1
15	421	535	336	1342	4431	461.0	0	0	1447	0	1
15	424	537	338	1348	4428	462.0	0	0	1447	0	1
15	422	535	336	1343	4424	461.0	0	0	1447	0	1
15	423	537	337	1347	4426	463.0	0	0	1447	0	1
15	422	535	337	1344	4433	460.0	0	0	1447	0	1
15	423	537	337	1346	4426	463.0	0	0	1447	0	1
15	422	536	337	1345	4433	462.0	0	0	1447	0	1
15	423	536	337	1346	4426	462.0	0	0	1447	0	1
15	423	536	337	1346	4426	462.0	0	0	1447	0	0
15	422	535	337	1344	4433	460.0	0	0	1447	0	0
15	409	491	243	1193	3654	464.0	0	0	1447	0	0
15	407	489	242	1189	3656	462.0	0	0	1447	0	0
15	407	489	242	1188	3656	462.0	0	0	1447	0	0
15	409	492	244	1195	3663	465.0	0	0	1447	0	0
15	407	489	242	1188	3656	462.0	0	0	1447	0	0
16	410	492	244	1196	3658	464.0	0	0	1578	0	1
16	407	489	242	1188	3656	462.0	0	0	1578	0	1
16	425	542	347	1365	4501	463.0	0	0	1578	0	1
16	423	539	346	1357	4507	460.0	0	0	1578	0	1
16	426	543	348	1366	4503	464.0	0	0	1578	0	1
16	423	539	346	1357	4507	460.0	0	0	1578	0	1
16	425	542	347	1365	4501	463.0	0	0	1578	0	1
16	423	540	346	1358	4507	461.0	0	0	1578	0	1
16	426	544	351	1370	4530	463.0	0	0	1578	0	1
16	424	542	350	1365	4536	461.0	0	0	1578	0	1
16	425	544	351	1370	4537	463.0	0	0	1578	0	1
16	424	542	350	1366	4536	461.0	0	0	1578	0	1
16	425	543	351	1369	4537	462.0	0	0	1578	0	1
16	425	543	351	1368	4537	462.0	0	0	1578	0	1
16	425	543	351	1368	4537	462.0	0	0	1578	0	1
16	424	542	350	1367	4536	461.0	0	0	1578	0	1
16	426	544	351	1371	4530	463.0	0	0	1578	0	1
16	424	542	350	1366	4536	461.0	0	0	1578	0	1
16	425	543	349	1367	4519	463.0	0	0	1578	0	1
16	423	539	346	1358	4507	460.0	0	0	1578	0	1
16	425	543	347	1366	4501	465.0	0	0	1578	0	1
16	423	539	346	1358	4507	460.0	0	0	1578	0	1
16	426	543	348	1366	4503	464.0	0	0	1578	0	1
16	423	539	346	1358	4507	460.0	0	0	1578	0	1
16	426	543	348	1367	4503	464.0	0	0	1578	0	1
16	423	539	346	1358	4507	460.0	0	0	1578	0	1
16	426	543	348	1366	4503	464.0	0	0	1578	0	1
16	423	540	346	1358	4507	461.0	0	0	1578	0	0
16	425	543	347	1366	4501	465.0	0	0	1578	0	0
16	408	490	243	1191	3660	463.0	0	0	1578	0	0
16	410	492	244	1196	3658	464.0	0	0	1578	0	0
16	408	490	243	1192	3660	463.0	0	0	1578	0	0
16	409	492	244	1195	3663	465.0	0	0	1578	0	0
16	408	491	243	1193	3660	464.0	0	0	1578	0	0
17	409	491	243	1194	3654	464.0	0	0	1710	0	1
17	409	491	243	1193	3654	464.0	0	0	1710	0	1
17	426	546	357	1380	4583	462.0	0	0	1710	0	1
17	425	545	356	1376	4582	461.0	0	0	1710	0	1
17	427	547	357	1381	4576	463.0	0	0	1710	0	1
17	425	545	356	1375	4582	461.0	0	0	1710	0	1
17	427	549	361	1387	4612	463.0	0	0	1710	0	1
17	425	546	360	1382	4618	460.0	0	0	1710	0	1
17	428	550	362	1390	4613	464.0	0	0	1710	0	1
17	425	547	360	1382	4618	461.0	0	0	1710	0	1
17	428	550	362	1390	4613	464.0	0	0	1710	0	1
17	425	547	360	1382	4618	461.0	0	0	1710	0	1
17	428	550	362	1390	4613	464.0	0	0	1710	0	1
17	425	547	360	1382	4618	461.0	0	0	1710	0	1
17	428	550	361	1389	4604	464.0	0	0	1710	0	1
17	426	547	360	1383	4610	461.0	0	0	1710	0	1
17	428	550	362	1390	4613	464.0	0	0	1710	0	1
17	426	547	360	1384	4610	461.0	0	0	1710	0	1
17	426	546	356	1378	4574	462.0	0	0	1710	0	1
17	427	547	357	1380	4576	463.0	0	0	1710	0	1
17	426	546	357	1379	4583	462.0	0	0	1710	0	1
17	426	546	357	1380	4583	462.0	0	0	1710	0	1
17	426	546	357	1380	4583	462.0	0	0	1710	0	1
17	426	546	356	1378	4574	462.0	0	0	1710	0	1
17	427	547	357	1381	4576	463.0	0	0	1710	0	1
17	425	545	356	1377	4582	461.0	0	0	1710	0	1
17	427	548	357	1382	4576	465.0	0	0	1710	0	1
17	425	545	356	1376	4582	461.0	0	0	1710	0	0
17	428	550	362	1390	4613	464.0	0	0	1710	0	0
17	408	490	243	1191	3660	463.0	0	0	1710	0	0
17	411	493	244	1199	3652	466.0	0	0	1710	0	0
17	408	490	243	1191	3660	463.0	0	0	1710	0	0
17	411	493	244	1199	3652	466.0	0	0	1710	0	0
17	408	490	243	1191	3660	463.0	0	0	1710	0	0
18	411	493	244	1199	3652	466.0	0	0	1842	0	1
18	408	490	243	1191	3660	463.0	0	0	1842	0	1
18	410	493	244	1198	3658	466.0	0	0	1842	0	1
18	429	552	367	1398	4650	463.0	0	0	1842	0	1
18	427	550	366	1394	4656	461.0	0	0	1842	0	1
18	428	552	368	1398	4666	462.0	0	0	1842	0	1
18	428	553	371	1402	4693	462.0	0	0	1842	0	1
18	428	553	371	1403	4693	462.0	0	0	1842	0	1
18	429	553	371	1404	4685	462.0	0	0	1842	0	1
18	428	553	371	1402	4693	462.0	0	0	1842	0	1
18	429	554	371	1404	4685	463.0	0	0	1842	0	1
18	428	552	371	1401	4693	460.0	0	0	1842	0	1
18	429	554	372	1406	4694	462.0	0	0	1842	0	1
18	427	552	371	1400	4701	461.0	0	0	1842	0	1
18	430	555	372	1407	4687	464.0	0	0	1842	0	1
18	427	552	370	1399	4692	461.0	0	0	1842	0	1
18	430	555	371	1406	4678	464.0	0	0	1842	0	1
18	427	549	366	1391	4656	460.0	0	0	1842	0	1
18	429	553	367	1400	4650	464.0	0	0	1842	0	1
18	427	549	366	1392	4656	460.0	0	0	1842	0	1
18	429	553	368	1401	4659	464.0	0	0	1842	0	1
18	429	553	367	1400	4650	464.0	0	0	1842	0	1
18	427	550	366	1393	4656	461.0	0	0	1842	0	1
18	429	553	367	1399	4650	464.0	0	0	1842	0	1
18	427	550	366	1394	4656	461.0	0	0	1842	0	1
18	429	552	367	1398	4650	463.0	0	0	1842	0	1
18	427	551	366	1395	4656	463.0	0	0	1842	0	1
18	429	552	368	1399	4659	462.0	0	0	1842	0	0
18	427	548	359	1384	4594	463.0	0	0	1842	0	0
18	409	492	244	1195	3663	465.0	0	0	1842	0	0
18	410	492	244	1196	3658	464.0	0	0	1842	0	0
18	409	491	243	1194	3654	464.0	0	0	1842	0	0
18	410	493	244	1198	3658	466.0	0	0	1842	0	0
18	409	491	243	1193	3654	464.0	0	0	1842	0	0
19	410	493	244	1199	3658	466.0	0	0	1973	0	1
19	408	490	243	1192	3660	463.0	0	0	1973	0	1
19	411	493	244	1199	3652	466.0	0	0	1973	0	1
19	428	554	375	1408	4729	460.0	0	0	1973	0	1
19	431	558	377	1416	4723	464.0	0	0	1973	0	1
19	428	554	375	1408	4729	460.0	0	0	1973	0	1
19	429	557	380	1416	4765	461.0	0	0	1973	0	1
19	432	560	382	1424	4760	464.0	0	0	1973	0	1
19	429	557	381	1417	4774	461.0	0	0	1973	0	1
19	431	560	382	1424	4767	464.0	0	0	1973	0	1
19	429	557	380	1417	4765	461.0	0	0	1973	0	1
19	431	559	382	1423	4767	462.0	0	0	1973	0	1
19	430	558	381	1419	4766	462.0	0	0	1973	0	1
19	431	559	382	1423	4767	462.0	0	0	1973	0	1
19	430	558	381	1420	4766	462.0	0	0	1973	0	1
19	430	558	381	1421	4766	462.0	0	0	1973	0	1
19	431	559	381	1422	4759	463.0	0	0	1973	0	1
19	430	558	381	1420	4766	462.0	0	0	1973	0	1
19	430	557	377	1415	4731	463.0	0	0	1973	0	1
19	429	555	376	1410	4730	461.0	0	0	1973	0	1
19	431	557	377	1415	4723	463.0	0	0	1973	0	1
19	428	555	375	1409	4729	462.0	0	0	1973	0	1
19	431	558	377	1416	4723	464.0	0	0	1973	0	1
19	428	554	375	1409	4729	460.0	0	0	1973	0	1
19	428	554	375	1408	4729	460.0	0	0	1973	0	1
19	431	558	377	1417	4723	464.0	0	0	1973	0	1
19	428	555	376	1410	4738	461.0	0	0	1973	0	1
19	431	558	377	1417	4723	464.0	0	0	1973	0	0
19	428	554	375	1409	4729	460.0	0	0	1973	0	0
19	411	494	245	1200	3662	466.0	0	0	1973	0	0
19	409	491	243	1194	3654	464.0	0	0	1973	0	0
19	411	493	244	1200	3652	466.0	0	0	1973	0	0
19	409	491	244	1195	3663	463.0	0	0	1973	0	0
19	410	493	244	1199	3658	466.0	0	0	1973	0	0
20	410	492	244	1196	3658	464.0	0	0	2105	0	1
20	410	492	244	1197	3658	464.0	0	0	2105	0	1
20	410	493	244	1198	3658	466.0	0	0	2105	0	1
20	431	560	386	1428	4803	461.0	0	0	2105	0	1
20	432	562	386	1430	4795	464.0	0	0	2105	0	1
20	430	560	386	1427	4811	461.0	0	0	2105	0	1
20	433	565	392	1441	4840	464.0	0	0	2105	0	1
20	431	562	391	1434	4847	460.0	0	0	2105	0	1
20	433	565	392	1440	4840	464.0	0	0	2105	0	1
20	433	565	393	1442	4849	463.0	0	0	2105	0	1
20	431	562	391	1434	4847	460.0	0	0	2105	0	1
20	433	565	392	1442	4840	464.0	0	0	2105	0	1
20	431	562	391	1434	4847	460.0	0	0	2105	0	1
20	433	565	393	1442	4849	463.0	0	0	2105	0	1
20	431	562	391	1435	4847	460.0	0	0	2105	0	1
20	433	565	392	1442	4840	464.0	0	0	2105	0	1
20	430	560	385	1426	4802	462.0	0	0	2105	0	1
20	432	562	387	1432	4804	463.0	0	0	2105	0	1
20	431	560	386	1427	4803	461.0	0	0	2105	0	1
20	432	562	386	1431	4795	464.0	0	0	2105	0	1
20	431	561	386	1428	4803	463.0	0	0	2105	0	1
20	432	561	386	1430	4795	462.0	0	0	2105	0	1
20	432	561	386	1430	4795	462.0	0	0	2105	0	1
20	431	561	386	1428	4803	463.0	0	0	2105	0	1
20	432	562	387	1432	4804	463.0	0	0	2105	0	1
20	431	560	386	1427	4803	461.0	0	0	2105	0	1
20	432	562	387	1432	4804	463.0	0	0	2105	0	1
20	433	565	392	1441	4840	464.0	0	0	2105	0	0
20	429	555	376	1411	4730	461.0	0	0	2105	0	0
20	411	494	245	1201	3662	466.0	0	0	2105	0	0
20	409	491	243	1193	3654	464.0	0	0	2105	0	0
20	411	494	245	1201	3662	466.0	0	0	2105	0	0
20	409	491	243	1193	3654	464.0	0	0	2105	0	0
20	411	494	245	1202	3662	466.0	0	0	2105	0	0
21	409	491	243	1194	3654	464.0	0	0	2236	0	1
21	411	494	245	1201	3662	466.0	0	0	2236	0	1
21	409	491	243	1195	3654	464.0	0	0	2236	0	1
21	434	567	396	1448	4867	464.0	0	0	2236	0	1
21	432	565	395	1443	4874	462.0	0	0	2236	0	1
21	434	569	402	1456	4920	462.0	0	0	2236	0	1
21	433	568	401	1453	4919	462.0	0	0	2236	0	1
21	434	569	402	1456	4920	462.0	0	0	2236	0	1
21	434	569	402	1455	4920	462.0	0	0	2236	0	1
21	433	568	401	1454	4919	462.0	0	0	2236	0	1
21	434	569	402	1456	4920	462.0	0	0	2236	0	1
21	433	568	401	1453	4919	462.0	0	0	2236	0	1
21	433	567	401	1451	4919	460.0	0	0	2236	0	1
21	435	570	403	1459	4920	463.0	0	0	2236	0	1
21	433	567	401	1451	4919	460.0	0	0	2236	0	1
21	435	569	399	1454	4885	464.0	0	0	2236	0	1
21	432	564	395	1441	4874	460.0	0	0	2236	0	1
21	435	568	397	1450	4868	464.0	0	0	2236	0	1
21	432	564	395	1442	4874	460.0	0	0	2236	0	1
21	434	568	397	1450	4876	465.0	0	0	2236	0	1
21	432	564	395	1442	4874	460.0	0	0	2236	0	1
21	434	567	397	1449	4876	463.0	0	0	2236	0	1
21	432	565	396	1443	4883	461.0	0	0	2236	0	1
21	434	567	396	1448	4867	464.0	0	0	2236	0	1
21	432	565	395	1443	4874	462.0	0	0	2236	0	1
21	434	567	396	1448	4867	464.0	0	0	2236	0	1
21	433	566	396	1446	4875	462.0	0	0	2236	0	1
21	434	569	402	1456	4920	462.0	0	0	2236	0	0
21	434	569	402	1456	4920	462.0	0	0	2236	0	0
21	428	551	365	1395	4640	463.0	0	0	2236	0	0
21	409	491	244	1195	3663	463.0	0	0	2236	0	0
21	411	493	245	1200	3662	465.0	0	0	2236	0	0
21	409	491	243	1195	3654	464.0	0	0	2236	0	0
21	411	494	245	1201	3662	466.0	0	0	2236	0	0
22	409	491	243	1194	3654	464.0	0	0	2368	0	1
22	412	494	245	1202	3656	466.0	0	0	2368	0	1
22	409	491	243	1194	3654	464.0	0	0	2368	0	1
22	436	573	407	1466	4947	464.0	0	0	2368	0	1
22	433	569	405	1458	4954	461.0	0	0	2368	0	1
22	436	572	407	1466	4947	463.0	0	0	2368	0	1
22	434	572	411	1469	4999	461.0	0	0	2368	0	1
22	437	575	413	1476	4991	463.0	0	0	2368	0	1
22	435	573	412	1470	4999	461.0	0	0	2368	0	1
22	437	575	413	1475	4991	463.0	0	0	2368	0	1
22	435	573	412	1471	4999	461.0	0	0	2368	0	1
22	436	575	412	1474	4991	464.0	0	0	2368	0	1
22	435	574	412	1472	4999	463.0	0	0	2368	0	1
22	436	574	412	1473	4991	462.0	0	0	2368	0	1
22	436	574	412	1473	4991	462.0	0	0	2368	0	1
22	436	575	413	1474	5000	463.0	0	0	2368	0	1
22	434	570	405	1459	4946	462.0	0	0	2368	0	1
22	436	572	406	1465	4938	464.0	0	0	2368	0	1
22	433	569	405	1458	4954	461.0	0	0	2368	0	1
22	436	572	407	1466	4947	463.0	0	0	2368	0	1
22	433	569	406	1459	4963	460.0	0	0	2368	0	1
22	436	573	407	1466	4947	464.0	0	0	2368	0	1
22	433	569	405	1458	4954	461.0	0	0	2368	0	1
22	436	573	407	1466	4947	464.0	0	0	2368	0	1
22	433	569	405	1458	4954	461.0	0	0	2368	0	1
22	436	573	407	1466	4947	464.0	0	0	2368	0	1
22	434	570	405	1459	4946	462.0	0	0	2368	0	1
22	436	573	407	1467	4947	464.0	0	0	2368	0	1
22	435	573	411	1469	4990	462.0	0	0	2368	0	0
22	432	561	384	1428	4777	464.0	0	0	2368	0	0
22	410	492	244	1197	3658	464.0	0	0	2368	0	0
22	411	493	244	1200	3652	466.0	0	0	2368	0	0
22	410	493	244	1198	3658	466.0	0	0	2368	0	0
22	411	493	244	1199	3652	466.0	0	0	2368	0	0
23	410	492	244	1196	3658	464.0	0	0	2500	0	1
23	411	493	244	1200	3652	466.0	0	0	2500	0	1
23	409	491	243	1195	3654	464.0	0	0	2500	0	1
23	437	577	416	1481	5017	464.0	0	0	2500	0	1
23	436	577	422	1485	5078	460.0	0	0	2500	0	1
23	438	580	423	1493	5070	463.0	0	0	2500	0	1
23	436	577	422	1485	5078	460.0	0	0	2500	0	1
23	439	581	423	1493	5062	464.0	0	0	2500	0	1
23	436	577	422	1485	5078	460.0	0	0	2500	0	1
23	439	581	423	1493	5062	464.0	0	0	2500	0	1
23	436	577	421	1484	5069	461.0	0	0	2500	0	1
23	438	580	423	1493	5070	463.0	0	0	2500	0	1
23	436	578	422	1486	5078	461.0	0	0	2500	0	1
23	438	580	423	1492	5070	463.0	0	0	2500	0	1
23	436	578	422	1487	5078	461.0	0	0	2500	0	1
23	438	579	421	1489	5053	463.0	0	0	2500	0	1
23	436	575	415	1477	5017	462.0	0	0	2500	0	1
23	436	576	416	1479	5026	463.0	0	0	2500	0	1
23	436	575	415	1477	5017	462.0	0	0	2500	0	1
23	437	576	416	1479	5017	462.0	0	0	2500	0	1
23	435	575	415	1476	5025	462.0	0	0	2500	0	1
23	437	576	416	1480	5017	462.0	0	0	2500	0	1
23	435	574	415	1474	5025	461.0	0	0	2500	0	1
23	437	577	416	1481	5017	464.0	0	0	2500	0	1
23	435	574	415	1474	5025	461.0	0	0	2500	0	1
23	437	577	416	1482	5017	464.0	0	0	2500	0	1
23	436	577	422	1485	5078	460.0	0	0	2500	0	1
23	439	581	423	1494	5062	464.0	0	0	2500	0	1
