Stim	Lux	Yellow	Red	Blue	Blue2	Trig
1	227.0	0	1500	0	0	1
1	244.0	0	1500	0	0	1
1	244.0	0	1500	0	0	1
1	244.0	0	1500	0	0	1
1	244.0	0	1500	0	0	1
1	244.0	0	1500	0	0	1
1	244.0	0	1500	0	0	1
1	244.0	0	1500	0	0	1
1	244.0	0	1500	0	0	1
1	244.0	0	1500	0	0	1
1	244.0	0	1500	0	0	1
1	244.0	0	1500	0	0	1
1	244.0	0	1500	0	0	1
1	244.0	0	1500	0	0	1
1	244.0	0	1500	0	0	1
1	244.0	0	1500	0	0	1
1	244.0	0	1500	0	0	1
1	244.0	0	1500	0	0	1
1	244.0	0	1500	0	0	1
1	244.0	0	1500	0	0	1
1	244.0	0	1500	0	0	0
1	65.0	0	1500	0	0	0
1	65.0	0	1500	0	0	0
1	65.0	0	1500	0	0	0
1	65.0	0	1500	0	0	0
2	129.0	0	1500	0	0	1
2	244.0	0	1500	0	0	1
2	244.0	0	1500	0	0	1
2	244.0	0	1500	0	0	1
2	244.0	0	1500	0	0	1
2	243.0	0	1500	0	0	1
2	244.0	0	1500	0	0	1
2	243.0	0	1500	0	0	1
2	244.0	0	1500	0	0	1
2	244.0	0	1500	0	0	1
2	243.0	0	1500	0	0	1
2	244.0	0	1500	0	0	1
2	244.0	0	1500	0	0	1
2	244.0	0	1500	0	0	1
2	244.0	0	1500	0	0	1
2	244.0	0	1500	0	0	1
2	244.0	0	1500	0	0	1
2	244.0	0	1500	0	0	1
2	244.0	0	1500	0	0	1
2	244.0	0	1500	0	0	1
2	122.0	0	1500	0	0	0
2	65.0	0	1500	0	0	0
2	65.0	0	1500	0	0	0
2	65.0	0	1500	0	0	0
2	65.0	0	1500	0	0	0
3	65.0	0	1500	0	0	1
3	244.0	0	1500	0	0	1
3	244.0	0	1500	0	0	1
3	244.0	0	1500	0	0	1
3	244.0	0	1500	0	0	1
3	244.0	0	1500	0	0	1
3	244.0	0	1500	0	0	1
3	244.0	0	1500	0	0	1
3	244.0	0	1500	0	0	1
3	244.0	0	1500	0	0	1
3	244.0	0	1500	0	0	1
3	244.0	0	1500	0	0	1
3	244.0	0	1500	0	0	1
3	244.0	0	1500	0	0	1
3	244.0	0	1500	0	0	1
3	244.0	0	1500	0	0	1
3	244.0	0	1500	0	0	1
3	244.0	0	1500	0	0	1
3	244.0	0	1500	0	0	1
3	244.0	0	1500	0	0	1
3	219.0	0	1500	0	0	0
3	65.0	0	1500	0	0	0
3	65.0	0	1500	0	0	0
3	65.0	0	1500	0	0	0
3	65.0	0	1500	0	0	0
4	65.0	0	1500	0	0	1
4	154.0	0	1500	0	0	1
4	155.0	0	1500	0	0	1
4	155.0	0	1500	0	0	1
4	154.0	0	1500	0	0	1
4	155.0	0	1500	0	0	1
4	154.0	0	1500	0	0	1
4	155.0	0	1500	0	0	1
4	155.0	0	1500	0	0	1
4	154.0	0	1500	0	0	1
4	154.0	0	1500	0	0	1
4	155.0	0	1500	0	0	1
4	154.0	0	1500	0	0	1
4	155.0	0	1500	0	0	1
4	154.0	0	1500	0	0	1
4	154.0	0	1500	0	0	1
4	155.0	0	1500	0	0	1
4	154.0	0	1500	0	0	1
4	154.0	0	1500	0	0	1
4	155.0	0	1500	0	0	1
4	97.0	0	1500	0	0	0
4	65.0	0	1500	0	0	0
4	65.0	0	1500	0	0	0
4	65.0	0	1500	0	0	0
4	65.0	0	1500	0	0	0
5	65.0	0	1500	131	0	1
5	159.0	0	1500	131	0	1
5	157.0	0	1500	131	0	1
5	158.0	0	1500	131	0	1
5	157.0	0	1500	131	0	1
5	157.0	0	1500	131	0	1
5	158.0	0	1500	131	0	1
5	159.0	0	1500	131	0	1
5	157.0	0	1500	131	0	1
5	158.0	0	1500	131	0	1
5	157.0	0	1500	131	0	1
5	158.0	0	1500	131	0	1
5	158.0	0	1500	131	0	1
5	157.0	0	1500	131	0	1
5	158.0	0	1500	131	0	1
5	158.0	0	1500	131	0	1
5	157.0	0	1500	131	0	1
5	158.0	0	1500	131	0	1
5	157.0	0	1500	131	0	1
5	157.0	0	1500	131	0	1
5	158.0	0	1500	131	0	0
5	65.0	0	1500	131	0	0
5	65.0	0	1500	131	0	0
5	65.0	0	1500	131	0	0
5	65.0	0	1500	131	0	0
6	98.0	0	1500	263	0	1
6	168.0	0	1500	263	0	1
6	169.0	0	1500	263	0	1
6	168.0	0	1500	263	0	1
6	168.0	0	1500	263	0	1
6	170.0	0	1500	263	0	1
6	168.0	0	1500	263	0	1
6	170.0	0	1500	263	0	1
6	169.0	0	1500	263	0	1
6	168.0	0	1500	263	0	1
6	170.0	0	1500	263	0	1
6	169.0	0	1500	263	0	1
6	168.0	0	1500	263	0	1
6	170.0	0	1500	263	0	1
6	168.0	0	1500	263	0	1
6	170.0	0	1500	263	0	1
6	170.0	0	1500	263	0	1
6	168.0	0	1500	263	0	1
6	170.0	0	1500	263	0	1
6	170.0	0	1500	263	0	1
6	168.0	0	1500	263	0	0
6	65.0	0	1500	263	0	0
6	65.0	0	1500	263	0	0
6	65.0	0	1500	263	0	0
6	65.0	0	1500	263	0	0
7	65.0	0	1500	394	0	1
7	182.0	0	1500	394	0	1
7	181.0	0	1500	394	0	1
7	182.0	0	1500	394	0	1
7	181.0	0	1500	394	0	1
7	181.0	0	1500	394	0	1
7	182.0	0	1500	394	0	1
7	181.0	0	1500	394	0	1
7	181.0	0	1500	394	0	1
7	182.0	0	1500	394	0	1
7	180.0	0	1500	394	0	1
7	182.0	0	1500	394	0	1
7	181.0	0	1500	394	0	1
7	181.0	0	1500	394	0	1
7	182.0	0	1500	394	0	1
7	182.0	0	1500	394	0	1
7	180.0	0	1500	394	0	1
7	182.0	0	1500	394	0	1
7	180.0	0	1500	394	0	1
7	182.0	0	1500	394	0	1
7	182.0	0	1500	394	0	0
7	65.0	0	1500	394	0	0
7	65.0	0	1500	394	0	0
7	65.0	0	1500	394	0	0
7	65.0	0	1500	394	0	0
8	143.0	0	1500	526	0	1
8	196.0	0	1500	526	0	1
8	197.0	0	1500	526	0	1
8	195.0	0	1500	526	0	1
8	196.0	0	1500	526	0	1
8	196.0	0	1500	526	0	1
8	194.0	0	1500	526	0	1
8	196.0	0	1500	526	0	1
8	195.0	0	1500	526	0	1
8	196.0	0	1500	526	0	1
8	196.0	0	1500	526	0	1
8	194.0	0	1500	526	0	1
8	195.0	0	1500	526	0	1
8	196.0	0	1500	526	0	1
8	194.0	0	1500	526	0	1
8	196.0	0	1500	526	0	1
8	194.0	0	1500	526	0	1
8	195.0	0	1500	526	0	1
8	196.0	0	1500	526	0	1
8	194.0	0	1500	526	0	1
8	194.0	0	1500	526	0	0
8	65.0	0	1500	526	0	0
8	65.0	0	1500	526	0	0
8	65.0	0	1500	526	0	0
8	65.0	0	1500	526	0	0
9	65.0	0	1500	657	0	1
9	209.0	0	1500	657	0	1
9	208.0	0	1500	657	0	1
9	210.0	0	1500	657	0	1
9	209.0	0	1500	657	0	1
9	210.0	0	1500	657	0	1
9	210.0	0	1500	657	0	1
9	208.0	0	1500	657	0	1
9	210.0	0	1500	657	0	1
9	210.0	0	1500	657	0	1
9	208.0	0	1500	657	0	1
9	210.0	0	1500	657	0	1
9	208.0	0	1500	657	0	1
9	210.0	0	1500	657	0	1
9	210.0	0	1500	657	0	1
9	208.0	0	1500	657	0	1
9	209.0	0	1500	657	0	1
9	210.0	0	1500	657	0	1
9	208.0	0	1500	657	0	1
9	210.0	0	1500	657	0	1
9	186.0	0	1500	657	0	0
9	65.0	0	1500	657	0	0
9	65.0	0	1500	657	0	0
9	65.0	0	1500	657	0	0
9	65.0	0	1500	657	0	0
10	65.0	0	1500	789	0	1
10	192.0	0	1500	789	0	1
10	222.0	0	1500	789	0	1
10	222.0	0	1500	789	0	1
10	224.0	0	1500	789	0	1
10	223.0	0	1500	789	0	1
10	222.0	0	1500	789	0	1
10	224.0	0	1500	789	0	1
10	224.0	0	1500	789	0	1
10	224.0	0	1500	789	0	1
10	224.0	0	1500	789	0	1
10	222.0	0	1500	789	0	1
10	224.0	0	1500	789	0	1
10	224.0	0	1500	789	0	1
10	222.0	0	1500	789	0	1
10	224.0	0	1500	789	0	1
10	222.0	0	1500	789	0	1
10	223.0	0	1500	789	0	1
10	224.0	0	1500	789	0	1
10	222.0	0	1500	789	0	1
10	222.0	0	1500	789	0	0
10	65.0	0	1500	789	0	0
10	65.0	0	1500	789	0	0
10	65.0	0	1500	789	0	0
10	65.0	0	1500	789	0	0
11	65.0	0	1500	921	0	1
11	236.0	0	1500	921	0	1
11	238.0	0	1500	921	0	1
11	238.0	0	1500	921	0	1
11	236.0	0	1500	921	0	1
11	236.0	0	1500	921	0	1
11	235.0	0	1500	921	0	1
11	236.0	0	1500	921	0	1
11	238.0	0	1500	921	0	1
11	236.0	0	1500	921	0	1
11	236.0	0	1500	921	0	1
11	238.0	0	1500	921	0	1
11	236.0	0	1500	921	0	1
11	239.0	0	1500	921	0	1
11	239.0	0	1500	921	0	1
11	236.0	0	1500	921	0	1
11	238.0	0	1500	921	0	1
11	238.0	0	1500	921	0	1
11	236.0	0	1500	921	0	1
11	238.0	0	1500	921	0	1
11	238.0	0	1500	921	0	0
11	65.0	0	1500	921	0	0
11	66.0	0	1500	921	0	0
11	66.0	0	1500	921	0	0
11	66.0	0	1500	921	0	0
12	66.0	0	1500	1052	0	1
12	253.0	0	1500	1052	0	1
12	253.0	0	1500	1052	0	1
12	253.0	0	1500	1052	0	1
12	253.0	0	1500	1052	0	1
12	251.0	0	1500	1052	0	1
12	253.0	0	1500	1052	0	1
12	253.0	0	1500	1052	0	1
12	250.0	0	1500	1052	0	1
12	251.0	0	1500	1052	0	1
12	251.0	0	1500	1052	0	1
12	251.0	0	1500	1052	0	1
12	253.0	0	1500	1052	0	1
12	251.0	0	1500	1052	0	1
12	251.0	0	1500	1052	0	1
12	253.0	0	1500	1052	0	1
12	251.0	0	1500	1052	0	1
12	251.0	0	1500	1052	0	1
12	252.0	0	1500	1052	0	1
12	251.0	0	1500	1052	0	1
12	253.0	0	1500	1052	0	0
12	66.0	0	1500	1052	0	0
12	66.0	0	1500	1052	0	0
12	66.0	0	1500	1052	0	0
12	66.0	0	1500	1052	0	0
13	66.0	0	1500	1184	0	1
13	264.0	0	1500	1184	0	1
13	267.0	0	1500	1184	0	1
13	267.0	0	1500	1184	0	1
13	264.0	0	1500	1184	0	1
13	267.0	0	1500	1184	0	1
13	267.0	0	1500	1184	0	1
13	267.0	0	1500	1184	0	1
13	266.0	0	1500	1184	0	1
13	264.0	0	1500	1184	0	1
13	264.0	0	1500	1184	0	1
13	266.0	0	1500	1184	0	1
13	264.0	0	1500	1184	0	1
13	264.0	0	1500	1184	0	1
13	266.0	0	1500	1184	0	1
13	264.0	0	1500	1184	0	1
13	266.0	0	1500	1184	0	1
13	264.0	0	1500	1184	0	1
13	264.0	0	1500	1184	0	1
13	267.0	0	1500	1184	0	1
13	265.0	0	1500	1184	0	0
13	136.0	0	1500	1184	0	0
13	66.0	0	1500	1184	0	0
13	66.0	0	1500	1184	0	0
13	66.0	0	1500	1184	0	0
14	66.0	0	1500	1315	0	1
14	280.0	0	1500	1315	0	1
14	276.0	0	1500	1315	0	1
14	277.0	0	1500	1315	0	1
14	277.0	0	1500	1315	0	1
14	277.0	0	1500	1315	0	1
14	280.0	0	1500	1315	0	1
14	280.0	0	1500	1315	0	1
14	277.0	0	1500	1315	0	1
14	280.0	0	1500	1315	0	1
14	280.0	0	1500	1315	0	1
14	276.0	0	1500	1315	0	1
14	280.0	0	1500	1315	0	1
14	277.0	0	1500	1315	0	1
14	280.0	0	1500	1315	0	1
14	280.0	0	1500	1315	0	1
14	277.0	0	1500	1315	0	1
14	279.0	0	1500	1315	0	1
14	280.0	0	1500	1315	0	1
14	277.0	0	1500	1315	0	1
14	280.0	0	1500	1315	0	0
14	66.0	0	1500	1315	0	0
14	66.0	0	1500	1315	0	0
14	66.0	0	1500	1315	0	0
14	66.0	0	1500	1315	0	0
15	66.0	0	1500	1447	0	1
15	291.0	0	1500	1447	0	1
15	293.0	0	1500	1447	0	1
15	289.0	0	1500	1447	0	1
15	291.0	0	1500	1447	0	1
15	293.0	0	1500	1447	0	1
15	290.0	0	1500	1447	0	1
15	291.0	0	1500	1447	0	1
15	293.0	0	1500	1447	0	1
15	290.0	0	1500	1447	0	1
15	293.0	0	1500	1447	0	1
15	291.0	0	1500	1447	0	1
15	290.0	0	1500	1447	0	1
15	293.0	0	1500	1447	0	1
15	293.0	0	1500	1447	0	1
15	291.0	0	1500	1447	0	1
15	293.0	0	1500	1447	0	1
15	290.0	0	1500	1447	0	1
15	293.0	0	1500	1447	0	1
15	293.0	0	1500	1447	0	1
15	291.0	0	1500	1447	0	0
15	66.0	0	1500	1447	0	0
15	66.0	0	1500	1447	0	0
15	66.0	0	1500	1447	0	0
15	66.0	0	1500	1447	0	0
16	66.0	0	1500	1578	0	1
16	306.0	0	1500	1578	0	1
16	303.0	0	1500	1578	0	1
16	303.0	0	1500	1578	0	1
16	306.0	0	1500	1578	0	1
16	303.0	0	1500	1578	0	1
16	306.0	0	1500	1578	0	1
16	304.0	0	1500	1578	0	1
16	302.0	0	1500	1578	0	1
16	306.0	0	1500	1578	0	1
16	303.0	0	1500	1578	0	1
16	303.0	0	1500	1578	0	1
16	306.0	0	1500	1578	0	1
16	303.0	0	1500	1578	0	1
16	306.0	0	1500	1578	0	1
16	306.0	0	1500	1578	0	1
16	304.0	0	1500	1578	0	1
16	306.0	0	1500	1578	0	1
16	306.0	0	1500	1578	0	1
16	303.0	0	1500	1578	0	1
16	306.0	0	1500	1578	0	0
16	66.0	0	1500	1578	0	0
16	66.0	0	1500	1578	0	0
16	66.0	0	1500	1578	0	0
16	66.0	0	1500	1578	0	0
17	66.0	0	1500	1710	0	1
17	217.0	0	1500	1710	0	1
17	320.0	0	1500	1710	0	1
17	316.0	0	1500	1710	0	1
17	320.0	0	1500	1710	0	1
17	319.0	0	1500	1710	0	1
17	316.0	0	1500	1710	0	1
17	319.0	0	1500	1710	0	1
17	320.0	0	1500	1710	0	1
17	317.0	0	1500	1710	0	1
17	320.0	0	1500	1710	0	1
17	317.0	0	1500	1710	0	1
17	315.0	0	1500	1710	0	1
17	320.0	0	1500	1710	0	1
17	317.0	0	1500	1710	0	1
17	317.0	0	1500	1710	0	1
17	320.0	0	1500	1710	0	1
17	317.0	0	1500	1710	0	1
17	320.0	0	1500	1710	0	1
17	317.0	0	1500	1710	0	1
17	317.0	0	1500	1710	0	0
17	66.0	0	1500	1710	0	0
17	66.0	0	1500	1710	0	0
17	66.0	0	1500	1710	0	0
17	66.0	0	1500	1710	0	0
18	66.0	0	1500	1842	0	1
18	330.0	0	1500	1842	0	1
18	330.0	0	1500	1842	0	1
18	333.0	0	1500	1842	0	1
18	330.0	0	1500	1842	0	1
18	329.0	0	1500	1842	0	1
18	333.0	0	1500	1842	0	1
18	330.0	0	1500	1842	0	1
18	333.0	0	1500	1842	0	1
18	333.0	0	1500	1842	0	1
18	330.0	0	1500	1842	0	1
18	333.0	0	1500	1842	0	1
18	333.0	0	1500	1842	0	1
18	330.0	0	1500	1842	0	1
18	333.0	0	1500	1842	0	1
18	330.0	0	1500	1842	0	1
18	330.0	0	1500	1842	0	1
18	333.0	0	1500	1842	0	1
18	330.0	0	1500	1842	0	1
18	330.0	0	1500	1842	0	1
18	333.0	0	1500	1842	0	0
18	288.0	0	1500	1842	0	0
18	66.0	0	1500	1842	0	0
18	66.0	0	1500	1842	0	0
18	66.0	0	1500	1842	0	0
19	66.0	0	1500	1973	0	1
19	289.0	0	1500	1973	0	1
19	346.0	0	1500	1973	0	1
19	343.0	0	1500	1973	0	1
19	346.0	0	1500	1973	0	1
19	344.0	0	1500	1973	0	1
19	343.0	0	1500	1973	0	1
19	346.0	0	1500	1973	0	1
19	346.0	0	1500	1973	0	1
19	343.0	0	1500	1973	0	1
19	346.0	0	1500	1973	0	1
19	343.0	0	1500	1973	0	1
19	347.0	0	1500	1973	0	1
19	346.0	0	1500	1973	0	1
19	343.0	0	1500	1973	0	1
19	348.0	0	1500	1973	0	1
19	346.0	0	1500	1973	0	1
19	343.0	0	1500	1973	0	1
19	343.0	0	1500	1973	0	1
19	343.0	0	1500	1973	0	1
19	343.0	0	1500	1973	0	0
19	66.0	0	1500	1973	0	0
19	66.0	0	1500	1973	0	0
19	66.0	0	1500	1973	0	0
19	66.0	0	1500	1973	0	0
20	66.0	0	1500	2105	0	1
20	357.0	0	1500	2105	0	1
20	359.0	0	1500	2105	0	1
20	360.0	0	1500	2105	0	1
20	357.0	0	1500	2105	0	1
20	356.0	0	1500	2105	0	1
20	360.0	0	1500	2105	0	1
20	357.0	0	1500	2105	0	1
20	360.0	0	1500	2105	0	1
20	357.0	0	1500	2105	0	1
20	356.0	0	1500	2105	0	1
20	360.0	0	1500	2105	0	1
20	357.0	0	1500	2105	0	1
20	356.0	0	1500	2105	0	1
20	360.0	0	1500	2105	0	1
20	360.0	0	1500	2105	0	1
20	361.0	0	1500	2105	0	1
20	360.0	0	1500	2105	0	1
20	356.0	0	1500	2105	0	1
20	361.0	0	1500	2105	0	1
20	360.0	0	1500	2105	0	0
20	228.0	0	1500	2105	0	0
20	66.0	0	1500	2105	0	0
20	66.0	0	1500	2105	0	0
20	66.0	0	1500	2105	0	0
21	66.0	0	1500	2236	0	1
21	373.0	0	1500	2236	0	1
21	373.0	0	1500	2236	0	1
21	370.0	0	1500	2236	0	1
21	373.0	0	1500	2236	0	1
21	370.0	0	1500	2236	0	1
21	373.0	0	1500	2236	0	1
21	373.0	0	1500	2236	0	1
21	370.0	0	1500	2236	0	1
21	369.0	0	1500	2236	0	1
21	373.0	0	1500	2236	0	1
21	370.0	0	1500	2236	0	1
21	369.0	0	1500	2236	0	1
21	370.0	0	1500	2236	0	1
21	370.0	0	1500	2236	0	1
21	373.0	0	1500	2236	0	1
21	370.0	0	1500	2236	0	1
21	369.0	0	1500	2236	0	1
21	375.0	0	1500	2236	0	1
21	371.0	0	1500	2236	0	1
21	375.0	0	1500	2236	0	0
21	66.0	0	1500	2236	0	0
21	66.0	0	1500	2236	0	0
21	66.0	0	1500	2236	0	0
21	66.0	0	1500	2236	0	0
22	66.0	0	1500	2368	0	1
22	66.0	0	1500	2368	0	1
22	387.0	0	1500	2368	0	1
22	387.0	0	1500	2368	0	1
22	383.0	0	1500	2368	0	1
22	387.0	0	1500	2368	0	1
22	387.0	0	1500	2368	0	1
22	383.0	0	1500	2368	0	1
22	388.0	0	1500	2368	0	1
22	387.0	0	1500	2368	0	1
22	383.0	0	1500	2368	0	1
22	387.0	0	1500	2368	0	1
22	383.0	0	1500	2368	0	1
22	383.0	0	1500	2368	0	1
22	387.0	0	1500	2368	0	1
22	383.0	0	1500	2368	0	1
22	383.0	0	1500	2368	0	1
22	383.0	0	1500	2368	0	1
22	383.0	0	1500	2368	0	1
22	387.0	0	1500	2368	0	1
22	385.0	0	1500	2368	0	0
22	179.0	0	1500	2368	0	0
22	66.0	0	1500	2368	0	0
22	66.0	0	1500	2368	0	0
22	66.0	0	1500	2368	0	0
23	66.0	0	1500	2500	0	1
23	400.0	0	1500	2500	0	1
23	397.0	0	1500	2500	0	1
23	396.0	0	1500	2500	0	1
23	400.0	0	1500	2500	0	1
23	396.0	0	1500	2500	0	1
23	396.0	0	1500	2500	0	1
23	400.0	0	1500	2500	0	1
23	396.0	0	1500	2500	0	1
23	400.0	0	1500	2500	0	1
23	400.0	0	1500	2500	0	1
23	396.0	0	1500	2500	0	1
23	402.0	0	1500	2500	0	1
23	400.0	0	1500	2500	0	1
23	400.0	0	1500	2500	0	1
23	400.0	0	1500	2500	0	1
23	396.0	0	1500	2500	0	1
23	400.0	0	1500	2500	0	1
23	400.0	0	1500	2500	0	1
23	396.0	0	1500	2500	0	1
