Stim	Lux	Yellow	Red	Blue	Blue2	Trig
1	215.0	1800	0	0	0	1
1	229.0	1800	0	0	0	1
1	230.0	1800	0	0	0	1
1	230.0	1800	0	0	0	1
1	229.0	1800	0	0	0	1
1	230.0	1800	0	0	0	1
1	229.0	1800	0	0	0	1
1	229.0	1800	0	0	0	1
1	229.0	1800	0	0	0	1
1	229.0	1800	0	0	0	1
1	230.0	1800	0	0	0	1
1	229.0	1800	0	0	0	1
1	229.0	1800	0	0	0	1
1	229.0	1800	0	0	0	1
1	229.0	1800	0	0	0	1
1	229.0	1800	0	0	0	1
1	229.0	1800	0	0	0	1
1	229.0	1800	0	0	0	1
1	229.0	1800	0	0	0	1
1	229.0	1800	0	0	0	1
1	229.0	1800	0	0	0	0
1	67.0	1800	0	0	0	0
1	67.0	1800	0	0	0	0
1	67.0	1800	0	0	0	0
1	67.0	1800	0	0	0	0
2	125.0	1800	0	0	0	1
2	229.0	1800	0	0	0	1
2	229.0	1800	0	0	0	1
2	229.0	1800	0	0	0	1
2	229.0	1800	0	0	0	1
2	229.0	1800	0	0	0	1
2	229.0	1800	0	0	0	1
2	229.0	1800	0	0	0	1
2	229.0	1800	0	0	0	1
2	229.0	1800	0	0	0	1
2	229.0	1800	0	0	0	1
2	230.0	1800	0	0	0	1
2	229.0	1800	0	0	0	1
2	229.0	1800	0	0	0	1
2	229.0	1800	0	0	0	1
2	229.0	1800	0	0	0	1
2	229.0	1800	0	0	0	1
2	230.0	1800	0	0	0	1
2	229.0	1800	0	0	0	1
2	229.0	1800	0	0	0	1
2	118.0	1800	0	0	0	0
2	67.0	1800	0	0	0	0
2	67.0	1800	0	0	0	0
2	67.0	1800	0	0	0	0
2	67.0	1800	0	0	0	0
3	67.0	1800	0	0	0	1
3	229.0	1800	0	0	0	1
3	230.0	1800	0	0	0	1
3	229.0	1800	0	0	0	1
3	229.0	1800	0	0	0	1
3	229.0	1800	0	0	0	1
3	229.0	1800	0	0	0	1
3	229.0	1800	0	0	0	1
3	229.0	1800	0	0	0	1
3	229.0	1800	0	0	0	1
3	229.0	1800	0	0	0	1
3	229.0	1800	0	0	0	1
3	229.0	1800	0	0	0	1
3	229.0	1800	0	0	0	1
3	229.0	1800	0	0	0	1
3	229.0	1800	0	0	0	1
3	229.0	1800	0	0	0	1
3	229.0	1800	0	0	0	1
3	229.0	1800	0	0	0	1
3	229.0	1800	0	0	0	1
3	207.0	1800	0	0	0	0
3	67.0	1800	0	0	0	0
3	67.0	1800	0	0	0	0
3	67.0	1800	0	0	0	0
3	67.0	1800	0	0	0	0
4	67.0	1800	0	0	0	1
4	148.0	1800	0	0	0	1
4	148.0	1800	0	0	0	1
4	149.0	1800	0	0	0	1
4	148.0	1800	0	0	0	1
4	149.0	1800	0	0	0	1
4	148.0	1800	0	0	0	1
4	148.0	1800	0	0	0	1
4	149.0	1800	0	0	0	1
4	148.0	1800	0	0	0	1
4	148.0	1800	0	0	0	1
4	149.0	1800	0	0	0	1
4	147.0	1800	0	0	0	1
4	148.0	1800	0	0	0	1
4	147.0	1800	0	0	0	1
4	148.0	1800	0	0	0	1
4	148.0	1800	0	0	0	1
4	147.0	1800	0	0	0	1
4	147.0	1800	0	0	0	1
4	148.0	1800	0	0	0	1
4	96.0	1800	0	0	0	0
4	67.0	1800	0	0	0	0
4	67.0	1800	0	0	0	0
4	67.0	1800	0	0	0	0
4	67.0	1800	0	0	0	0
5	67.0	1800	0	131	0	1
5	152.0	1800	0	131	0	1
5	151.0	1800	0	131	0	1
5	151.0	1800	0	131	0	1
5	151.0	1800	0	131	0	1
5	151.0	1800	0	131	0	1
5	152.0	1800	0	131	0	1
5	152.0	1800	0	131	0	1
5	150.0	1800	0	131	0	1
5	152.0	1800	0	131	0	1
5	151.0	1800	0	131	0	1
5	152.0	1800	0	131	0	1
5	152.0	1800	0	131	0	1
5	150.0	1800	0	131	0	1
5	151.0	1800	0	131	0	1
5	151.0	1800	0	131	0	1
5	151.0	1800	0	131	0	1
5	152.0	1800	0	131	0	1
5	150.0	1800	0	131	0	1
5	150.0	1800	0	131	0	1
5	151.0	1800	0	131	0	0
5	67.0	1800	0	131	0	0
5	67.0	1800	0	131	0	0
5	67.0	1800	0	131	0	0
5	67.0	1800	0	131	0	0
6	97.0	1800	0	263	0	1
6	162.0	1800	0	263	0	1
6	163.0	1800	0	263	0	1
6	162.0	1800	0	263	0	1
6	162.0	1800	0	263	0	1
6	163.0	1800	0	263	0	1
6	161.0	1800	0	263	0	1
6	163.0	1800	0	263	0	1
6	162.0	1800	0	263	0	1
6	161.0	1800	0	263	0	1
6	163.0	1800	0	263	0	1
6	162.0	1800	0	263	0	1
6	161.0	1800	0	263	0	1
6	163.0	1800	0	263	0	1
6	162.0	1800	0	263	0	1
6	163.0	1800	0	263	0	1
6	163.0	1800	0	263	0	1
6	162.0	1800	0	263	0	1
6	163.0	1800	0	263	0	1
6	163.0	1800	0	263	0	1
6	161.0	1800	0	263	0	0
6	67.0	1800	0	263	0	0
6	67.0	1800	0	263	0	0
6	67.0	1800	0	263	0	0
6	67.0	1800	0	263	0	0
7	67.0	1800	0	394	0	1
7	176.0	1800	0	394	0	1
7	175.0	1800	0	394	0	1
7	176.0	1800	0	394	0	1
7	175.0	1800	0	394	0	1
7	174.0	1800	0	394	0	1
7	176.0	1800	0	394	0	1
7	174.0	1800	0	394	0	1
7	174.0	1800	0	394	0	1
7	176.0	1800	0	394	0	1
7	174.0	1800	0	394	0	1
7	176.0	1800	0	394	0	1
7	175.0	1800	0	394	0	1
7	174.0	1800	0	394	0	1
7	176.0	1800	0	394	0	1
7	176.0	1800	0	394	0	1
7	174.0	1800	0	394	0	1
7	176.0	1800	0	394	0	1
7	174.0	1800	0	394	0	1
7	176.0	1800	0	394	0	1
7	176.0	1800	0	394	0	0
7	67.0	1800	0	394	0	0
7	67.0	1800	0	394	0	0
7	67.0	1800	0	394	0	0
7	67.0	1800	0	394	0	0
8	140.0	1800	0	526	0	1
8	190.0	1800	0	526	0	1
8	190.0	1800	0	526	0	1
8	188.0	1800	0	526	0	1
8	190.0	1800	0	526	0	1
8	190.0	1800	0	526	0	1
8	188.0	1800	0	526	0	1
8	190.0	1800	0	526	0	1
8	188.0	1800	0	526	0	1
8	189.0	1800	0	526	0	1
8	190.0	1800	0	526	0	1
8	188.0	1800	0	526	0	1
8	188.0	1800	0	526	0	1
8	190.0	1800	0	526	0	1
8	188.0	1800	0	526	0	1
8	190.0	1800	0	526	0	1
8	188.0	1800	0	526	0	1
8	188.0	1800	0	526	0	1
8	190.0	1800	0	526	0	1
8	188.0	1800	0	526	0	1
8	188.0	1800	0	526	0	0
8	67.0	1800	0	526	0	0
8	67.0	1800	0	526	0	0
8	67.0	1800	0	526	0	0
8	67.0	1800	0	526	0	0
9	67.0	1800	0	657	0	1
9	202.0	1800	0	657	0	1
9	202.0	1800	0	657	0	1
9	204.0	1800	0	657	0	1
9	203.0	1800	0	657	0	1
9	204.0	1800	0	657	0	1
9	204.0	1800	0	657	0	1
9	202.0	1800	0	657	0	1
9	204.0	1800	0	657	0	1
9	204.0	1800	0	657	0	1
9	202.0	1800	0	657	0	1
9	204.0	1800	0	657	0	1
9	202.0	1800	0	657	0	1
9	204.0	1800	0	657	0	1
9	204.0	1800	0	657	0	1
9	201.0	1800	0	657	0	1
9	202.0	1800	0	657	0	1
9	204.0	1800	0	657	0	1
9	202.0	1800	0	657	0	1
9	204.0	1800	0	657	0	1
9	180.0	1800	0	657	0	0
9	67.0	1800	0	657	0	0
9	67.0	1800	0	657	0	0
9	67.0	1800	0	657	0	0
9	67.0	1800	0	657	0	0
10	67.0	1800	0	789	0	1
10	187.0	1800	0	789	0	1
10	215.0	1800	0	789	0	1
10	215.0	1800	0	789	0	1
10	217.0	1800	0	789	0	1
10	215.0	1800	0	789	0	1
10	215.0	1800	0	789	0	1
10	217.0	1800	0	789	0	1
10	217.0	1800	0	789	0	1
10	217.0	1800	0	789	0	1
10	217.0	1800	0	789	0	1
10	215.0	1800	0	789	0	1
10	217.0	1800	0	789	0	1
10	217.0	1800	0	789	0	1
10	215.0	1800	0	789	0	1
10	217.0	1800	0	789	0	1
10	215.0	1800	0	789	0	1
10	215.0	1800	0	789	0	1
10	217.0	1800	0	789	0	1
10	215.0	1800	0	789	0	1
10	215.0	1800	0	789	0	0
10	67.0	1800	0	789	0	0
10	67.0	1800	0	789	0	0
10	67.0	1800	0	789	0	0
10	67.0	1800	0	789	0	0
11	67.0	1800	0	921	0	1
11	228.0	1800	0	921	0	1
11	230.0	1800	0	921	0	1
11	230.0	1800	0	921	0	1
11	228.0	1800	0	921	0	1
11	228.0	1800	0	921	0	1
11	228.0	1800	0	921	0	1
11	228.0	1800	0	921	0	1
11	230.0	1800	0	921	0	1
11	227.0	1800	0	921	0	1
11	228.0	1800	0	921	0	1
11	230.0	1800	0	921	0	1
11	228.0	1800	0	921	0	1
11	230.0	1800	0	921	0	1
11	230.0	1800	0	921	0	1
11	228.0	1800	0	921	0	1
11	230.0	1800	0	921	0	1
11	230.0	1800	0	921	0	1
11	228.0	1800	0	921	0	1
11	230.0	1800	0	921	0	1
11	230.0	1800	0	921	0	0
11	67.0	1800	0	921	0	0
11	67.0	1800	0	921	0	0
11	67.0	1800	0	921	0	0
11	67.0	1800	0	921	0	0
12	67.0	1800	0	1052	0	1
12	243.0	1800	0	1052	0	1
12	243.0	1800	0	1052	0	1
12	243.0	1800	0	1052	0	1
12	243.0	1800	0	1052	0	1
12	241.0	1800	0	1052	0	1
12	243.0	1800	0	1052	0	1
12	243.0	1800	0	1052	0	1
12	240.0	1800	0	1052	0	1
12	242.0	1800	0	1052	0	1
12	241.0	1800	0	1052	0	1
12	241.0	1800	0	1052	0	1
12	243.0	1800	0	1052	0	1
12	241.0	1800	0	1052	0	1
12	242.0	1800	0	1052	0	1
12	243.0	1800	0	1052	0	1
12	241.0	1800	0	1052	0	1
12	241.0	1800	0	1052	0	1
12	241.0	1800	0	1052	0	1
12	241.0	1800	0	1052	0	1
12	243.0	1800	0	1052	0	0
12	67.0	1800	0	1052	0	0
12	67.0	1800	0	1052	0	0
12	67.0	1800	0	1052	0	0
12	67.0	1800	0	1052	0	0
13	67.0	1800	0	1184	0	1
13	255.0	1800	0	1184	0	1
13	257.0	1800	0	1184	0	1
13	257.0	1800	0	1184	0	1
13	254.0	1800	0	1184	0	1
13	257.0	1800	0	1184	0	1
13	257.0	1800	0	1184	0	1
13	257.0	1800	0	1184	0	1
13	257.0	1800	0	1184	0	1
13	254.0	1800	0	1184	0	1
13	255.0	1800	0	1184	0	1
13	257.0	1800	0	1184	0	1
13	255.0	1800	0	1184	0	1
13	254.0	1800	0	1184	0	1
13	256.0	1800	0	1184	0	1
13	254.0	1800	0	1184	0	1
13	257.0	1800	0	1184	0	1
13	255.0	1800	0	1184	0	1
13	255.0	1800	0	1184	0	1
13	256.0	1800	0	1184	0	1
13	255.0	1800	0	1184	0	0
13	133.0	1800	0	1184	0	0
13	67.0	1800	0	1184	0	0
13	67.0	1800	0	1184	0	0
13	67.0	1800	0	1184	0	0
14	67.0	1800	0	1315	0	1
14	270.0	1800	0	1315	0	1
14	266.0	1800	0	1315	0	1
14	268.0	1800	0	1315	0	1
14	267.0	1800	0	1315	0	1
14	268.0	1800	0	1315	0	1
14	270.0	1800	0	1315	0	1
14	270.0	1800	0	1315	0	1
14	268.0	1800	0	1315	0	1
14	270.0	1800	0	1315	0	1
14	270.0	1800	0	1315	0	1
14	266.0	1800	0	1315	0	1
14	270.0	1800	0	1315	0	1
14	268.0	1800	0	1315	0	1
14	270.0	1800	0	1315	0	1
14	270.0	1800	0	1315	0	1
14	268.0	1800	0	1315	0	1
14	269.0	1800	0	1315	0	1
14	270.0	1800	0	1315	0	1
14	267.0	1800	0	1315	0	1
14	270.0	1800	0	1315	0	0
14	67.0	1800	0	1315	0	0
14	67.0	1800	0	1315	0	0
14	67.0	1800	0	1315	0	0
14	67.0	1800	0	1315	0	0
15	67.0	1800	0	1447	0	1
15	281.0	1800	0	1447	0	1
15	283.0	1800	0	1447	0	1
15	280.0	1800	0	1447	0	1
15	281.0	1800	0	1447	0	1
15	283.0	1800	0	1447	0	1
15	281.0	1800	0	1447	0	1
15	281.0	1800	0	1447	0	1
15	283.0	1800	0	1447	0	1
15	280.0	1800	0	1447	0	1
15	283.0	1800	0	1447	0	1
15	281.0	1800	0	1447	0	1
15	280.0	1800	0	1447	0	1
15	283.0	1800	0	1447	0	1
15	283.0	1800	0	1447	0	1
15	281.0	1800	0	1447	0	1
15	283.0	1800	0	1447	0	1
15	281.0	1800	0	1447	0	1
15	283.0	1800	0	1447	0	1
15	283.0	1800	0	1447	0	1
15	281.0	1800	0	1447	0	0
15	67.0	1800	0	1447	0	0
15	67.0	1800	0	1447	0	0
15	67.0	1800	0	1447	0	0
15	67.0	1800	0	1447	0	0
16	67.0	1800	0	1578	0	1
16	297.0	1800	0	1578	0	1
16	293.0	1800	0	1578	0	1
16	294.0	1800	0	1578	0	1
16	296.0	1800	0	1578	0	1
16	294.0	1800	0	1578	0	1
16	296.0	1800	0	1578	0	1
16	294.0	1800	0	1578	0	1
16	293.0	1800	0	1578	0	1
16	296.0	1800	0	1578	0	1
16	294.0	1800	0	1578	0	1
16	293.0	1800	0	1578	0	1
16	296.0	1800	0	1578	0	1
16	294.0	1800	0	1578	0	1
16	296.0	1800	0	1578	0	1
16	296.0	1800	0	1578	0	1
16	294.0	1800	0	1578	0	1
16	296.0	1800	0	1578	0	1
16	296.0	1800	0	1578	0	1
16	294.0	1800	0	1578	0	1
16	296.0	1800	0	1578	0	0
16	67.0	1800	0	1578	0	0
16	67.0	1800	0	1578	0	0
16	67.0	1800	0	1578	0	0
16	67.0	1800	0	1578	0	0
17	67.0	1800	0	1710	0	1
17	212.0	1800	0	1710	0	1
17	310.0	1800	0	1710	0	1
17	306.0	1800	0	1710	0	1
17	310.0	1800	0	1710	0	1
17	310.0	1800	0	1710	0	1
17	306.0	1800	0	1710	0	1
17	310.0	1800	0	1710	0	1
17	310.0	1800	0	1710	0	1
17	307.0	1800	0	1710	0	1
17	310.0	1800	0	1710	0	1
17	307.0	1800	0	1710	0	1
17	306.0	1800	0	1710	0	1
17	310.0	1800	0	1710	0	1
17	307.0	1800	0	1710	0	1
17	307.0	1800	0	1710	0	1
17	310.0	1800	0	1710	0	1
17	307.0	1800	0	1710	0	1
17	310.0	1800	0	1710	0	1
17	307.0	1800	0	1710	0	1
17	307.0	1800	0	1710	0	0
17	67.0	1800	0	1710	0	0
17	67.0	1800	0	1710	0	0
17	67.0	1800	0	1710	0	0
17	67.0	1800	0	1710	0	0
18	67.0	1800	0	1842	0	1
18	320.0	1800	0	1842	0	1
18	320.0	1800	0	1842	0	1
18	323.0	1800	0	1842	0	1
18	321.0	1800	0	1842	0	1
18	319.0	1800	0	1842	0	1
18	323.0	1800	0	1842	0	1
18	320.0	1800	0	1842	0	1
18	323.0	1800	0	1842	0	1
18	323.0	1800	0	1842	0	1
18	321.0	1800	0	1842	0	1
18	323.0	1800	0	1842	0	1
18	323.0	1800	0	1842	0	1
18	320.0	1800	0	1842	0	1
18	323.0	1800	0	1842	0	1
18	321.0	1800	0	1842	0	1
18	320.0	1800	0	1842	0	1
18	323.0	1800	0	1842	0	1
18	320.0	1800	0	1842	0	1
18	320.0	1800	0	1842	0	1
18	323.0	1800	0	1842	0	0
18	280.0	1800	0	1842	0	0
18	67.0	1800	0	1842	0	0
18	67.0	1800	0	1842	0	0
18	67.0	1800	0	1842	0	0
19	67.0	1800	0	1973	0	1
19	282.0	1800	0	1973	0	1
19	337.0	1800	0	1973	0	1
19	334.0	1800	0	1973	0	1
19	337.0	1800	0	1973	0	1
19	334.0	1800	0	1973	0	1
19	334.0	1800	0	1973	0	1
19	337.0	1800	0	1973	0	1
19	337.0	1800	0	1973	0	1
19	333.0	1800	0	1973	0	1
19	336.0	1800	0	1973	0	1
19	333.0	1800	0	1973	0	1
19	336.0	1800	0	1973	0	1
19	336.0	1800	0	1973	0	1
19	333.0	1800	0	1973	0	1
19	338.0	1800	0	1973	0	1
19	336.0	1800	0	1973	0	1
19	333.0	1800	0	1973	0	1
19	333.0	1800	0	1973	0	1
19	333.0	1800	0	1973	0	1
19	333.0	1800	0	1973	0	0
19	66.0	1800	0	1973	0	0
19	66.0	1800	0	1973	0	0
19	66.0	1800	0	1973	0	0
19	66.0	1800	0	1973	0	0
20	66.0	1800	0	2105	0	1
20	347.0	1800	0	2105	0	1
20	349.0	1800	0	2105	0	1
20	350.0	1800	0	2105	0	1
20	347.0	1800	0	2105	0	1
20	345.0	1800	0	2105	0	1
20	349.0	1800	0	2105	0	1
20	346.0	1800	0	2105	0	1
20	350.0	1800	0	2105	0	1
20	347.0	1800	0	2105	0	1
20	346.0	1800	0	2105	0	1
20	349.0	1800	0	2105	0	1
20	346.0	1800	0	2105	0	1
20	346.0	1800	0	2105	0	1
20	349.0	1800	0	2105	0	1
20	349.0	1800	0	2105	0	1
20	349.0	1800	0	2105	0	1
20	349.0	1800	0	2105	0	1
20	345.0	1800	0	2105	0	1
20	350.0	1800	0	2105	0	1
20	349.0	1800	0	2105	0	0
20	222.0	1800	0	2105	0	0
20	65.0	1800	0	2105	0	0
20	65.0	1800	0	2105	0	0
20	65.0	1800	0	2105	0	0
21	65.0	1800	0	2236	0	1
21	362.0	1800	0	2236	0	1
21	362.0	1800	0	2236	0	1
21	358.0	1800	0	2236	0	1
21	362.0	1800	0	2236	0	1
21	359.0	1800	0	2236	0	1
21	362.0	1800	0	2236	0	1
21	362.0	1800	0	2236	0	1
21	358.0	1800	0	2236	0	1
21	357.0	1800	0	2236	0	1
21	362.0	1800	0	2236	0	1
21	359.0	1800	0	2236	0	1
21	358.0	1800	0	2236	0	1
21	358.0	1800	0	2236	0	1
21	358.0	1800	0	2236	0	1
21	362.0	1800	0	2236	0	1
21	359.0	1800	0	2236	0	1
21	358.0	1800	0	2236	0	1
21	363.0	1800	0	2236	0	1
21	359.0	1800	0	2236	0	1
21	363.0	1800	0	2236	0	0
21	65.0	1800	0	2236	0	0
21	65.0	1800	0	2236	0	0
21	65.0	1800	0	2236	0	0
21	65.0	1800	0	2236	0	0
22	65.0	1800	0	2368	0	1
22	65.0	1800	0	2368	0	1
22	374.0	1800	0	2368	0	1
22	374.0	1800	0	2368	0	1
22	371.0	1800	0	2368	0	1
22	374.0	1800	0	2368	0	1
22	374.0	1800	0	2368	0	1
22	371.0	1800	0	2368	0	1
22	375.0	1800	0	2368	0	1
22	374.0	1800	0	2368	0	1
22	371.0	1800	0	2368	0	1
22	374.0	1800	0	2368	0	1
22	371.0	1800	0	2368	0	1
22	371.0	1800	0	2368	0	1
22	374.0	1800	0	2368	0	1
22	371.0	1800	0	2368	0	1
22	371.0	1800	0	2368	0	1
22	371.0	1800	0	2368	0	1
22	371.0	1800	0	2368	0	1
22	375.0	1800	0	2368	0	1
22	372.0	1800	0	2368	0	0
22	174.0	1800	0	2368	0	0
22	65.0	1800	0	2368	0	0
22	65.0	1800	0	2368	0	0
22	65.0	1800	0	2368	0	0
23	65.0	1800	0	2500	0	1
23	386.0	1800	0	2500	0	1
23	383.0	1800	0	2500	0	1
23	382.0	1800	0	2500	0	1
23	386.0	1800	0	2500	0	1
23	383.0	1800	0	2500	0	1
23	383.0	1800	0	2500	0	1
23	386.0	1800	0	2500	0	1
23	382.0	1800	0	2500	0	1
23	386.0	1800	0	2500	0	1
23	386.0	1800	0	2500	0	1
23	383.0	1800	0	2500	0	1
23	387.0	1800	0	2500	0	1
23	386.0	1800	0	2500	0	1
23	388.0	1800	0	2500	0	1
23	386.0	1800	0	2500	0	1
23	383.0	1800	0	2500	0	1
23	386.0	1800	0	2500	0	1
23	386.0	1800	0	2500	0	1
23	383.0	1800	0	2500	0	1
