Stim	Lux	Yellow	Red	Blue	Blue2	Trig
1	66.0	0	0	0	0	1
1	66.0	0	0	0	0	1
1	66.0	0	0	0	0	1
1	66.0	0	0	0	0	1
1	66.0	0	0	0	0	1
1	66.0	0	0	0	0	1
1	66.0	0	0	0	0	1
1	66.0	0	0	0	0	1
1	66.0	0	0	0	0	1
1	66.0	0	0	0	0	1
1	66.0	0	0	0	0	1
1	66.0	0	0	0	0	1
1	66.0	0	0	0	0	1
1	66.0	0	0	0	0	1
1	66.0	0	0	0	0	1
1	66.0	0	0	0	0	1
1	66.0	0	0	0	0	1
1	66.0	0	0	0	0	1
1	66.0	0	0	0	0	1
1	66.0	0	0	0	0	1
1	66.0	0	0	0	0	0
1	66.0	0	0	0	0	0
1	66.0	0	0	0	0	0
1	66.0	0	0	0	0	0
1	66.0	0	0	0	0	0
2	66.0	0	0	0	0	1
2	66.0	0	0	0	0	1
2	66.0	0	0	0	0	1
2	66.0	0	0	0	0	1
2	66.0	0	0	0	0	1
2	66.0	0	0	0	0	1
2	66.0	0	0	0	0	1
2	66.0	0	0	0	0	1
2	66.0	0	0	0	0	1
2	66.0	0	0	0	0	1
2	66.0	0	0	0	0	1
2	66.0	0	0	0	0	1
2	66.0	0	0	0	0	1
2	66.0	0	0	0	0	1
2	66.0	0	0	0	0	1
2	66.0	0	0	0	0	1
2	66.0	0	0	0	0	1
2	66.0	0	0	0	0	1
2	66.0	0	0	0	0	1
2	66.0	0	0	0	0	1
2	66.0	0	0	0	0	0
2	66.0	0	0	0	0	0
2	66.0	0	0	0	0	0
2	66.0	0	0	0	0	0
2	66.0	0	0	0	0	0
3	66.0	0	0	0	0	1
3	66.0	0	0	0	0	1
3	66.0	0	0	0	0	1
3	66.0	0	0	0	0	1
3	66.0	0	0	0	0	1
3	66.0	0	0	0	0	1
3	66.0	0	0	0	0	1
3	65.0	0	0	0	0	1
3	66.0	0	0	0	0	1
3	66.0	0	0	0	0	1
3	66.0	0	0	0	0	1
3	66.0	0	0	0	0	1
3	66.0	0	0	0	0	1
3	66.0	0	0	0	0	1
3	66.0	0	0	0	0	1
3	66.0	0	0	0	0	1
3	66.0	0	0	0	0	1
3	66.0	0	0	0	0	1
3	66.0	0	0	0	0	1
3	66.0	0	0	0	0	1
3	66.0	0	0	0	0	0
3	66.0	0	0	0	0	0
3	66.0	0	0	0	0	0
3	66.0	0	0	0	0	0
3	66.0	0	0	0	0	0
4	66.0	0	0	0	500	1
4	100.0	0	0	0	500	1
4	101.0	0	0	0	500	1
4	101.0	0	0	0	500	1
4	100.0	0	0	0	500	1
4	101.0	0	0	0	500	1
4	100.0	0	0	0	500	1
4	101.0	0	0	0	500	1
4	101.0	0	0	0	500	1
4	100.0	0	0	0	500	1
4	100.0	0	0	0	500	1
4	101.0	0	0	0	500	1
4	100.0	0	0	0	500	1
4	101.0	0	0	0	500	1
4	100.0	0	0	0	500	1
4	100.0	0	0	0	500	1
4	101.0	0	0	0	500	1
4	100.0	0	0	0	500	1
4	100.0	0	0	0	500	1
4	101.0	0	0	0	500	1
4	78.0	0	0	0	500	0
4	66.0	0	0	0	500	0
4	66.0	0	0	0	500	0
4	66.0	0	0	0	500	0
4	66.0	0	0	0	500	0
5	66.0	0	0	131	631	1
5	91.0	0	0	131	631	1
5	116.0	0	0	131	631	1
5	115.0	0	0	131	631	1
5	116.0	0	0	131	631	1
5	116.0	0	0	131	631	1
5	115.0	0	0	131	631	1
5	115.0	0	0	131	631	1
5	116.0	0	0	131	631	1
5	115.0	0	0	131	631	1
5	116.0	0	0	131	631	1
5	115.0	0	0	131	631	1
5	115.0	0	0	131	631	1
5	115.0	0	0	131	631	1
5	115.0	0	0	131	631	1
5	115.0	0	0	131	631	1
5	116.0	0	0	131	631	1
5	115.0	0	0	131	631	1
5	116.0	0	0	131	631	1
5	116.0	0	0	131	631	1
5	92.0	0	0	131	631	0
5	66.0	0	0	131	631	0
5	66.0	0	0	131	631	0
5	66.0	0	0	131	631	0
5	66.0	0	0	131	631	0
6	70.0	0	0	263	763	1
6	140.0	0	0	263	763	1
6	139.0	0	0	263	763	1
6	140.0	0	0	263	763	1
6	140.0	0	0	263	763	1
6	139.0	0	0	263	763	1
6	140.0	0	0	263	763	1
6	139.0	0	0	263	763	1
6	140.0	0	0	263	763	1
6	140.0	0	0	263	763	1
6	139.0	0	0	263	763	1
6	140.0	0	0	263	763	1
6	140.0	0	0	263	763	1
6	139.0	0	0	263	763	1
6	140.0	0	0	263	763	1
6	139.0	0	0	263	763	1
6	139.0	0	0	263	763	1
6	140.0	0	0	263	763	1
6	139.0	0	0	263	763	1
6	139.0	0	0	263	763	1
6	140.0	0	0	263	763	0
6	66.0	0	0	263	763	0
6	66.0	0	0	263	763	0
6	66.0	0	0	263	763	0
6	66.0	0	0	263	763	0
7	66.0	0	0	394	894	1
7	157.0	0	0	394	894	1
7	164.0	0	0	394	894	1
7	165.0	0	0	394	894	1
7	164.0	0	0	394	894	1
7	164.0	0	0	394	894	1
7	165.0	0	0	394	894	1
7	164.0	0	0	394	894	1
7	164.0	0	0	394	894	1
7	165.0	0	0	394	894	1
7	164.0	0	0	394	894	1
7	165.0	0	0	394	894	1
7	164.0	0	0	394	894	1
7	164.0	0	0	394	894	1
7	165.0	0	0	394	894	1
7	165.0	0	0	394	894	1
7	164.0	0	0	394	894	1
7	165.0	0	0	394	894	1
7	164.0	0	0	394	894	1
7	165.0	0	0	394	894	1
7	146.0	0	0	394	894	0
7	66.0	0	0	394	894	0
7	66.0	0	0	394	894	0
7	66.0	0	0	394	894	0
7	66.0	0	0	394	894	0
8	88.0	0	0	526	1026	1
8	190.0	0	0	526	1026	1
8	190.0	0	0	526	1026	1
8	190.0	0	0	526	1026	1
8	190.0	0	0	526	1026	1
8	190.0	0	0	526	1026	1
8	191.0	0	0	526	1026	1
8	190.0	0	0	526	1026	1
8	190.0	0	0	526	1026	1
8	190.0	0	0	526	1026	1
8	190.0	0	0	526	1026	1
8	190.0	0	0	526	1026	1
8	190.0	0	0	526	1026	1
8	190.0	0	0	526	1026	1
8	190.0	0	0	526	1026	1
8	190.0	0	0	526	1026	1
8	190.0	0	0	526	1026	1
8	191.0	0	0	526	1026	1
8	190.0	0	0	526	1026	1
8	191.0	0	0	526	1026	1
8	191.0	0	0	526	1026	0
8	66.0	0	0	526	1026	0
8	66.0	0	0	526	1026	0
8	66.0	0	0	526	1026	0
8	66.0	0	0	526	1026	0
9	66.0	0	0	657	1157	1
9	217.0	0	0	657	1157	1
9	217.0	0	0	657	1157	1
9	216.0	0	0	657	1157	1
9	217.0	0	0	657	1157	1
9	216.0	0	0	657	1157	1
9	216.0	0	0	657	1157	1
9	217.0	0	0	657	1157	1
9	216.0	0	0	657	1157	1
9	216.0	0	0	657	1157	1
9	217.0	0	0	657	1157	1
9	216.0	0	0	657	1157	1
9	217.0	0	0	657	1157	1
9	216.0	0	0	657	1157	1
9	216.0	0	0	657	1157	1
9	217.0	0	0	657	1157	1
9	217.0	0	0	657	1157	1
9	216.0	0	0	657	1157	1
9	217.0	0	0	657	1157	1
9	216.0	0	0	657	1157	1
9	108.0	0	0	657	1157	0
9	66.0	0	0	657	1157	0
9	66.0	0	0	657	1157	0
9	66.0	0	0	657	1157	0
9	66.0	0	0	657	1157	0
10	66.0	0	0	789	1289	1
10	157.0	0	0	789	1289	1
10	242.0	0	0	789	1289	1
10	242.0	0	0	789	1289	1
10	243.0	0	0	789	1289	1
10	243.0	0	0	789	1289	1
10	242.0	0	0	789	1289	1
10	243.0	0	0	789	1289	1
10	243.0	0	0	789	1289	1
10	243.0	0	0	789	1289	1
10	243.0	0	0	789	1289	1
10	242.0	0	0	789	1289	1
10	243.0	0	0	789	1289	1
10	243.0	0	0	789	1289	1
10	242.0	0	0	789	1289	1
10	243.0	0	0	789	1289	1
10	242.0	0	0	789	1289	1
10	243.0	0	0	789	1289	1
10	243.0	0	0	789	1289	1
10	242.0	0	0	789	1289	1
10	243.0	0	0	789	1289	0
10	66.0	0	0	789	1289	0
10	66.0	0	0	789	1289	0
10	66.0	0	0	789	1289	0
10	66.0	0	0	789	1289	0
11	66.0	0	0	921	1421	1
11	269.0	0	0	921	1421	1
11	269.0	0	0	921	1421	1
11	269.0	0	0	921	1421	1
11	269.0	0	0	921	1421	1
11	270.0	0	0	921	1421	1
11	269.0	0	0	921	1421	1
11	269.0	0	0	921	1421	1
11	269.0	0	0	921	1421	1
11	269.0	0	0	921	1421	1
11	270.0	0	0	921	1421	1
11	269.0	0	0	921	1421	1
11	270.0	0	0	921	1421	1
11	269.0	0	0	921	1421	1
11	269.0	0	0	921	1421	1
11	270.0	0	0	921	1421	1
11	269.0	0	0	921	1421	1
11	269.0	0	0	921	1421	1
11	270.0	0	0	921	1421	1
11	269.0	0	0	921	1421	1
11	269.0	0	0	921	1421	0
11	66.0	0	0	921	1421	0
11	66.0	0	0	921	1421	0
11	66.0	0	0	921	1421	0
11	66.0	0	0	921	1421	0
12	66.0	0	0	1052	1552	1
12	184.0	0	0	1052	1552	1
12	295.0	0	0	1052	1552	1
12	295.0	0	0	1052	1552	1
12	295.0	0	0	1052	1552	1
12	295.0	0	0	1052	1552	1
12	295.0	0	0	1052	1552	1
12	295.0	0	0	1052	1552	1
12	296.0	0	0	1052	1552	1
12	296.0	0	0	1052	1552	1
12	295.0	0	0	1052	1552	1
12	296.0	0	0	1052	1552	1
12	295.0	0	0	1052	1552	1
12	296.0	0	0	1052	1552	1
12	296.0	0	0	1052	1552	1
12	295.0	0	0	1052	1552	1
12	296.0	0	0	1052	1552	1
12	296.0	0	0	1052	1552	1
12	296.0	0	0	1052	1552	1
12	296.0	0	0	1052	1552	1
12	256.0	0	0	1052	1552	0
12	66.0	0	0	1052	1552	0
12	66.0	0	0	1052	1552	0
12	66.0	0	0	1052	1552	0
12	66.0	0	0	1052	1552	0
13	66.0	0	0	1184	1684	1
13	322.0	0	0	1184	1684	1
13	323.0	0	0	1184	1684	1
13	322.0	0	0	1184	1684	1
13	322.0	0	0	1184	1684	1
13	323.0	0	0	1184	1684	1
13	322.0	0	0	1184	1684	1
13	322.0	0	0	1184	1684	1
13	322.0	0	0	1184	1684	1
13	322.0	0	0	1184	1684	1
13	322.0	0	0	1184	1684	1
13	322.0	0	0	1184	1684	1
13	321.0	0	0	1184	1684	1
13	322.0	0	0	1184	1684	1
13	322.0	0	0	1184	1684	1
13	322.0	0	0	1184	1684	1
13	322.0	0	0	1184	1684	1
13	322.0	0	0	1184	1684	1
13	322.0	0	0	1184	1684	1
13	322.0	0	0	1184	1684	1
13	321.0	0	0	1184	1684	0
13	119.0	0	0	1184	1684	0
13	66.0	0	0	1184	1684	0
13	66.0	0	0	1184	1684	0
13	66.0	0	0	1184	1684	0
14	66.0	0	0	1315	1815	1
14	263.0	0	0	1315	1815	1
14	348.0	0	0	1315	1815	1
14	349.0	0	0	1315	1815	1
14	348.0	0	0	1315	1815	1
14	348.0	0	0	1315	1815	1
14	348.0	0	0	1315	1815	1
14	348.0	0	0	1315	1815	1
14	349.0	0	0	1315	1815	1
14	348.0	0	0	1315	1815	1
14	348.0	0	0	1315	1815	1
14	348.0	0	0	1315	1815	1
14	347.0	0	0	1315	1815	1
14	348.0	0	0	1315	1815	1
14	348.0	0	0	1315	1815	1
14	348.0	0	0	1315	1815	1
14	349.0	0	0	1315	1815	1
14	348.0	0	0	1315	1815	1
14	347.0	0	0	1315	1815	1
14	349.0	0	0	1315	1815	1
14	268.0	0	0	1315	1815	0
14	66.0	0	0	1315	1815	0
14	66.0	0	0	1315	1815	0
14	66.0	0	0	1315	1815	0
14	66.0	0	0	1315	1815	0
15	66.0	0	0	1447	1947	1
15	375.0	0	0	1447	1947	1
15	375.0	0	0	1447	1947	1
15	375.0	0	0	1447	1947	1
15	375.0	0	0	1447	1947	1
15	374.0	0	0	1447	1947	1
15	375.0	0	0	1447	1947	1
15	375.0	0	0	1447	1947	1
15	374.0	0	0	1447	1947	1
15	375.0	0	0	1447	1947	1
15	374.0	0	0	1447	1947	1
15	375.0	0	0	1447	1947	1
15	375.0	0	0	1447	1947	1
15	374.0	0	0	1447	1947	1
15	374.0	0	0	1447	1947	1
15	375.0	0	0	1447	1947	1
15	374.0	0	0	1447	1947	1
15	375.0	0	0	1447	1947	1
15	374.0	0	0	1447	1947	1
15	374.0	0	0	1447	1947	1
15	375.0	0	0	1447	1947	0
15	66.0	0	0	1447	1947	0
15	66.0	0	0	1447	1947	0
15	66.0	0	0	1447	1947	0
15	66.0	0	0	1447	1947	0
16	66.0	0	0	1578	2078	1
16	357.0	0	0	1578	2078	1
16	401.0	0	0	1578	2078	1
16	401.0	0	0	1578	2078	1
16	401.0	0	0	1578	2078	1
16	401.0	0	0	1578	2078	1
16	401.0	0	0	1578	2078	1
16	400.0	0	0	1578	2078	1
16	401.0	0	0	1578	2078	1
16	401.0	0	0	1578	2078	1
16	401.0	0	0	1578	2078	1
16	401.0	0	0	1578	2078	1
16	401.0	0	0	1578	2078	1
16	401.0	0	0	1578	2078	1
16	401.0	0	0	1578	2078	1
16	401.0	0	0	1578	2078	1
16	401.0	0	0	1578	2078	1
16	401.0	0	0	1578	2078	1
16	401.0	0	0	1578	2078	1
16	401.0	0	0	1578	2078	1
16	293.0	0	0	1578	2078	0
16	66.0	0	0	1578	2078	0
16	66.0	0	0	1578	2078	0
16	66.0	0	0	1578	2078	0
16	66.0	0	0	1578	2078	0
17	66.0	0	0	1710	2210	1
17	159.0	0	0	1710	2210	1
17	428.0	0	0	1710	2210	1
17	428.0	0	0	1710	2210	1
17	428.0	0	0	1710	2210	1
17	427.0	0	0	1710	2210	1
17	428.0	0	0	1710	2210	1
17	428.0	0	0	1710	2210	1
17	427.0	0	0	1710	2210	1
17	428.0	0	0	1710	2210	1
17	427.0	0	0	1710	2210	1
17	428.0	0	0	1710	2210	1
17	428.0	0	0	1710	2210	1
17	427.0	0	0	1710	2210	1
17	428.0	0	0	1710	2210	1
17	428.0	0	0	1710	2210	1
17	427.0	0	0	1710	2210	1
17	428.0	0	0	1710	2210	1
17	427.0	0	0	1710	2210	1
17	428.0	0	0	1710	2210	1
17	428.0	0	0	1710	2210	0
17	66.0	0	0	1710	2210	0
17	66.0	0	0	1710	2210	0
17	66.0	0	0	1710	2210	0
17	66.0	0	0	1710	2210	0
18	66.0	0	0	1842	2342	1
18	455.0	0	0	1842	2342	1
18	455.0	0	0	1842	2342	1
18	454.0	0	0	1842	2342	1
18	454.0	0	0	1842	2342	1
18	455.0	0	0	1842	2342	1
18	454.0	0	0	1842	2342	1
18	455.0	0	0	1842	2342	1
18	454.0	0	0	1842	2342	1
18	454.0	0	0	1842	2342	1
18	455.0	0	0	1842	2342	1
18	454.0	0	0	1842	2342	1
18	454.0	0	0	1842	2342	1
18	455.0	0	0	1842	2342	1
18	454.0	0	0	1842	2342	1
18	455.0	0	0	1842	2342	1
18	455.0	0	0	1842	2342	1
18	454.0	0	0	1842	2342	1
18	455.0	0	0	1842	2342	1
18	455.0	0	0	1842	2342	1
18	454.0	0	0	1842	2342	0
18	207.0	0	0	1842	2342	0
18	66.0	0	0	1842	2342	0
18	66.0	0	0	1842	2342	0
18	66.0	0	0	1842	2342	0
19	66.0	0	0	1973	2473	1
19	253.0	0	0	1973	2473	1
19	481.0	0	0	1973	2473	1
19	481.0	0	0	1973	2473	1
19	481.0	0	0	1973	2473	1
19	481.0	0	0	1973	2473	1
19	481.0	0	0	1973	2473	1
19	481.0	0	0	1973	2473	1
19	481.0	0	0	1973	2473	1
19	481.0	0	0	1973	2473	1
19	481.0	0	0	1973	2473	1
19	481.0	0	0	1973	2473	1
19	481.0	0	0	1973	2473	1
19	481.0	0	0	1973	2473	1
19	481.0	0	0	1973	2473	1
19	481.0	0	0	1973	2473	1
19	481.0	0	0	1973	2473	1
19	481.0	0	0	1973	2473	1
19	480.0	0	0	1973	2473	1
19	481.0	0	0	1973	2473	1
19	480.0	0	0	1973	2473	0
19	66.0	0	0	1973	2473	0
19	66.0	0	0	1973	2473	0
19	66.0	0	0	1973	2473	0
19	66.0	0	0	1973	2473	0
20	66.0	0	0	2105	2605	1
20	509.0	0	0	2105	2605	1
20	508.0	0	0	2105	2605	1
20	507.0	0	0	2105	2605	1
20	509.0	0	0	2105	2605	1
20	508.0	0	0	2105	2605	1
20	507.0	0	0	2105	2605	1
20	508.0	0	0	2105	2605	1
20	507.0	0	0	2105	2605	1
20	508.0	0	0	2105	2605	1
20	508.0	0	0	2105	2605	1
20	507.0	0	0	2105	2605	1
20	508.0	0	0	2105	2605	1
20	509.0	0	0	2105	2605	1
20	507.0	0	0	2105	2605	1
20	508.0	0	0	2105	2605	1
20	507.0	0	0	2105	2605	1
20	508.0	0	0	2105	2605	1
20	508.0	0	0	2105	2605	1
20	507.0	0	0	2105	2605	1
20	508.0	0	0	2105	2605	0
20	194.0	0	0	2105	2605	0
20	66.0	0	0	2105	2605	0
20	66.0	0	0	2105	2605	0
20	66.0	0	0	2105	2605	0
21	66.0	0	0	2236	2736	1
21	328.0	0	0	2236	2736	1
21	534.0	0	0	2236	2736	1
21	535.0	0	0	2236	2736	1
21	534.0	0	0	2236	2736	1
21	536.0	0	0	2236	2736	1
21	534.0	0	0	2236	2736	1
21	534.0	0	0	2236	2736	1
21	535.0	0	0	2236	2736	1
21	535.0	0	0	2236	2736	1
21	534.0	0	0	2236	2736	1
21	535.0	0	0	2236	2736	1
21	535.0	0	0	2236	2736	1
21	535.0	0	0	2236	2736	1
21	535.0	0	0	2236	2736	1
21	534.0	0	0	2236	2736	1
21	535.0	0	0	2236	2736	1
21	535.0	0	0	2236	2736	1
21	534.0	0	0	2236	2736	1
21	535.0	0	0	2236	2736	1
21	462.0	0	0	2236	2736	0
21	66.0	0	0	2236	2736	0
21	66.0	0	0	2236	2736	0
21	66.0	0	0	2236	2736	0
21	66.0	0	0	2236	2736	0
22	66.0	0	0	2368	2868	1
22	66.0	0	0	2368	2868	1
22	562.0	0	0	2368	2868	1
22	562.0	0	0	2368	2868	1
22	561.0	0	0	2368	2868	1
22	562.0	0	0	2368	2868	1
22	562.0	0	0	2368	2868	1
22	562.0	0	0	2368	2868	1
22	562.0	0	0	2368	2868	1
22	562.0	0	0	2368	2868	1
22	561.0	0	0	2368	2868	1
22	562.0	0	0	2368	2868	1
22	561.0	0	0	2368	2868	1
22	561.0	0	0	2368	2868	1
22	562.0	0	0	2368	2868	1
22	562.0	0	0	2368	2868	1
22	561.0	0	0	2368	2868	1
22	561.0	0	0	2368	2868	1
22	561.0	0	0	2368	2868	1
22	562.0	0	0	2368	2868	1
22	562.0	0	0	2368	2868	0
22	162.0	0	0	2368	2868	0
22	66.0	0	0	2368	2868	0
22	66.0	0	0	2368	2868	0
22	66.0	0	0	2368	2868	0
23	66.0	0	0	2500	3000	1
23	441.0	0	0	2500	3000	1
23	589.0	0	0	2500	3000	1
23	589.0	0	0	2500	3000	1
23	588.0	0	0	2500	3000	1
23	589.0	0	0	2500	3000	1
23	589.0	0	0	2500	3000	1
23	589.0	0	0	2500	3000	1
23	589.0	0	0	2500	3000	1
23	588.0	0	0	2500	3000	1
23	588.0	0	0	2500	3000	1
23	589.0	0	0	2500	3000	1
23	588.0	0	0	2500	3000	1
23	589.0	0	0	2500	3000	1
23	588.0	0	0	2500	3000	1
23	588.0	0	0	2500	3000	1
23	589.0	0	0	2500	3000	1
23	588.0	0	0	2500	3000	1
23	588.0	0	0	2500	3000	1
23	589.0	0	0	2500	3000	1
