Stim	Lux	Yellow	Red	Blue	Blue2	Trig
1	68.0	0	0	0	1200	1
1	69.0	0	0	0	1200	1
1	69.0	0	0	0	1200	1
1	69.0	0	0	0	1200	1
1	69.0	0	0	0	1200	1
1	69.0	0	0	0	1200	1
1	69.0	0	0	0	1200	1
1	69.0	0	0	0	1200	1
1	69.0	0	0	0	1200	1
1	68.0	0	0	0	1200	1
1	69.0	0	0	0	1200	1
1	69.0	0	0	0	1200	1
1	69.0	0	0	0	1200	1
1	68.0	0	0	0	1200	1
1	69.0	0	0	0	1200	1
1	68.0	0	0	0	1200	1
1	69.0	0	0	0	1200	1
1	69.0	0	0	0	1200	1
1	69.0	0	0	0	1200	1
1	68.0	0	0	0	1200	1
1	68.0	0	0	0	1200	0
1	56.0	0	0	0	1200	0
1	56.0	0	0	0	1200	0
1	56.0	0	0	0	1200	0
1	56.0	0	0	0	1200	0
2	60.0	0	0	0	1200	1
2	69.0	0	0	0	1200	1
2	68.0	0	0	0	1200	1
2	69.0	0	0	0	1200	1
2	69.0	0	0	0	1200	1
2	68.0	0	0	0	1200	1
2	69.0	0	0	0	1200	1
2	68.0	0	0	0	1200	1
2	69.0	0	0	0	1200	1
2	69.0	0	0	0	1200	1
2	69.0	0	0	0	1200	1
2	69.0	0	0	0	1200	1
2	68.0	0	0	0	1200	1
2	69.0	0	0	0	1200	1
2	69.0	0	0	0	1200	1
2	69.0	0	0	0	1200	1
2	69.0	0	0	0	1200	1
2	69.0	0	0	0	1200	1
2	69.0	0	0	0	1200	1
2	69.0	0	0	0	1200	1
2	60.0	0	0	0	1200	0
2	56.0	0	0	0	1200	0
2	56.0	0	0	0	1200	0
2	56.0	0	0	0	1200	0
2	56.0	0	0	0	1200	0
3	56.0	0	0	0	1200	1
3	69.0	0	0	0	1200	1
3	69.0	0	0	0	1200	1
3	69.0	0	0	0	1200	1
3	69.0	0	0	0	1200	1
3	69.0	0	0	0	1200	1
3	69.0	0	0	0	1200	1
3	69.0	0	0	0	1200	1
3	69.0	0	0	0	1200	1
3	69.0	0	0	0	1200	1
3	69.0	0	0	0	1200	1
3	69.0	0	0	0	1200	1
3	69.0	0	0	0	1200	1
3	69.0	0	0	0	1200	1
3	69.0	0	0	0	1200	1
3	69.0	0	0	0	1200	1
3	69.0	0	0	0	1200	1
3	69.0	0	0	0	1200	1
3	69.0	0	0	0	1200	1
3	69.0	0	0	0	1200	1
3	67.0	0	0	0	1200	0
3	56.0	0	0	0	1200	0
3	56.0	0	0	0	1200	0
3	56.0	0	0	0	1200	0
3	56.0	0	0	0	1200	0
4	56.0	0	0	0	1200	1
4	62.0	0	0	0	1200	1
4	62.0	0	0	0	1200	1
4	62.0	0	0	0	1200	1
4	62.0	0	0	0	1200	1
4	62.0	0	0	0	1200	1
4	62.0	0	0	0	1200	1
4	62.0	0	0	0	1200	1
4	62.0	0	0	0	1200	1
4	62.0	0	0	0	1200	1
4	62.0	0	0	0	1200	1
4	62.0	0	0	0	1200	1
4	62.0	0	0	0	1200	1
4	62.0	0	0	0	1200	1
4	62.0	0	0	0	1200	1
4	62.0	0	0	0	1200	1
4	62.0	0	0	0	1200	1
4	62.0	0	0	0	1200	1
4	62.0	0	0	0	1200	1
4	62.0	0	0	0	1200	1
4	56.0	0	0	0	1200	0
4	56.0	0	0	0	1200	0
4	56.0	0	0	0	1200	0
4	56.0	0	0	0	1200	0
4	56.0	0	0	0	1200	0
5	56.0	0	0	131	1200	1
5	62.0	0	0	131	1200	1
5	62.0	0	0	131	1200	1
5	62.0	0	0	131	1200	1
5	62.0	0	0	131	1200	1
5	62.0	0	0	131	1200	1
5	62.0	0	0	131	1200	1
5	62.0	0	0	131	1200	1
5	62.0	0	0	131	1200	1
5	62.0	0	0	131	1200	1
5	62.0	0	0	131	1200	1
5	62.0	0	0	131	1200	1
5	62.0	0	0	131	1200	1
5	62.0	0	0	131	1200	1
5	62.0	0	0	131	1200	1
5	62.0	0	0	131	1200	1
5	62.0	0	0	131	1200	1
5	62.0	0	0	131	1200	1
5	62.0	0	0	131	1200	1
5	62.0	0	0	131	1200	1
5	62.0	0	0	131	1200	0
5	56.0	0	0	131	1200	0
5	56.0	0	0	131	1200	0
5	56.0	0	0	131	1200	0
5	56.0	0	0	131	1200	0
6	58.0	0	0	263	1200	1
6	63.0	0	0	263	1200	1
6	63.0	0	0	263	1200	1
6	63.0	0	0	263	1200	1
6	63.0	0	0	263	1200	1
6	63.0	0	0	263	1200	1
6	63.0	0	0	263	1200	1
6	63.0	0	0	263	1200	1
6	63.0	0	0	263	1200	1
6	63.0	0	0	263	1200	1
6	63.0	0	0	263	1200	1
6	63.0	0	0	263	1200	1
6	63.0	0	0	263	1200	1
6	63.0	0	0	263	1200	1
6	63.0	0	0	263	1200	1
6	63.0	0	0	263	1200	1
6	63.0	0	0	263	1200	1
6	63.0	0	0	263	1200	1
6	63.0	0	0	263	1200	1
6	63.0	0	0	263	1200	1
6	63.0	0	0	263	1200	0
6	56.0	0	0	263	1200	0
6	56.0	0	0	263	1200	0
6	56.0	0	0	263	1200	0
6	56.0	0	0	263	1200	0
7	56.0	0	0	394	1200	1
7	62.0	0	0	394	1200	1
7	64.0	0	0	394	1200	1
7	64.0	0	0	394	1200	1
7	64.0	0	0	394	1200	1
7	64.0	0	0	394	1200	1
7	64.0	0	0	394	1200	1
7	64.0	0	0	394	1200	1
7	64.0	0	0	394	1200	1
7	64.0	0	0	394	1200	1
7	64.0	0	0	394	1200	1
7	64.0	0	0	394	1200	1
7	64.0	0	0	394	1200	1
7	64.0	0	0	394	1200	1
7	64.0	0	0	394	1200	1
7	64.0	0	0	394	1200	1
7	64.0	0	0	394	1200	1
7	64.0	0	0	394	1200	1
7	64.0	0	0	394	1200	1
7	64.0	0	0	394	1200	1
7	59.0	0	0	394	1200	0
7	56.0	0	0	394	1200	0
7	56.0	0	0	394	1200	0
7	56.0	0	0	394	1200	0
7	56.0	0	0	394	1200	0
8	60.0	0	0	526	1200	1
8	65.0	0	0	526	1200	1
8	65.0	0	0	526	1200	1
8	64.0	0	0	526	1200	1
8	64.0	0	0	526	1200	1
8	64.0	0	0	526	1200	1
8	64.0	0	0	526	1200	1
8	65.0	0	0	526	1200	1
8	65.0	0	0	526	1200	1
8	65.0	0	0	526	1200	1
8	65.0	0	0	526	1200	1
8	65.0	0	0	526	1200	1
8	65.0	0	0	526	1200	1
8	65.0	0	0	526	1200	1
8	65.0	0	0	526	1200	1
8	65.0	0	0	526	1200	1
8	65.0	0	0	526	1200	1
8	65.0	0	0	526	1200	1
8	65.0	0	0	526	1200	1
8	65.0	0	0	526	1200	1
8	65.0	0	0	526	1200	0
8	56.0	0	0	526	1200	0
8	56.0	0	0	526	1200	0
8	56.0	0	0	526	1200	0
8	56.0	0	0	526	1200	0
9	56.0	0	0	657	1200	1
9	65.0	0	0	657	1200	1
9	65.0	0	0	657	1200	1
9	65.0	0	0	657	1200	1
9	65.0	0	0	657	1200	1
9	65.0	0	0	657	1200	1
9	65.0	0	0	657	1200	1
9	65.0	0	0	657	1200	1
9	65.0	0	0	657	1200	1
9	65.0	0	0	657	1200	1
9	65.0	0	0	657	1200	1
9	65.0	0	0	657	1200	1
9	65.0	0	0	657	1200	1
9	65.0	0	0	657	1200	1
9	65.0	0	0	657	1200	1
9	65.0	0	0	657	1200	1
9	65.0	0	0	657	1200	1
9	65.0	0	0	657	1200	1
9	65.0	0	0	657	1200	1
9	65.0	0	0	657	1200	1
9	61.0	0	0	657	1200	0
9	56.0	0	0	657	1200	0
9	56.0	0	0	657	1200	0
9	56.0	0	0	657	1200	0
9	56.0	0	0	657	1200	0
10	56.0	0	0	789	1200	1
10	59.0	0	0	789	1200	1
10	66.0	0	0	789	1200	1
10	66.0	0	0	789	1200	1
10	66.0	0	0	789	1200	1
10	66.0	0	0	789	1200	1
10	66.0	0	0	789	1200	1
10	66.0	0	0	789	1200	1
10	66.0	0	0	789	1200	1
10	66.0	0	0	789	1200	1
10	66.0	0	0	789	1200	1
10	66.0	0	0	789	1200	1
10	66.0	0	0	789	1200	1
10	66.0	0	0	789	1200	1
10	66.0	0	0	789	1200	1
10	66.0	0	0	789	1200	1
10	66.0	0	0	789	1200	1
10	66.0	0	0	789	1200	1
10	66.0	0	0	789	1200	1
10	66.0	0	0	789	1200	1
10	66.0	0	0	789	1200	0
10	56.0	0	0	789	1200	0
10	56.0	0	0	789	1200	0
10	56.0	0	0	789	1200	0
10	56.0	0	0	789	1200	0
11	56.0	0	0	921	1200	1
11	67.0	0	0	921	1200	1
11	67.0	0	0	921	1200	1
11	67.0	0	0	921	1200	1
11	67.0	0	0	921	1200	1
11	67.0	0	0	921	1200	1
11	67.0	0	0	921	1200	1
11	67.0	0	0	921	1200	1
11	67.0	0	0	921	1200	1
11	67.0	0	0	921	1200	1
11	67.0	0	0	921	1200	1
11	67.0	0	0	921	1200	1
11	67.0	0	0	921	1200	1
11	67.0	0	0	921	1200	1
11	67.0	0	0	921	1200	1
11	67.0	0	0	921	1200	1
11	67.0	0	0	921	1200	1
11	67.0	0	0	921	1200	1
11	67.0	0	0	921	1200	1
11	67.0	0	0	921	1200	1
11	67.0	0	0	921	1200	0
11	56.0	0	0	921	1200	0
11	56.0	0	0	921	1200	0
11	56.0	0	0	921	1200	0
11	56.0	0	0	921	1200	0
12	56.0	0	0	1052	1200	1
12	64.0	0	0	1052	1200	1
12	68.0	0	0	1052	1200	1
12	68.0	0	0	1052	1200	1
12	68.0	0	0	1052	1200	1
12	68.0	0	0	1052	1200	1
12	68.0	0	0	1052	1200	1
12	68.0	0	0	1052	1200	1
12	68.0	0	0	1052	1200	1
12	68.0	0	0	1052	1200	1
12	68.0	0	0	1052	1200	1
12	68.0	0	0	1052	1200	1
12	68.0	0	0	1052	1200	1
12	68.0	0	0	1052	1200	1
12	68.0	0	0	1052	1200	1
12	68.0	0	0	1052	1200	1
12	68.0	0	0	1052	1200	1
12	68.0	0	0	1052	1200	1
12	68.0	0	0	1052	1200	1
12	68.0	0	0	1052	1200	1
12	66.0	0	0	1052	1200	0
12	56.0	0	0	1052	1200	0
12	56.0	0	0	1052	1200	0
12	56.0	0	0	1052	1200	0
12	56.0	0	0	1052	1200	0
13	56.0	0	0	1184	1200	1
13	69.0	0	0	1184	1200	1
13	69.0	0	0	1184	1200	1
13	68.0	0	0	1184	1200	1
13	68.0	0	0	1184	1200	1
13	69.0	0	0	1184	1200	1
13	69.0	0	0	1184	1200	1
13	69.0	0	0	1184	1200	1
13	68.0	0	0	1184	1200	1
13	68.0	0	0	1184	1200	1
13	69.0	0	0	1184	1200	1
13	69.0	0	0	1184	1200	1
13	69.0	0	0	1184	1200	1
13	69.0	0	0	1184	1200	1
13	68.0	0	0	1184	1200	1
13	69.0	0	0	1184	1200	1
13	69.0	0	0	1184	1200	1
13	69.0	0	0	1184	1200	1
13	69.0	0	0	1184	1200	1
13	69.0	0	0	1184	1200	1
13	68.0	0	0	1184	1200	0
13	58.0	0	0	1184	1200	0
13	56.0	0	0	1184	1200	0
13	56.0	0	0	1184	1200	0
13	56.0	0	0	1184	1200	0
14	56.0	0	0	1315	1200	1
14	66.0	0	0	1315	1200	1
14	69.0	0	0	1315	1200	1
14	69.0	0	0	1315	1200	1
14	69.0	0	0	1315	1200	1
14	69.0	0	0	1315	1200	1
14	69.0	0	0	1315	1200	1
14	69.0	0	0	1315	1200	1
14	69.0	0	0	1315	1200	1
14	69.0	0	0	1315	1200	1
14	69.0	0	0	1315	1200	1
14	69.0	0	0	1315	1200	1
14	69.0	0	0	1315	1200	1
14	69.0	0	0	1315	1200	1
14	69.0	0	0	1315	1200	1
14	69.0	0	0	1315	1200	1
14	69.0	0	0	1315	1200	1
14	69.0	0	0	1315	1200	1
14	69.0	0	0	1315	1200	1
14	69.0	0	0	1315	1200	1
14	66.0	0	0	1315	1200	0
14	56.0	0	0	1315	1200	0
14	56.0	0	0	1315	1200	0
14	56.0	0	0	1315	1200	0
14	56.0	0	0	1315	1200	0
15	56.0	0	0	1447	1200	1
15	70.0	0	0	1447	1200	1
15	70.0	0	0	1447	1200	1
15	70.0	0	0	1447	1200	1
15	70.0	0	0	1447	1200	1
15	70.0	0	0	1447	1200	1
15	70.0	0	0	1447	1200	1
15	70.0	0	0	1447	1200	1
15	70.0	0	0	1447	1200	1
15	70.0	0	0	1447	1200	1
15	70.0	0	0	1447	1200	1
15	70.0	0	0	1447	1200	1
15	70.0	0	0	1447	1200	1
15	70.0	0	0	1447	1200	1
15	70.0	0	0	1447	1200	1
15	70.0	0	0	1447	1200	1
15	70.0	0	0	1447	1200	1
15	70.0	0	0	1447	1200	1
15	70.0	0	0	1447	1200	1
15	70.0	0	0	1447	1200	1
15	70.0	0	0	1447	1200	0
15	56.0	0	0	1447	1200	0
15	56.0	0	0	1447	1200	0
15	56.0	0	0	1447	1200	0
15	56.0	0	0	1447	1200	0
16	56.0	0	0	1578	1200	1
16	69.0	0	0	1578	1200	1
16	71.0	0	0	1578	1200	1
16	71.0	0	0	1578	1200	1
16	71.0	0	0	1578	1200	1
16	71.0	0	0	1578	1200	1
16	71.0	0	0	1578	1200	1
16	71.0	0	0	1578	1200	1
16	71.0	0	0	1578	1200	1
16	71.0	0	0	1578	1200	1
16	71.0	0	0	1578	1200	1
16	71.0	0	0	1578	1200	1
16	71.0	0	0	1578	1200	1
16	71.0	0	0	1578	1200	1
16	71.0	0	0	1578	1200	1
16	71.0	0	0	1578	1200	1
16	71.0	0	0	1578	1200	1
16	71.0	0	0	1578	1200	1
16	71.0	0	0	1578	1200	1
16	71.0	0	0	1578	1200	1
16	66.0	0	0	1578	1200	0
16	56.0	0	0	1578	1200	0
16	56.0	0	0	1578	1200	0
16	56.0	0	0	1578	1200	0
16	56.0	0	0	1578	1200	0
17	56.0	0	0	1710	1200	1
17	60.0	0	0	1710	1200	1
17	72.0	0	0	1710	1200	1
17	72.0	0	0	1710	1200	1
17	72.0	0	0	1710	1200	1
17	72.0	0	0	1710	1200	1
17	72.0	0	0	1710	1200	1
17	72.0	0	0	1710	1200	1
17	71.0	0	0	1710	1200	1
17	72.0	0	0	1710	1200	1
17	72.0	0	0	1710	1200	1
17	72.0	0	0	1710	1200	1
17	72.0	0	0	1710	1200	1
17	72.0	0	0	1710	1200	1
17	72.0	0	0	1710	1200	1
17	72.0	0	0	1710	1200	1
17	72.0	0	0	1710	1200	1
17	72.0	0	0	1710	1200	1
17	72.0	0	0	1710	1200	1
17	72.0	0	0	1710	1200	1
17	72.0	0	0	1710	1200	0
17	56.0	0	0	1710	1200	0
17	56.0	0	0	1710	1200	0
17	56.0	0	0	1710	1200	0
17	56.0	0	0	1710	1200	0
18	56.0	0	0	1842	1200	1
18	73.0	0	0	1842	1200	1
18	73.0	0	0	1842	1200	1
18	73.0	0	0	1842	1200	1
18	73.0	0	0	1842	1200	1
18	73.0	0	0	1842	1200	1
18	73.0	0	0	1842	1200	1
18	73.0	0	0	1842	1200	1
18	72.0	0	0	1842	1200	1
18	73.0	0	0	1842	1200	1
18	73.0	0	0	1842	1200	1
18	73.0	0	0	1842	1200	1
18	73.0	0	0	1842	1200	1
18	73.0	0	0	1842	1200	1
18	73.0	0	0	1842	1200	1
18	73.0	0	0	1842	1200	1
18	73.0	0	0	1842	1200	1
18	73.0	0	0	1842	1200	1
18	73.0	0	0	1842	1200	1
18	73.0	0	0	1842	1200	1
18	73.0	0	0	1842	1200	0
18	61.0	0	0	1842	1200	0
18	56.0	0	0	1842	1200	0
18	56.0	0	0	1842	1200	0
18	56.0	0	0	1842	1200	0
19	56.0	0	0	1973	1200	1
19	65.0	0	0	1973	1200	1
19	73.0	0	0	1973	1200	1
19	73.0	0	0	1973	1200	1
19	73.0	0	0	1973	1200	1
19	73.0	0	0	1973	1200	1
19	73.0	0	0	1973	1200	1
19	73.0	0	0	1973	1200	1
19	73.0	0	0	1973	1200	1
19	73.0	0	0	1973	1200	1
19	73.0	0	0	1973	1200	1
19	73.0	0	0	1973	1200	1
19	73.0	0	0	1973	1200	1
19	73.0	0	0	1973	1200	1
19	73.0	0	0	1973	1200	1
19	73.0	0	0	1973	1200	1
19	73.0	0	0	1973	1200	1
19	73.0	0	0	1973	1200	1
19	73.0	0	0	1973	1200	1
19	73.0	0	0	1973	1200	1
19	73.0	0	0	1973	1200	0
19	56.0	0	0	1973	1200	0
19	56.0	0	0	1973	1200	0
19	56.0	0	0	1973	1200	0
19	56.0	0	0	1973	1200	0
20	56.0	0	0	2105	1200	1
20	74.0	0	0	2105	1200	1
20	74.0	0	0	2105	1200	1
20	74.0	0	0	2105	1200	1
20	74.0	0	0	2105	1200	1
20	74.0	0	0	2105	1200	1
20	74.0	0	0	2105	1200	1
20	74.0	0	0	2105	1200	1
20	74.0	0	0	2105	1200	1
20	74.0	0	0	2105	1200	1
20	74.0	0	0	2105	1200	1
20	74.0	0	0	2105	1200	1
20	74.0	0	0	2105	1200	1
20	74.0	0	0	2105	1200	1
20	74.0	0	0	2105	1200	1
20	74.0	0	0	2105	1200	1
20	74.0	0	0	2105	1200	1
20	74.0	0	0	2105	1200	1
20	74.0	0	0	2105	1200	1
20	74.0	0	0	2105	1200	1
20	74.0	0	0	2105	1200	0
20	60.0	0	0	2105	1200	0
20	56.0	0	0	2105	1200	0
20	56.0	0	0	2105	1200	0
20	56.0	0	0	2105	1200	0
21	56.0	0	0	2236	1200	1
21	65.0	0	0	2236	1200	1
21	75.0	0	0	2236	1200	1
21	75.0	0	0	2236	1200	1
21	75.0	0	0	2236	1200	1
21	75.0	0	0	2236	1200	1
21	75.0	0	0	2236	1200	1
21	75.0	0	0	2236	1200	1
21	75.0	0	0	2236	1200	1
21	75.0	0	0	2236	1200	1
21	75.0	0	0	2236	1200	1
21	75.0	0	0	2236	1200	1
21	75.0	0	0	2236	1200	1
21	75.0	0	0	2236	1200	1
21	75.0	0	0	2236	1200	1
21	75.0	0	0	2236	1200	1
21	75.0	0	0	2236	1200	1
21	75.0	0	0	2236	1200	1
21	75.0	0	0	2236	1200	1
21	75.0	0	0	2236	1200	1
21	71.0	0	0	2236	1200	0
21	56.0	0	0	2236	1200	0
21	56.0	0	0	2236	1200	0
21	56.0	0	0	2236	1200	0
21	56.0	0	0	2236	1200	0
22	56.0	0	0	2368	1200	1
22	56.0	0	0	2368	1200	1
22	76.0	0	0	2368	1200	1
22	76.0	0	0	2368	1200	1
22	76.0	0	0	2368	1200	1
22	76.0	0	0	2368	1200	1
22	76.0	0	0	2368	1200	1
22	76.0	0	0	2368	1200	1
22	76.0	0	0	2368	1200	1
22	76.0	0	0	2368	1200	1
22	76.0	0	0	2368	1200	1
22	76.0	0	0	2368	1200	1
22	76.0	0	0	2368	1200	1
22	76.0	0	0	2368	1200	1
22	76.0	0	0	2368	1200	1
22	76.0	0	0	2368	1200	1
22	76.0	0	0	2368	1200	1
22	76.0	0	0	2368	1200	1
22	76.0	0	0	2368	1200	1
22	76.0	0	0	2368	1200	1
22	76.0	0	0	2368	1200	0
22	61.0	0	0	2368	1200	0
22	56.0	0	0	2368	1200	0
22	56.0	0	0	2368	1200	0
22	56.0	0	0	2368	1200	0
23	56.0	0	0	2500	1200	1
23	69.0	0	0	2500	1200	1
23	77.0	0	0	2500	1200	1
23	77.0	0	0	2500	1200	1
23	77.0	0	0	2500	1200	1
23	77.0	0	0	2500	1200	1
23	77.0	0	0	2500	1200	1
23	77.0	0	0	2500	1200	1
23	77.0	0	0	2500	1200	1
23	77.0	0	0	2500	1200	1
23	76.0	0	0	2500	1200	1
23	77.0	0	0	2500	1200	1
23	76.0	0	0	2500	1200	1
23	77.0	0	0	2500	1200	1
23	77.0	0	0	2500	1200	1
23	77.0	0	0	2500	1200	1
23	77.0	0	0	2500	1200	1
23	76.0	0	0	2500	1200	1
23	77.0	0	0	2500	1200	1
23	77.0	0	0	2500	1200	1
