Stim	Lux	Yellow	Red	Blue	Blue2	Trig
1	209.0	0	1500	0	0	1
1	225.0	0	1500	0	0	1
1	225.0	0	1500	0	0	1
1	225.0	0	1500	0	0	1
1	225.0	0	1500	0	0	1
1	225.0	0	1500	0	0	1
1	225.0	0	1500	0	0	1
1	225.0	0	1500	0	0	1
1	225.0	0	1500	0	0	1
1	225.0	0	1500	0	0	1
1	225.0	0	1500	0	0	1
1	225.0	0	1500	0	0	1
1	225.0	0	1500	0	0	1
1	225.0	0	1500	0	0	1
1	225.0	0	1500	0	0	1
1	225.0	0	1500	0	0	1
1	225.0	0	1500	0	0	1
1	225.0	0	1500	0	0	1
1	225.0	0	1500	0	0	1
1	225.0	0	1500	0	0	1
1	225.0	0	1500	0	0	0
1	56.0	0	1500	0	0	0
1	56.0	0	1500	0	0	0
1	56.0	0	1500	0	0	0
1	56.0	0	1500	0	0	0
2	117.0	0	1500	0	0	1
2	225.0	0	1500	0	0	1
2	225.0	0	1500	0	0	1
2	225.0	0	1500	0	0	1
2	225.0	0	1500	0	0	1
2	225.0	0	1500	0	0	1
2	225.0	0	1500	0	0	1
2	225.0	0	1500	0	0	1
2	225.0	0	1500	0	0	1
2	225.0	0	1500	0	0	1
2	225.0	0	1500	0	0	1
2	225.0	0	1500	0	0	1
2	225.0	0	1500	0	0	1
2	225.0	0	1500	0	0	1
2	225.0	0	1500	0	0	1
2	225.0	0	1500	0	0	1
2	225.0	0	1500	0	0	1
2	225.0	0	1500	0	0	1
2	225.0	0	1500	0	0	1
2	225.0	0	1500	0	0	1
2	110.0	0	1500	0	0	0
2	56.0	0	1500	0	0	0
2	56.0	0	1500	0	0	0
2	56.0	0	1500	0	0	0
2	56.0	0	1500	0	0	0
3	56.0	0	1500	0	0	1
3	225.0	0	1500	0	0	1
3	225.0	0	1500	0	0	1
3	225.0	0	1500	0	0	1
3	225.0	0	1500	0	0	1
3	225.0	0	1500	0	0	1
3	225.0	0	1500	0	0	1
3	225.0	0	1500	0	0	1
3	225.0	0	1500	0	0	1
3	225.0	0	1500	0	0	1
3	225.0	0	1500	0	0	1
3	225.0	0	1500	0	0	1
3	225.0	0	1500	0	0	1
3	225.0	0	1500	0	0	1
3	225.0	0	1500	0	0	1
3	225.0	0	1500	0	0	1
3	225.0	0	1500	0	0	1
3	225.0	0	1500	0	0	1
3	225.0	0	1500	0	0	1
3	225.0	0	1500	0	0	1
3	201.0	0	1500	0	0	0
3	56.0	0	1500	0	0	0
3	56.0	0	1500	0	0	0
3	56.0	0	1500	0	0	0
3	56.0	0	1500	0	0	0
4	56.0	0	1500	0	0	1
4	140.0	0	1500	0	0	1
4	141.0	0	1500	0	0	1
4	141.0	0	1500	0	0	1
4	140.0	0	1500	0	0	1
4	141.0	0	1500	0	0	1
4	140.0	0	1500	0	0	1
4	141.0	0	1500	0	0	1
4	141.0	0	1500	0	0	1
4	140.0	0	1500	0	0	1
4	140.0	0	1500	0	0	1
4	141.0	0	1500	0	0	1
4	140.0	0	1500	0	0	1
4	141.0	0	1500	0	0	1
4	140.0	0	1500	0	0	1
4	140.0	0	1500	0	0	1
4	141.0	0	1500	0	0	1
4	140.0	0	1500	0	0	1
4	140.0	0	1500	0	0	1
4	141.0	0	1500	0	0	1
4	86.0	0	1500	0	0	0
4	56.0	0	1500	0	0	0
4	56.0	0	1500	0	0	0
4	56.0	0	1500	0	0	0
4	56.0	0	1500	0	0	0
5	56.0	0	1500	131	0	1
5	141.0	0	1500	131	0	1
5	140.0	0	1500	131	0	1
5	141.0	0	1500	131	0	1
5	140.0	0	1500	131	0	1
5	140.0	0	1500	131	0	1
5	141.0	0	1500	131	0	1
5	141.0	0	1500	131	0	1
5	140.0	0	1500	131	0	1
5	141.0	0	1500	131	0	1
5	140.0	0	1500	131	0	1
5	141.0	0	1500	131	0	1
5	141.0	0	1500	131	0	1
5	140.0	0	1500	131	0	1
5	141.0	0	1500	131	0	1
5	141.0	0	1500	131	0	1
5	140.0	0	1500	131	0	1
5	142.0	0	1500	131	0	1
5	140.0	0	1500	131	0	1
5	140.0	0	1500	131	0	1
5	141.0	0	1500	131	0	0
5	56.0	0	1500	131	0	0
5	56.0	0	1500	131	0	0
5	56.0	0	1500	131	0	0
5	56.0	0	1500	131	0	0
6	83.0	0	1500	263	0	1
6	141.0	0	1500	263	0	1
6	142.0	0	1500	263	0	1
6	141.0	0	1500	263	0	1
6	141.0	0	1500	263	0	1
6	142.0	0	1500	263	0	1
6	141.0	0	1500	263	0	1
6	142.0	0	1500	263	0	1
6	141.0	0	1500	263	0	1
6	141.0	0	1500	263	0	1
6	142.0	0	1500	263	0	1
6	141.0	0	1500	263	0	1
6	141.0	0	1500	263	0	1
6	142.0	0	1500	263	0	1
6	141.0	0	1500	263	0	1
6	142.0	0	1500	263	0	1
6	142.0	0	1500	263	0	1
6	141.0	0	1500	263	0	1
6	142.0	0	1500	263	0	1
6	142.0	0	1500	263	0	1
6	141.0	0	1500	263	0	0
6	56.0	0	1500	263	0	0
6	56.0	0	1500	263	0	0
6	56.0	0	1500	263	0	0
6	56.0	0	1500	263	0	0
7	56.0	0	1500	394	0	1
7	142.0	0	1500	394	0	1
7	142.0	0	1500	394	0	1
7	142.0	0	1500	394	0	1
7	142.0	0	1500	394	0	1
7	141.0	0	1500	394	0	1
7	143.0	0	1500	394	0	1
7	142.0	0	1500	394	0	1
7	141.0	0	1500	394	0	1
7	142.0	0	1500	394	0	1
7	142.0	0	1500	394	0	1
7	143.0	0	1500	394	0	1
7	142.0	0	1500	394	0	1
7	141.0	0	1500	394	0	1
7	142.0	0	1500	394	0	1
7	143.0	0	1500	394	0	1
7	142.0	0	1500	394	0	1
7	143.0	0	1500	394	0	1
7	141.0	0	1500	394	0	1
7	142.0	0	1500	394	0	1
7	142.0	0	1500	394	0	0
7	56.0	0	1500	394	0	0
7	56.0	0	1500	394	0	0
7	56.0	0	1500	394	0	0
7	56.0	0	1500	394	0	0
8	108.0	0	1500	526	0	1
8	144.0	0	1500	526	0	1
8	143.0	0	1500	526	0	1
8	143.0	0	1500	526	0	1
8	143.0	0	1500	526	0	1
8	143.0	0	1500	526	0	1
8	142.0	0	1500	526	0	1
8	143.0	0	1500	526	0	1
8	142.0	0	1500	526	0	1
8	143.0	0	1500	526	0	1
8	144.0	0	1500	526	0	1
8	142.0	0	1500	526	0	1
8	142.0	0	1500	526	0	1
8	143.0	0	1500	526	0	1
8	142.0	0	1500	526	0	1
8	143.0	0	1500	526	0	1
8	142.0	0	1500	526	0	1
8	142.0	0	1500	526	0	1
8	143.0	0	1500	526	0	1
8	143.0	0	1500	526	0	1
8	142.0	0	1500	526	0	0
8	56.0	0	1500	526	0	0
8	56.0	0	1500	526	0	0
8	56.0	0	1500	526	0	0
8	56.0	0	1500	526	0	0
9	56.0	0	1500	657	0	1
9	143.0	0	1500	657	0	1
9	143.0	0	1500	657	0	1
9	144.0	0	1500	657	0	1
9	144.0	0	1500	657	0	1
9	144.0	0	1500	657	0	1
9	144.0	0	1500	657	0	1
9	143.0	0	1500	657	0	1
9	144.0	0	1500	657	0	1
9	144.0	0	1500	657	0	1
9	143.0	0	1500	657	0	1
9	144.0	0	1500	657	0	1
9	143.0	0	1500	657	0	1
9	144.0	0	1500	657	0	1
9	144.0	0	1500	657	0	1
9	143.0	0	1500	657	0	1
9	143.0	0	1500	657	0	1
9	144.0	0	1500	657	0	1
9	143.0	0	1500	657	0	1
9	144.0	0	1500	657	0	1
9	130.0	0	1500	657	0	0
9	56.0	0	1500	657	0	0
9	56.0	0	1500	657	0	0
9	56.0	0	1500	657	0	0
9	56.0	0	1500	657	0	0
10	56.0	0	1500	789	0	1
10	127.0	0	1500	789	0	1
10	144.0	0	1500	789	0	1
10	144.0	0	1500	789	0	1
10	145.0	0	1500	789	0	1
10	145.0	0	1500	789	0	1
10	144.0	0	1500	789	0	1
10	145.0	0	1500	789	0	1
10	145.0	0	1500	789	0	1
10	145.0	0	1500	789	0	1
10	145.0	0	1500	789	0	1
10	144.0	0	1500	789	0	1
10	145.0	0	1500	789	0	1
10	145.0	0	1500	789	0	1
10	144.0	0	1500	789	0	1
10	145.0	0	1500	789	0	1
10	144.0	0	1500	789	0	1
10	144.0	0	1500	789	0	1
10	145.0	0	1500	789	0	1
10	143.0	0	1500	789	0	1
10	144.0	0	1500	789	0	0
10	56.0	0	1500	789	0	0
10	56.0	0	1500	789	0	0
10	56.0	0	1500	789	0	0
10	56.0	0	1500	789	0	0
11	56.0	0	1500	921	0	1
11	145.0	0	1500	921	0	1
11	145.0	0	1500	921	0	1
11	146.0	0	1500	921	0	1
11	145.0	0	1500	921	0	1
11	144.0	0	1500	921	0	1
11	145.0	0	1500	921	0	1
11	145.0	0	1500	921	0	1
11	146.0	0	1500	921	0	1
11	145.0	0	1500	921	0	1
11	144.0	0	1500	921	0	1
11	146.0	0	1500	921	0	1
11	145.0	0	1500	921	0	1
11	146.0	0	1500	921	0	1
11	146.0	0	1500	921	0	1
11	144.0	0	1500	921	0	1
11	146.0	0	1500	921	0	1
11	146.0	0	1500	921	0	1
11	144.0	0	1500	921	0	1
11	146.0	0	1500	921	0	1
11	146.0	0	1500	921	0	0
11	56.0	0	1500	921	0	0
11	56.0	0	1500	921	0	0
11	56.0	0	1500	921	0	0
11	56.0	0	1500	921	0	0
12	56.0	0	1500	1052	0	1
12	147.0	0	1500	1052	0	1
12	147.0	0	1500	1052	0	1
12	146.0	0	1500	1052	0	1
12	147.0	0	1500	1052	0	1
12	146.0	0	1500	1052	0	1
12	146.0	0	1500	1052	0	1
12	147.0	0	1500	1052	0	1
12	145.0	0	1500	1052	0	1
12	145.0	0	1500	1052	0	1
12	145.0	0	1500	1052	0	1
12	145.0	0	1500	1052	0	1
12	146.0	0	1500	1052	0	1
12	145.0	0	1500	1052	0	1
12	145.0	0	1500	1052	0	1
12	146.0	0	1500	1052	0	1
12	145.0	0	1500	1052	0	1
12	145.0	0	1500	1052	0	1
12	146.0	0	1500	1052	0	1
12	145.0	0	1500	1052	0	1
12	146.0	0	1500	1052	0	0
12	56.0	0	1500	1052	0	0
12	56.0	0	1500	1052	0	0
12	56.0	0	1500	1052	0	0
12	56.0	0	1500	1052	0	0
13	56.0	0	1500	1184	0	1
13	146.0	0	1500	1184	0	1
13	147.0	0	1500	1184	0	1
13	147.0	0	1500	1184	0	1
13	146.0	0	1500	1184	0	1
13	147.0	0	1500	1184	0	1
13	147.0	0	1500	1184	0	1
13	147.0	0	1500	1184	0	1
13	147.0	0	1500	1184	0	1
13	146.0	0	1500	1184	0	1
13	146.0	0	1500	1184	0	1
13	147.0	0	1500	1184	0	1
13	146.0	0	1500	1184	0	1
13	146.0	0	1500	1184	0	1
13	147.0	0	1500	1184	0	1
13	146.0	0	1500	1184	0	1
13	147.0	0	1500	1184	0	1
13	146.0	0	1500	1184	0	1
13	146.0	0	1500	1184	0	1
13	147.0	0	1500	1184	0	1
13	146.0	0	1500	1184	0	0
13	88.0	0	1500	1184	0	0
13	56.0	0	1500	1184	0	0
13	56.0	0	1500	1184	0	0
13	56.0	0	1500	1184	0	0
14	56.0	0	1500	1315	0	1
14	148.0	0	1500	1315	0	1
14	147.0	0	1500	1315	0	1
14	147.0	0	1500	1315	0	1
14	147.0	0	1500	1315	0	1
14	147.0	0	1500	1315	0	1
14	148.0	0	1500	1315	0	1
14	148.0	0	1500	1315	0	1
14	147.0	0	1500	1315	0	1
14	148.0	0	1500	1315	0	1
14	148.0	0	1500	1315	0	1
14	147.0	0	1500	1315	0	1
14	148.0	0	1500	1315	0	1
14	147.0	0	1500	1315	0	1
14	148.0	0	1500	1315	0	1
14	148.0	0	1500	1315	0	1
14	147.0	0	1500	1315	0	1
14	148.0	0	1500	1315	0	1
14	148.0	0	1500	1315	0	1
14	147.0	0	1500	1315	0	1
14	148.0	0	1500	1315	0	0
14	56.0	0	1500	1315	0	0
14	56.0	0	1500	1315	0	0
14	56.0	0	1500	1315	0	0
14	56.0	0	1500	1315	0	0
15	56.0	0	1500	1447	0	1
15	148.0	0	1500	1447	0	1
15	149.0	0	1500	1447	0	1
15	148.0	0	1500	1447	0	1
15	148.0	0	1500	1447	0	1
15	149.0	0	1500	1447	0	1
15	148.0	0	1500	1447	0	1
15	148.0	0	1500	1447	0	1
15	149.0	0	1500	1447	0	1
15	148.0	0	1500	1447	0	1
15	149.0	0	1500	1447	0	1
15	148.0	0	1500	1447	0	1
15	147.0	0	1500	1447	0	1
15	149.0	0	1500	1447	0	1
15	149.0	0	1500	1447	0	1
15	148.0	0	1500	1447	0	1
15	149.0	0	1500	1447	0	1
15	147.0	0	1500	1447	0	1
15	149.0	0	1500	1447	0	1
15	149.0	0	1500	1447	0	1
15	147.0	0	1500	1447	0	0
15	56.0	0	1500	1447	0	0
15	56.0	0	1500	1447	0	0
15	56.0	0	1500	1447	0	0
15	56.0	0	1500	1447	0	0
16	56.0	0	1500	1578	0	1
16	150.0	0	1500	1578	0	1
16	149.0	0	1500	1578	0	1
16	148.0	0	1500	1578	0	1
16	150.0	0	1500	1578	0	1
16	149.0	0	1500	1578	0	1
16	150.0	0	1500	1578	0	1
16	149.0	0	1500	1578	0	1
16	148.0	0	1500	1578	0	1
16	150.0	0	1500	1578	0	1
16	148.0	0	1500	1578	0	1
16	148.0	0	1500	1578	0	1
16	150.0	0	1500	1578	0	1
16	148.0	0	1500	1578	0	1
16	150.0	0	1500	1578	0	1
16	150.0	0	1500	1578	0	1
16	148.0	0	1500	1578	0	1
16	150.0	0	1500	1578	0	1
16	150.0	0	1500	1578	0	1
16	148.0	0	1500	1578	0	1
16	150.0	0	1500	1578	0	0
16	56.0	0	1500	1578	0	0
16	56.0	0	1500	1578	0	0
16	56.0	0	1500	1578	0	0
16	56.0	0	1500	1578	0	0
17	56.0	0	1500	1710	0	1
17	112.0	0	1500	1710	0	1
17	151.0	0	1500	1710	0	1
17	149.0	0	1500	1710	0	1
17	150.0	0	1500	1710	0	1
17	150.0	0	1500	1710	0	1
17	149.0	0	1500	1710	0	1
17	151.0	0	1500	1710	0	1
17	151.0	0	1500	1710	0	1
17	149.0	0	1500	1710	0	1
17	150.0	0	1500	1710	0	1
17	149.0	0	1500	1710	0	1
17	149.0	0	1500	1710	0	1
17	151.0	0	1500	1710	0	1
17	149.0	0	1500	1710	0	1
17	149.0	0	1500	1710	0	1
17	150.0	0	1500	1710	0	1
17	149.0	0	1500	1710	0	1
17	151.0	0	1500	1710	0	1
17	149.0	0	1500	1710	0	1
17	149.0	0	1500	1710	0	0
17	56.0	0	1500	1710	0	0
17	56.0	0	1500	1710	0	0
17	56.0	0	1500	1710	0	0
17	56.0	0	1500	1710	0	0
18	56.0	0	1500	1842	0	1
18	150.0	0	1500	1842	0	1
18	150.0	0	1500	1842	0	1
18	151.0	0	1500	1842	0	1
18	151.0	0	1500	1842	0	1
18	150.0	0	1500	1842	0	1
18	151.0	0	1500	1842	0	1
18	150.0	0	1500	1842	0	1
18	151.0	0	1500	1842	0	1
18	151.0	0	1500	1842	0	1
18	150.0	0	1500	1842	0	1
18	151.0	0	1500	1842	0	1
18	151.0	0	1500	1842	0	1
18	150.0	0	1500	1842	0	1
18	151.0	0	1500	1842	0	1
18	150.0	0	1500	1842	0	1
18	150.0	0	1500	1842	0	1
18	151.0	0	1500	1842	0	1
18	150.0	0	1500	1842	0	1
18	150.0	0	1500	1842	0	1
18	151.0	0	1500	1842	0	0
18	135.0	0	1500	1842	0	0
18	56.0	0	1500	1842	0	0
18	56.0	0	1500	1842	0	0
18	56.0	0	1500	1842	0	0
19	56.0	0	1500	1973	0	1
19	132.0	0	1500	1973	0	1
19	152.0	0	1500	1973	0	1
19	151.0	0	1500	1973	0	1
19	152.0	0	1500	1973	0	1
19	151.0	0	1500	1973	0	1
19	151.0	0	1500	1973	0	1
19	152.0	0	1500	1973	0	1
19	152.0	0	1500	1973	0	1
19	151.0	0	1500	1973	0	1
19	152.0	0	1500	1973	0	1
19	150.0	0	1500	1973	0	1
19	152.0	0	1500	1973	0	1
19	152.0	0	1500	1973	0	1
19	151.0	0	1500	1973	0	1
19	152.0	0	1500	1973	0	1
19	152.0	0	1500	1973	0	1
19	151.0	0	1500	1973	0	1
19	151.0	0	1500	1973	0	1
19	151.0	0	1500	1973	0	1
19	151.0	0	1500	1973	0	0
19	56.0	0	1500	1973	0	0
19	56.0	0	1500	1973	0	0
19	56.0	0	1500	1973	0	0
19	56.0	0	1500	1973	0	0
20	56.0	0	1500	2105	0	1
20	152.0	0	1500	2105	0	1
20	152.0	0	1500	2105	0	1
20	153.0	0	1500	2105	0	1
20	152.0	0	1500	2105	0	1
20	152.0	0	1500	2105	0	1
20	153.0	0	1500	2105	0	1
20	151.0	0	1500	2105	0	1
20	153.0	0	1500	2105	0	1
20	151.0	0	1500	2105	0	1
20	152.0	0	1500	2105	0	1
20	153.0	0	1500	2105	0	1
20	152.0	0	1500	2105	0	1
20	152.0	0	1500	2105	0	1
20	153.0	0	1500	2105	0	1
20	153.0	0	1500	2105	0	1
20	153.0	0	1500	2105	0	1
20	153.0	0	1500	2105	0	1
20	152.0	0	1500	2105	0	1
20	153.0	0	1500	2105	0	1
20	153.0	0	1500	2105	0	0
20	109.0	0	1500	2105	0	0
20	56.0	0	1500	2105	0	0
20	56.0	0	1500	2105	0	0
20	56.0	0	1500	2105	0	0
21	56.0	0	1500	2236	0	1
21	154.0	0	1500	2236	0	1
21	154.0	0	1500	2236	0	1
21	153.0	0	1500	2236	0	1
21	154.0	0	1500	2236	0	1
21	152.0	0	1500	2236	0	1
21	154.0	0	1500	2236	0	1
21	154.0	0	1500	2236	0	1
21	152.0	0	1500	2236	0	1
21	153.0	0	1500	2236	0	1
21	154.0	0	1500	2236	0	1
21	153.0	0	1500	2236	0	1
21	153.0	0	1500	2236	0	1
21	153.0	0	1500	2236	0	1
21	153.0	0	1500	2236	0	1
21	154.0	0	1500	2236	0	1
21	152.0	0	1500	2236	0	1
21	152.0	0	1500	2236	0	1
21	154.0	0	1500	2236	0	1
21	153.0	0	1500	2236	0	1
21	154.0	0	1500	2236	0	0
21	56.0	0	1500	2236	0	0
21	56.0	0	1500	2236	0	0
21	56.0	0	1500	2236	0	0
21	56.0	0	1500	2236	0	0
22	56.0	0	1500	2368	0	1
22	56.0	0	1500	2368	0	1
22	155.0	0	1500	2368	0	1
22	155.0	0	1500	2368	0	1
22	153.0	0	1500	2368	0	1
22	155.0	0	1500	2368	0	1
22	155.0	0	1500	2368	0	1
22	153.0	0	1500	2368	0	1
22	155.0	0	1500	2368	0	1
22	155.0	0	1500	2368	0	1
22	154.0	0	1500	2368	0	1
22	155.0	0	1500	2368	0	1
22	154.0	0	1500	2368	0	1
22	153.0	0	1500	2368	0	1
22	155.0	0	1500	2368	0	1
22	153.0	0	1500	2368	0	1
22	154.0	0	1500	2368	0	1
22	154.0	0	1500	2368	0	1
22	154.0	0	1500	2368	0	1
22	155.0	0	1500	2368	0	1
22	154.0	0	1500	2368	0	0
22	91.0	0	1500	2368	0	0
22	56.0	0	1500	2368	0	0
22	56.0	0	1500	2368	0	0
22	56.0	0	1500	2368	0	0
23	56.0	0	1500	2500	0	1
23	155.0	0	1500	2500	0	1
23	154.0	0	1500	2500	0	1
23	154.0	0	1500	2500	0	1
23	155.0	0	1500	2500	0	1
23	154.0	0	1500	2500	0	1
23	154.0	0	1500	2500	0	1
23	155.0	0	1500	2500	0	1
23	153.0	0	1500	2500	0	1
23	155.0	0	1500	2500	0	1
23	155.0	0	1500	2500	0	1
23	154.0	0	1500	2500	0	1
23	155.0	0	1500	2500	0	1
23	155.0	0	1500	2500	0	1
23	155.0	0	1500	2500	0	1
23	155.0	0	1500	2500	0	1
23	154.0	0	1500	2500	0	1
23	155.0	0	1500	2500	0	1
23	155.0	0	1500	2500	0	1
23	154.0	0	1500	2500	0	1
