Stim	Lux	Yellow	Red	Blue	Blue2	Trig
1	255.0	0	0	0	1200	1
1	275.0	0	0	0	1200	1
1	275.0	0	0	0	1200	1
1	275.0	0	0	0	1200	1
1	275.0	0	0	0	1200	1
1	275.0	0	0	0	1200	1
1	275.0	0	0	0	1200	1
1	275.0	0	0	0	1200	1
1	275.0	0	0	0	1200	1
1	275.0	0	0	0	1200	1
1	275.0	0	0	0	1200	1
1	275.0	0	0	0	1200	1
1	275.0	0	0	0	1200	1
1	274.0	0	0	0	1200	1
1	275.0	0	0	0	1200	1
1	274.0	0	0	0	1200	1
1	274.0	0	0	0	1200	1
1	275.0	0	0	0	1200	1
1	275.0	0	0	0	1200	1
1	275.0	0	0	0	1200	1
1	275.0	0	0	0	1200	0
1	66.0	0	0	0	1200	0
1	66.0	0	0	0	1200	0
1	66.0	0	0	0	1200	0
1	66.0	0	0	0	1200	0
2	141.0	0	0	0	1200	1
2	275.0	0	0	0	1200	1
2	275.0	0	0	0	1200	1
2	276.0	0	0	0	1200	1
2	276.0	0	0	0	1200	1
2	276.0	0	0	0	1200	1
2	275.0	0	0	0	1200	1
2	275.0	0	0	0	1200	1
2	276.0	0	0	0	1200	1
2	275.0	0	0	0	1200	1
2	275.0	0	0	0	1200	1
2	275.0	0	0	0	1200	1
2	275.0	0	0	0	1200	1
2	276.0	0	0	0	1200	1
2	275.0	0	0	0	1200	1
2	276.0	0	0	0	1200	1
2	276.0	0	0	0	1200	1
2	275.0	0	0	0	1200	1
2	276.0	0	0	0	1200	1
2	275.0	0	0	0	1200	1
2	132.0	0	0	0	1200	0
2	66.0	0	0	0	1200	0
2	66.0	0	0	0	1200	0
2	66.0	0	0	0	1200	0
2	66.0	0	0	0	1200	0
3	66.0	0	0	0	1200	1
3	275.0	0	0	0	1200	1
3	275.0	0	0	0	1200	1
3	275.0	0	0	0	1200	1
3	275.0	0	0	0	1200	1
3	275.0	0	0	0	1200	1
3	275.0	0	0	0	1200	1
3	275.0	0	0	0	1200	1
3	275.0	0	0	0	1200	1
3	275.0	0	0	0	1200	1
3	275.0	0	0	0	1200	1
3	275.0	0	0	0	1200	1
3	275.0	0	0	0	1200	1
3	275.0	0	0	0	1200	1
3	275.0	0	0	0	1200	1
3	275.0	0	0	0	1200	1
3	275.0	0	0	0	1200	1
3	275.0	0	0	0	1200	1
3	275.0	0	0	0	1200	1
3	275.0	0	0	0	1200	1
3	246.0	0	0	0	1200	0
3	66.0	0	0	0	1200	0
3	66.0	0	0	0	1200	0
3	66.0	0	0	0	1200	0
3	66.0	0	0	0	1200	0
4	66.0	0	0	0	1200	1
4	171.0	0	0	0	1200	1
4	170.0	0	0	0	1200	1
4	169.0	0	0	0	1200	1
4	171.0	0	0	0	1200	1
4	170.0	0	0	0	1200	1
4	171.0	0	0	0	1200	1
4	170.0	0	0	0	1200	1
4	170.0	0	0	0	1200	1
4	171.0	0	0	0	1200	1
4	171.0	0	0	0	1200	1
4	170.0	0	0	0	1200	1
4	171.0	0	0	0	1200	1
4	170.0	0	0	0	1200	1
4	172.0	0	0	0	1200	1
4	171.0	0	0	0	1200	1
4	170.0	0	0	0	1200	1
4	171.0	0	0	0	1200	1
4	171.0	0	0	0	1200	1
4	170.0	0	0	0	1200	1
4	66.0	0	0	0	1200	0
4	66.0	0	0	0	1200	0
4	66.0	0	0	0	1200	0
4	66.0	0	0	0	1200	0
4	66.0	0	0	0	1200	0
5	66.0	0	0	131	1200	1
5	172.0	0	0	131	1200	1
5	172.0	0	0	131	1200	1
5	173.0	0	0	131	1200	1
5	172.0	0	0	131	1200	1
5	172.0	0	0	131	1200	1
5	173.0	0	0	131	1200	1
5	173.0	0	0	131	1200	1
5	172.0	0	0	131	1200	1
5	173.0	0	0	131	1200	1
5	172.0	0	0	131	1200	1
5	173.0	0	0	131	1200	1
5	173.0	0	0	131	1200	1
5	172.0	0	0	131	1200	1
5	173.0	0	0	131	1200	1
5	173.0	0	0	131	1200	1
5	172.0	0	0	131	1200	1
5	173.0	0	0	131	1200	1
5	172.0	0	0	131	1200	1
5	172.0	0	0	131	1200	1
5	172.0	0	0	131	1200	0
5	66.0	0	0	131	1200	0
5	66.0	0	0	131	1200	0
5	66.0	0	0	131	1200	0
5	66.0	0	0	131	1200	0
6	99.0	0	0	263	1200	1
6	183.0	0	0	263	1200	1
6	184.0	0	0	263	1200	1
6	183.0	0	0	263	1200	1
6	183.0	0	0	263	1200	1
6	184.0	0	0	263	1200	1
6	183.0	0	0	263	1200	1
6	184.0	0	0	263	1200	1
6	182.0	0	0	263	1200	1
6	183.0	0	0	263	1200	1
6	184.0	0	0	263	1200	1
6	183.0	0	0	263	1200	1
6	183.0	0	0	263	1200	1
6	184.0	0	0	263	1200	1
6	183.0	0	0	263	1200	1
6	184.0	0	0	263	1200	1
6	184.0	0	0	263	1200	1
6	183.0	0	0	263	1200	1
6	184.0	0	0	263	1200	1
6	184.0	0	0	263	1200	1
6	183.0	0	0	263	1200	0
6	66.0	0	0	263	1200	0
6	66.0	0	0	263	1200	0
6	66.0	0	0	263	1200	0
6	66.0	0	0	263	1200	0
7	66.0	0	0	394	1200	1
7	162.0	0	0	394	1200	1
7	196.0	0	0	394	1200	1
7	195.0	0	0	394	1200	1
7	196.0	0	0	394	1200	1
7	196.0	0	0	394	1200	1
7	195.0	0	0	394	1200	1
7	196.0	0	0	394	1200	1
7	196.0	0	0	394	1200	1
7	195.0	0	0	394	1200	1
7	196.0	0	0	394	1200	1
7	195.0	0	0	394	1200	1
7	196.0	0	0	394	1200	1
7	196.0	0	0	394	1200	1
7	195.0	0	0	394	1200	1
7	195.0	0	0	394	1200	1
7	196.0	0	0	394	1200	1
7	195.0	0	0	394	1200	1
7	196.0	0	0	394	1200	1
7	194.0	0	0	394	1200	1
7	115.0	0	0	394	1200	0
7	66.0	0	0	394	1200	0
7	66.0	0	0	394	1200	0
7	66.0	0	0	394	1200	0
7	66.0	0	0	394	1200	0
8	129.0	0	0	526	1200	1
8	208.0	0	0	526	1200	1
8	208.0	0	0	526	1200	1
8	207.0	0	0	526	1200	1
8	208.0	0	0	526	1200	1
8	208.0	0	0	526	1200	1
8	207.0	0	0	526	1200	1
8	208.0	0	0	526	1200	1
8	207.0	0	0	526	1200	1
8	208.0	0	0	526	1200	1
8	208.0	0	0	526	1200	1
8	207.0	0	0	526	1200	1
8	208.0	0	0	526	1200	1
8	208.0	0	0	526	1200	1
8	207.0	0	0	526	1200	1
8	208.0	0	0	526	1200	1
8	207.0	0	0	526	1200	1
8	208.0	0	0	526	1200	1
8	208.0	0	0	526	1200	1
8	207.0	0	0	526	1200	1
8	207.0	0	0	526	1200	0
8	66.0	0	0	526	1200	0
8	66.0	0	0	526	1200	0
8	66.0	0	0	526	1200	0
8	66.0	0	0	526	1200	0
9	66.0	0	0	657	1200	1
9	220.0	0	0	657	1200	1
9	221.0	0	0	657	1200	1
9	221.0	0	0	657	1200	1
9	221.0	0	0	657	1200	1
9	221.0	0	0	657	1200	1
9	221.0	0	0	657	1200	1
9	221.0	0	0	657	1200	1
9	221.0	0	0	657	1200	1
9	221.0	0	0	657	1200	1
9	221.0	0	0	657	1200	1
9	221.0	0	0	657	1200	1
9	221.0	0	0	657	1200	1
9	221.0	0	0	657	1200	1
9	221.0	0	0	657	1200	1
9	221.0	0	0	657	1200	1
9	221.0	0	0	657	1200	1
9	221.0	0	0	657	1200	1
9	221.0	0	0	657	1200	1
9	221.0	0	0	657	1200	1
9	153.0	0	0	657	1200	0
9	66.0	0	0	657	1200	0
9	66.0	0	0	657	1200	0
9	66.0	0	0	657	1200	0
9	66.0	0	0	657	1200	0
10	66.0	0	0	789	1200	1
10	117.0	0	0	789	1200	1
10	234.0	0	0	789	1200	1
10	234.0	0	0	789	1200	1
10	234.0	0	0	789	1200	1
10	234.0	0	0	789	1200	1
10	235.0	0	0	789	1200	1
10	234.0	0	0	789	1200	1
10	234.0	0	0	789	1200	1
10	234.0	0	0	789	1200	1
10	234.0	0	0	789	1200	1
10	235.0	0	0	789	1200	1
10	234.0	0	0	789	1200	1
10	234.0	0	0	789	1200	1
10	234.0	0	0	789	1200	1
10	234.0	0	0	789	1200	1
10	235.0	0	0	789	1200	1
10	235.0	0	0	789	1200	1
10	234.0	0	0	789	1200	1
10	234.0	0	0	789	1200	1
10	234.0	0	0	789	1200	0
10	66.0	0	0	789	1200	0
10	66.0	0	0	789	1200	0
10	66.0	0	0	789	1200	0
10	66.0	0	0	789	1200	0
11	66.0	0	0	921	1200	1
11	247.0	0	0	921	1200	1
11	248.0	0	0	921	1200	1
11	247.0	0	0	921	1200	1
11	247.0	0	0	921	1200	1
11	247.0	0	0	921	1200	1
11	247.0	0	0	921	1200	1
11	247.0	0	0	921	1200	1
11	247.0	0	0	921	1200	1
11	247.0	0	0	921	1200	1
11	247.0	0	0	921	1200	1
11	247.0	0	0	921	1200	1
11	247.0	0	0	921	1200	1
11	247.0	0	0	921	1200	1
11	247.0	0	0	921	1200	1
11	247.0	0	0	921	1200	1
11	247.0	0	0	921	1200	1
11	247.0	0	0	921	1200	1
11	248.0	0	0	921	1200	1
11	247.0	0	0	921	1200	1
11	247.0	0	0	921	1200	0
11	66.0	0	0	921	1200	0
11	66.0	0	0	921	1200	0
11	66.0	0	0	921	1200	0
11	66.0	0	0	921	1200	0
12	66.0	0	0	1052	1200	1
12	189.0	0	0	1052	1200	1
12	260.0	0	0	1052	1200	1
12	261.0	0	0	1052	1200	1
12	260.0	0	0	1052	1200	1
12	260.0	0	0	1052	1200	1
12	261.0	0	0	1052	1200	1
12	260.0	0	0	1052	1200	1
12	260.0	0	0	1052	1200	1
12	261.0	0	0	1052	1200	1
12	260.0	0	0	1052	1200	1
12	260.0	0	0	1052	1200	1
12	260.0	0	0	1052	1200	1
12	260.0	0	0	1052	1200	1
12	261.0	0	0	1052	1200	1
12	260.0	0	0	1052	1200	1
12	261.0	0	0	1052	1200	1
12	260.0	0	0	1052	1200	1
12	261.0	0	0	1052	1200	1
12	261.0	0	0	1052	1200	1
12	235.0	0	0	1052	1200	0
12	66.0	0	0	1052	1200	0
12	66.0	0	0	1052	1200	0
12	66.0	0	0	1052	1200	0
12	66.0	0	0	1052	1200	0
13	66.0	0	0	1184	1200	1
13	274.0	0	0	1184	1200	1
13	274.0	0	0	1184	1200	1
13	273.0	0	0	1184	1200	1
13	274.0	0	0	1184	1200	1
13	274.0	0	0	1184	1200	1
13	274.0	0	0	1184	1200	1
13	274.0	0	0	1184	1200	1
13	273.0	0	0	1184	1200	1
13	274.0	0	0	1184	1200	1
13	274.0	0	0	1184	1200	1
13	273.0	0	0	1184	1200	1
13	274.0	0	0	1184	1200	1
13	274.0	0	0	1184	1200	1
13	273.0	0	0	1184	1200	1
13	274.0	0	0	1184	1200	1
13	273.0	0	0	1184	1200	1
13	274.0	0	0	1184	1200	1
13	274.0	0	0	1184	1200	1
13	273.0	0	0	1184	1200	1
13	274.0	0	0	1184	1200	0
13	102.0	0	0	1184	1200	0
13	66.0	0	0	1184	1200	0
13	66.0	0	0	1184	1200	0
13	66.0	0	0	1184	1200	0
14	66.0	0	0	1315	1200	1
14	227.0	0	0	1315	1200	1
14	287.0	0	0	1315	1200	1
14	287.0	0	0	1315	1200	1
14	286.0	0	0	1315	1200	1
14	287.0	0	0	1315	1200	1
14	286.0	0	0	1315	1200	1
14	287.0	0	0	1315	1200	1
14	287.0	0	0	1315	1200	1
14	286.0	0	0	1315	1200	1
14	286.0	0	0	1315	1200	1
14	287.0	0	0	1315	1200	1
14	286.0	0	0	1315	1200	1
14	287.0	0	0	1315	1200	1
14	286.0	0	0	1315	1200	1
14	286.0	0	0	1315	1200	1
14	287.0	0	0	1315	1200	1
14	286.0	0	0	1315	1200	1
14	286.0	0	0	1315	1200	1
14	286.0	0	0	1315	1200	1
14	231.0	0	0	1315	1200	0
14	66.0	0	0	1315	1200	0
14	66.0	0	0	1315	1200	0
14	66.0	0	0	1315	1200	0
14	66.0	0	0	1315	1200	0
15	66.0	0	0	1447	1200	1
15	300.0	0	0	1447	1200	1
15	299.0	0	0	1447	1200	1
15	300.0	0	0	1447	1200	1
15	300.0	0	0	1447	1200	1
15	299.0	0	0	1447	1200	1
15	300.0	0	0	1447	1200	1
15	300.0	0	0	1447	1200	1
15	299.0	0	0	1447	1200	1
15	300.0	0	0	1447	1200	1
15	299.0	0	0	1447	1200	1
15	300.0	0	0	1447	1200	1
15	300.0	0	0	1447	1200	1
15	299.0	0	0	1447	1200	1
15	300.0	0	0	1447	1200	1
15	300.0	0	0	1447	1200	1
15	300.0	0	0	1447	1200	1
15	300.0	0	0	1447	1200	1
15	299.0	0	0	1447	1200	1
15	300.0	0	0	1447	1200	1
15	300.0	0	0	1447	1200	0
15	66.0	0	0	1447	1200	0
15	66.0	0	0	1447	1200	0
15	66.0	0	0	1447	1200	0
15	66.0	0	0	1447	1200	0
16	66.0	0	0	1578	1200	1
16	281.0	0	0	1578	1200	1
16	313.0	0	0	1578	1200	1
16	313.0	0	0	1578	1200	1
16	313.0	0	0	1578	1200	1
16	313.0	0	0	1578	1200	1
16	313.0	0	0	1578	1200	1
16	313.0	0	0	1578	1200	1
16	313.0	0	0	1578	1200	1
16	313.0	0	0	1578	1200	1
16	313.0	0	0	1578	1200	1
16	313.0	0	0	1578	1200	1
16	313.0	0	0	1578	1200	1
16	313.0	0	0	1578	1200	1
16	313.0	0	0	1578	1200	1
16	313.0	0	0	1578	1200	1
16	313.0	0	0	1578	1200	1
16	313.0	0	0	1578	1200	1
16	314.0	0	0	1578	1200	1
16	313.0	0	0	1578	1200	1
16	234.0	0	0	1578	1200	0
16	66.0	0	0	1578	1200	0
16	66.0	0	0	1578	1200	0
16	66.0	0	0	1578	1200	0
16	66.0	0	0	1578	1200	0
17	66.0	0	0	1710	1200	1
17	129.0	0	0	1710	1200	1
17	326.0	0	0	1710	1200	1
17	327.0	0	0	1710	1200	1
17	326.0	0	0	1710	1200	1
17	326.0	0	0	1710	1200	1
17	327.0	0	0	1710	1200	1
17	326.0	0	0	1710	1200	1
17	326.0	0	0	1710	1200	1
17	327.0	0	0	1710	1200	1
17	326.0	0	0	1710	1200	1
17	326.0	0	0	1710	1200	1
17	326.0	0	0	1710	1200	1
17	325.0	0	0	1710	1200	1
17	326.0	0	0	1710	1200	1
17	326.0	0	0	1710	1200	1
17	325.0	0	0	1710	1200	1
17	326.0	0	0	1710	1200	1
17	326.0	0	0	1710	1200	1
17	327.0	0	0	1710	1200	1
17	326.0	0	0	1710	1200	0
17	66.0	0	0	1710	1200	0
17	66.0	0	0	1710	1200	0
17	66.0	0	0	1710	1200	0
17	66.0	0	0	1710	1200	0
18	66.0	0	0	1842	1200	1
18	340.0	0	0	1842	1200	1
18	340.0	0	0	1842	1200	1
18	339.0	0	0	1842	1200	1
18	340.0	0	0	1842	1200	1
18	340.0	0	0	1842	1200	1
18	339.0	0	0	1842	1200	1
18	340.0	0	0	1842	1200	1
18	339.0	0	0	1842	1200	1
18	339.0	0	0	1842	1200	1
18	340.0	0	0	1842	1200	1
18	339.0	0	0	1842	1200	1
18	339.0	0	0	1842	1200	1
18	340.0	0	0	1842	1200	1
18	339.0	0	0	1842	1200	1
18	340.0	0	0	1842	1200	1
18	340.0	0	0	1842	1200	1
18	339.0	0	0	1842	1200	1
18	340.0	0	0	1842	1200	1
18	339.0	0	0	1842	1200	1
18	339.0	0	0	1842	1200	0
18	153.0	0	0	1842	1200	0
18	66.0	0	0	1842	1200	0
18	66.0	0	0	1842	1200	0
18	66.0	0	0	1842	1200	0
19	66.0	0	0	1973	1200	1
19	212.0	0	0	1973	1200	1
19	353.0	0	0	1973	1200	1
19	353.0	0	0	1973	1200	1
19	353.0	0	0	1973	1200	1
19	352.0	0	0	1973	1200	1
19	352.0	0	0	1973	1200	1
19	353.0	0	0	1973	1200	1
19	353.0	0	0	1973	1200	1
19	352.0	0	0	1973	1200	1
19	353.0	0	0	1973	1200	1
19	352.0	0	0	1973	1200	1
19	353.0	0	0	1973	1200	1
19	353.0	0	0	1973	1200	1
19	352.0	0	0	1973	1200	1
19	353.0	0	0	1973	1200	1
19	353.0	0	0	1973	1200	1
19	352.0	0	0	1973	1200	1
19	352.0	0	0	1973	1200	1
19	352.0	0	0	1973	1200	1
19	352.0	0	0	1973	1200	0
19	66.0	0	0	1973	1200	0
19	66.0	0	0	1973	1200	0
19	66.0	0	0	1973	1200	0
19	66.0	0	0	1973	1200	0
20	66.0	0	0	2105	1200	1
20	367.0	0	0	2105	1200	1
20	366.0	0	0	2105	1200	1
20	365.0	0	0	2105	1200	1
20	367.0	0	0	2105	1200	1
20	367.0	0	0	2105	1200	1
20	366.0	0	0	2105	1200	1
20	367.0	0	0	2105	1200	1
20	365.0	0	0	2105	1200	1
20	367.0	0	0	2105	1200	1
20	366.0	0	0	2105	1200	1
20	365.0	0	0	2105	1200	1
20	367.0	0	0	2105	1200	1
20	366.0	0	0	2105	1200	1
20	365.0	0	0	2105	1200	1
20	366.0	0	0	2105	1200	1
20	365.0	0	0	2105	1200	1
20	366.0	0	0	2105	1200	1
20	366.0	0	0	2105	1200	1
20	365.0	0	0	2105	1200	1
20	365.0	0	0	2105	1200	0
20	139.0	0	0	2105	1200	0
20	66.0	0	0	2105	1200	0
20	66.0	0	0	2105	1200	0
20	66.0	0	0	2105	1200	0
21	66.0	0	0	2236	1200	1
21	212.0	0	0	2236	1200	1
21	379.0	0	0	2236	1200	1
21	380.0	0	0	2236	1200	1
21	378.0	0	0	2236	1200	1
21	380.0	0	0	2236	1200	1
21	378.0	0	0	2236	1200	1
21	379.0	0	0	2236	1200	1
21	380.0	0	0	2236	1200	1
21	380.0	0	0	2236	1200	1
21	379.0	0	0	2236	1200	1
21	380.0	0	0	2236	1200	1
21	380.0	0	0	2236	1200	1
21	380.0	0	0	2236	1200	1
21	380.0	0	0	2236	1200	1
21	379.0	0	0	2236	1200	1
21	380.0	0	0	2236	1200	1
21	380.0	0	0	2236	1200	1
21	379.0	0	0	2236	1200	1
21	380.0	0	0	2236	1200	1
21	320.0	0	0	2236	1200	0
21	66.0	0	0	2236	1200	0
21	66.0	0	0	2236	1200	0
21	66.0	0	0	2236	1200	0
21	66.0	0	0	2236	1200	0
22	66.0	0	0	2368	1200	1
22	66.0	0	0	2368	1200	1
22	394.0	0	0	2368	1200	1
22	394.0	0	0	2368	1200	1
22	392.0	0	0	2368	1200	1
22	394.0	0	0	2368	1200	1
22	394.0	0	0	2368	1200	1
22	392.0	0	0	2368	1200	1
22	394.0	0	0	2368	1200	1
22	394.0	0	0	2368	1200	1
22	392.0	0	0	2368	1200	1
22	394.0	0	0	2368	1200	1
22	392.0	0	0	2368	1200	1
22	392.0	0	0	2368	1200	1
22	394.0	0	0	2368	1200	1
22	392.0	0	0	2368	1200	1
22	392.0	0	0	2368	1200	1
22	392.0	0	0	2368	1200	1
22	392.0	0	0	2368	1200	1
22	394.0	0	0	2368	1200	1
22	392.0	0	0	2368	1200	0
22	144.0	0	0	2368	1200	0
22	66.0	0	0	2368	1200	0
22	66.0	0	0	2368	1200	0
22	66.0	0	0	2368	1200	0
23	66.0	0	0	2500	1200	1
23	284.0	0	0	2500	1200	1
23	408.0	0	0	2500	1200	1
23	407.0	0	0	2500	1200	1
23	406.0	0	0	2500	1200	1
23	408.0	0	0	2500	1200	1
23	407.0	0	0	2500	1200	1
23	406.0	0	0	2500	1200	1
23	407.0	0	0	2500	1200	1
23	405.0	0	0	2500	1200	1
23	406.0	0	0	2500	1200	1
23	407.0	0	0	2500	1200	1
23	405.0	0	0	2500	1200	1
23	406.0	0	0	2500	1200	1
23	406.0	0	0	2500	1200	1
23	406.0	0	0	2500	1200	1
23	407.0	0	0	2500	1200	1
23	406.0	0	0	2500	1200	1
23	405.0	0	0	2500	1200	1
23	407.0	0	0	2500	1200	1
