Stim	Lux	Yellow	Red	Blue	Blue2	Trig
1	196.0	1800	0	0	0	1
1	210.0	1800	0	0	0	1
1	210.0	1800	0	0	0	1
1	209.0	1800	0	0	0	1
1	210.0	1800	0	0	0	1
1	209.0	1800	0	0	0	1
1	209.0	1800	0	0	0	1
1	209.0	1800	0	0	0	1
1	209.0	1800	0	0	0	1
1	210.0	1800	0	0	0	1
1	209.0	1800	0	0	0	1
1	209.0	1800	0	0	0	1
1	210.0	1800	0	0	0	1
1	209.0	1800	0	0	0	1
1	210.0	1800	0	0	0	1
1	209.0	1800	0	0	0	1
1	209.0	1800	0	0	0	1
1	210.0	1800	0	0	0	1
1	209.0	1800	0	0	0	1
1	209.0	1800	0	0	0	1
1	209.0	1800	0	0	0	0
1	56.0	1800	0	0	0	0
1	56.0	1800	0	0	0	0
1	56.0	1800	0	0	0	0
1	56.0	1800	0	0	0	0
2	111.0	1800	0	0	0	1
2	209.0	1800	0	0	0	1
2	209.0	1800	0	0	0	1
2	209.0	1800	0	0	0	1
2	209.0	1800	0	0	0	1
2	209.0	1800	0	0	0	1
2	209.0	1800	0	0	0	1
2	209.0	1800	0	0	0	1
2	209.0	1800	0	0	0	1
2	209.0	1800	0	0	0	1
2	209.0	1800	0	0	0	1
2	209.0	1800	0	0	0	1
2	209.0	1800	0	0	0	1
2	209.0	1800	0	0	0	1
2	209.0	1800	0	0	0	1
2	209.0	1800	0	0	0	1
2	209.0	1800	0	0	0	1
2	209.0	1800	0	0	0	1
2	209.0	1800	0	0	0	1
2	209.0	1800	0	0	0	1
2	105.0	1800	0	0	0	0
2	56.0	1800	0	0	0	0
2	56.0	1800	0	0	0	0
2	56.0	1800	0	0	0	0
2	56.0	1800	0	0	0	0
3	56.0	1800	0	0	0	1
3	210.0	1800	0	0	0	1
3	209.0	1800	0	0	0	1
3	209.0	1800	0	0	0	1
3	209.0	1800	0	0	0	1
3	209.0	1800	0	0	0	1
3	209.0	1800	0	0	0	1
3	209.0	1800	0	0	0	1
3	209.0	1800	0	0	0	1
3	209.0	1800	0	0	0	1
3	209.0	1800	0	0	0	1
3	209.0	1800	0	0	0	1
3	209.0	1800	0	0	0	1
3	209.0	1800	0	0	0	1
3	209.0	1800	0	0	0	1
3	209.0	1800	0	0	0	1
3	209.0	1800	0	0	0	1
3	210.0	1800	0	0	0	1
3	209.0	1800	0	0	0	1
3	209.0	1800	0	0	0	1
3	188.0	1800	0	0	0	0
3	56.0	1800	0	0	0	0
3	56.0	1800	0	0	0	0
3	56.0	1800	0	0	0	0
3	56.0	1800	0	0	0	0
4	56.0	1800	0	0	0	1
4	132.0	1800	0	0	0	1
4	133.0	1800	0	0	0	1
4	133.0	1800	0	0	0	1
4	132.0	1800	0	0	0	1
4	133.0	1800	0	0	0	1
4	132.0	1800	0	0	0	1
4	133.0	1800	0	0	0	1
4	133.0	1800	0	0	0	1
4	132.0	1800	0	0	0	1
4	132.0	1800	0	0	0	1
4	133.0	1800	0	0	0	1
4	132.0	1800	0	0	0	1
4	133.0	1800	0	0	0	1
4	132.0	1800	0	0	0	1
4	132.0	1800	0	0	0	1
4	133.0	1800	0	0	0	1
4	132.0	1800	0	0	0	1
4	132.0	1800	0	0	0	1
4	133.0	1800	0	0	0	1
4	83.0	1800	0	0	0	0
4	56.0	1800	0	0	0	0
4	56.0	1800	0	0	0	0
4	56.0	1800	0	0	0	0
4	56.0	1800	0	0	0	0
5	56.0	1800	0	131	0	1
5	134.0	1800	0	131	0	1
5	133.0	1800	0	131	0	1
5	133.0	1800	0	131	0	1
5	132.0	1800	0	131	0	1
5	132.0	1800	0	131	0	1
5	133.0	1800	0	131	0	1
5	133.0	1800	0	131	0	1
5	133.0	1800	0	131	0	1
5	133.0	1800	0	131	0	1
5	132.0	1800	0	131	0	1
5	133.0	1800	0	131	0	1
5	133.0	1800	0	131	0	1
5	132.0	1800	0	131	0	1
5	133.0	1800	0	131	0	1
5	133.0	1800	0	131	0	1
5	132.0	1800	0	131	0	1
5	133.0	1800	0	131	0	1
5	133.0	1800	0	131	0	1
5	133.0	1800	0	131	0	1
5	133.0	1800	0	131	0	0
5	56.0	1800	0	131	0	0
5	56.0	1800	0	131	0	0
5	56.0	1800	0	131	0	0
5	56.0	1800	0	131	0	0
6	80.0	1800	0	263	0	1
6	133.0	1800	0	263	0	1
6	134.0	1800	0	263	0	1
6	133.0	1800	0	263	0	1
6	133.0	1800	0	263	0	1
6	134.0	1800	0	263	0	1
6	133.0	1800	0	263	0	1
6	134.0	1800	0	263	0	1
6	133.0	1800	0	263	0	1
6	133.0	1800	0	263	0	1
6	134.0	1800	0	263	0	1
6	133.0	1800	0	263	0	1
6	133.0	1800	0	263	0	1
6	134.0	1800	0	263	0	1
6	133.0	1800	0	263	0	1
6	134.0	1800	0	263	0	1
6	134.0	1800	0	263	0	1
6	133.0	1800	0	263	0	1
6	134.0	1800	0	263	0	1
6	134.0	1800	0	263	0	1
6	133.0	1800	0	263	0	0
6	56.0	1800	0	263	0	0
6	56.0	1800	0	263	0	0
6	56.0	1800	0	263	0	0
6	56.0	1800	0	263	0	0
7	56.0	1800	0	394	0	1
7	135.0	1800	0	394	0	1
7	134.0	1800	0	394	0	1
7	135.0	1800	0	394	0	1
7	134.0	1800	0	394	0	1
7	134.0	1800	0	394	0	1
7	135.0	1800	0	394	0	1
7	134.0	1800	0	394	0	1
7	134.0	1800	0	394	0	1
7	135.0	1800	0	394	0	1
7	134.0	1800	0	394	0	1
7	135.0	1800	0	394	0	1
7	134.0	1800	0	394	0	1
7	134.0	1800	0	394	0	1
7	135.0	1800	0	394	0	1
7	135.0	1800	0	394	0	1
7	134.0	1800	0	394	0	1
7	135.0	1800	0	394	0	1
7	134.0	1800	0	394	0	1
7	135.0	1800	0	394	0	1
7	135.0	1800	0	394	0	0
7	56.0	1800	0	394	0	0
7	56.0	1800	0	394	0	0
7	55.0	1800	0	394	0	0
7	56.0	1800	0	394	0	0
8	103.0	1800	0	526	0	1
8	135.0	1800	0	526	0	1
8	136.0	1800	0	526	0	1
8	135.0	1800	0	526	0	1
8	135.0	1800	0	526	0	1
8	135.0	1800	0	526	0	1
8	135.0	1800	0	526	0	1
8	136.0	1800	0	526	0	1
8	135.0	1800	0	526	0	1
8	136.0	1800	0	526	0	1
8	135.0	1800	0	526	0	1
8	135.0	1800	0	526	0	1
8	135.0	1800	0	526	0	1
8	135.0	1800	0	526	0	1
8	134.0	1800	0	526	0	1
8	135.0	1800	0	526	0	1
8	135.0	1800	0	526	0	1
8	135.0	1800	0	526	0	1
8	136.0	1800	0	526	0	1
8	134.0	1800	0	526	0	1
8	135.0	1800	0	526	0	0
8	56.0	1800	0	526	0	0
8	56.0	1800	0	526	0	0
8	55.0	1800	0	526	0	0
8	55.0	1800	0	526	0	0
9	55.0	1800	0	657	0	1
9	135.0	1800	0	657	0	1
9	135.0	1800	0	657	0	1
9	136.0	1800	0	657	0	1
9	135.0	1800	0	657	0	1
9	136.0	1800	0	657	0	1
9	136.0	1800	0	657	0	1
9	135.0	1800	0	657	0	1
9	136.0	1800	0	657	0	1
9	136.0	1800	0	657	0	1
9	135.0	1800	0	657	0	1
9	136.0	1800	0	657	0	1
9	135.0	1800	0	657	0	1
9	136.0	1800	0	657	0	1
9	136.0	1800	0	657	0	1
9	135.0	1800	0	657	0	1
9	135.0	1800	0	657	0	1
9	136.0	1800	0	657	0	1
9	135.0	1800	0	657	0	1
9	136.0	1800	0	657	0	1
9	123.0	1800	0	657	0	0
9	55.0	1800	0	657	0	0
9	55.0	1800	0	657	0	0
9	56.0	1800	0	657	0	0
9	56.0	1800	0	657	0	0
10	56.0	1800	0	789	0	1
10	121.0	1800	0	789	0	1
10	136.0	1800	0	789	0	1
10	136.0	1800	0	789	0	1
10	137.0	1800	0	789	0	1
10	136.0	1800	0	789	0	1
10	136.0	1800	0	789	0	1
10	137.0	1800	0	789	0	1
10	137.0	1800	0	789	0	1
10	137.0	1800	0	789	0	1
10	137.0	1800	0	789	0	1
10	136.0	1800	0	789	0	1
10	137.0	1800	0	789	0	1
10	137.0	1800	0	789	0	1
10	136.0	1800	0	789	0	1
10	137.0	1800	0	789	0	1
10	136.0	1800	0	789	0	1
10	136.0	1800	0	789	0	1
10	137.0	1800	0	789	0	1
10	136.0	1800	0	789	0	1
10	136.0	1800	0	789	0	0
10	56.0	1800	0	789	0	0
10	56.0	1800	0	789	0	0
10	56.0	1800	0	789	0	0
10	56.0	1800	0	789	0	0
11	56.0	1800	0	921	0	1
11	137.0	1800	0	921	0	1
11	138.0	1800	0	921	0	1
11	138.0	1800	0	921	0	1
11	137.0	1800	0	921	0	1
11	137.0	1800	0	921	0	1
11	137.0	1800	0	921	0	1
11	137.0	1800	0	921	0	1
11	138.0	1800	0	921	0	1
11	137.0	1800	0	921	0	1
11	137.0	1800	0	921	0	1
11	138.0	1800	0	921	0	1
11	137.0	1800	0	921	0	1
11	138.0	1800	0	921	0	1
11	138.0	1800	0	921	0	1
11	137.0	1800	0	921	0	1
11	138.0	1800	0	921	0	1
11	138.0	1800	0	921	0	1
11	137.0	1800	0	921	0	1
11	138.0	1800	0	921	0	1
11	138.0	1800	0	921	0	0
11	56.0	1800	0	921	0	0
11	56.0	1800	0	921	0	0
11	56.0	1800	0	921	0	0
11	56.0	1800	0	921	0	0
12	56.0	1800	0	1052	0	1
12	139.0	1800	0	1052	0	1
12	139.0	1800	0	1052	0	1
12	139.0	1800	0	1052	0	1
12	139.0	1800	0	1052	0	1
12	138.0	1800	0	1052	0	1
12	139.0	1800	0	1052	0	1
12	139.0	1800	0	1052	0	1
12	138.0	1800	0	1052	0	1
12	138.0	1800	0	1052	0	1
12	138.0	1800	0	1052	0	1
12	138.0	1800	0	1052	0	1
12	139.0	1800	0	1052	0	1
12	138.0	1800	0	1052	0	1
12	138.0	1800	0	1052	0	1
12	139.0	1800	0	1052	0	1
12	138.0	1800	0	1052	0	1
12	138.0	1800	0	1052	0	1
12	138.0	1800	0	1052	0	1
12	138.0	1800	0	1052	0	1
12	138.0	1800	0	1052	0	0
12	56.0	1800	0	1052	0	0
12	56.0	1800	0	1052	0	0
12	56.0	1800	0	1052	0	0
12	56.0	1800	0	1052	0	0
13	56.0	1800	0	1184	0	1
13	139.0	1800	0	1184	0	1
13	140.0	1800	0	1184	0	1
13	140.0	1800	0	1184	0	1
13	138.0	1800	0	1184	0	1
13	140.0	1800	0	1184	0	1
13	139.0	1800	0	1184	0	1
13	139.0	1800	0	1184	0	1
13	139.0	1800	0	1184	0	1
13	139.0	1800	0	1184	0	1
13	138.0	1800	0	1184	0	1
13	140.0	1800	0	1184	0	1
13	138.0	1800	0	1184	0	1
13	138.0	1800	0	1184	0	1
13	140.0	1800	0	1184	0	1
13	138.0	1800	0	1184	0	1
13	139.0	1800	0	1184	0	1
13	139.0	1800	0	1184	0	1
13	138.0	1800	0	1184	0	1
13	140.0	1800	0	1184	0	1
13	139.0	1800	0	1184	0	0
13	85.0	1800	0	1184	0	0
13	56.0	1800	0	1184	0	0
13	56.0	1800	0	1184	0	0
13	56.0	1800	0	1184	0	0
14	56.0	1800	0	1315	0	1
14	140.0	1800	0	1315	0	1
14	139.0	1800	0	1315	0	1
14	139.0	1800	0	1315	0	1
14	139.0	1800	0	1315	0	1
14	139.0	1800	0	1315	0	1
14	141.0	1800	0	1315	0	1
14	140.0	1800	0	1315	0	1
14	139.0	1800	0	1315	0	1
14	141.0	1800	0	1315	0	1
14	140.0	1800	0	1315	0	1
14	140.0	1800	0	1315	0	1
14	140.0	1800	0	1315	0	1
14	139.0	1800	0	1315	0	1
14	140.0	1800	0	1315	0	1
14	141.0	1800	0	1315	0	1
14	139.0	1800	0	1315	0	1
14	140.0	1800	0	1315	0	1
14	141.0	1800	0	1315	0	1
14	139.0	1800	0	1315	0	1
14	140.0	1800	0	1315	0	0
14	56.0	1800	0	1315	0	0
14	56.0	1800	0	1315	0	0
14	56.0	1800	0	1315	0	0
14	56.0	1800	0	1315	0	0
15	56.0	1800	0	1447	0	1
15	140.0	1800	0	1447	0	1
15	141.0	1800	0	1447	0	1
15	140.0	1800	0	1447	0	1
15	140.0	1800	0	1447	0	1
15	141.0	1800	0	1447	0	1
15	140.0	1800	0	1447	0	1
15	140.0	1800	0	1447	0	1
15	141.0	1800	0	1447	0	1
15	140.0	1800	0	1447	0	1
15	141.0	1800	0	1447	0	1
15	140.0	1800	0	1447	0	1
15	140.0	1800	0	1447	0	1
15	141.0	1800	0	1447	0	1
15	141.0	1800	0	1447	0	1
15	140.0	1800	0	1447	0	1
15	141.0	1800	0	1447	0	1
15	140.0	1800	0	1447	0	1
15	141.0	1800	0	1447	0	1
15	141.0	1800	0	1447	0	1
15	140.0	1800	0	1447	0	0
15	56.0	1800	0	1447	0	0
15	56.0	1800	0	1447	0	0
15	56.0	1800	0	1447	0	0
15	56.0	1800	0	1447	0	0
16	56.0	1800	0	1578	0	1
16	142.0	1800	0	1578	0	1
16	141.0	1800	0	1578	0	1
16	141.0	1800	0	1578	0	1
16	142.0	1800	0	1578	0	1
16	141.0	1800	0	1578	0	1
16	142.0	1800	0	1578	0	1
16	141.0	1800	0	1578	0	1
16	141.0	1800	0	1578	0	1
16	142.0	1800	0	1578	0	1
16	141.0	1800	0	1578	0	1
16	141.0	1800	0	1578	0	1
16	142.0	1800	0	1578	0	1
16	141.0	1800	0	1578	0	1
16	142.0	1800	0	1578	0	1
16	142.0	1800	0	1578	0	1
16	141.0	1800	0	1578	0	1
16	142.0	1800	0	1578	0	1
16	142.0	1800	0	1578	0	1
16	141.0	1800	0	1578	0	1
16	142.0	1800	0	1578	0	0
16	56.0	1800	0	1578	0	0
16	56.0	1800	0	1578	0	0
16	56.0	1800	0	1578	0	0
16	56.0	1800	0	1578	0	0
17	56.0	1800	0	1710	0	1
17	108.0	1800	0	1710	0	1
17	143.0	1800	0	1710	0	1
17	142.0	1800	0	1710	0	1
17	142.0	1800	0	1710	0	1
17	143.0	1800	0	1710	0	1
17	142.0	1800	0	1710	0	1
17	143.0	1800	0	1710	0	1
17	143.0	1800	0	1710	0	1
17	142.0	1800	0	1710	0	1
17	143.0	1800	0	1710	0	1
17	142.0	1800	0	1710	0	1
17	141.0	1800	0	1710	0	1
17	143.0	1800	0	1710	0	1
17	142.0	1800	0	1710	0	1
17	141.0	1800	0	1710	0	1
17	143.0	1800	0	1710	0	1
17	141.0	1800	0	1710	0	1
17	143.0	1800	0	1710	0	1
17	142.0	1800	0	1710	0	1
17	141.0	1800	0	1710	0	0
17	56.0	1800	0	1710	0	0
17	56.0	1800	0	1710	0	0
17	56.0	1800	0	1710	0	0
17	56.0	1800	0	1710	0	0
18	56.0	1800	0	1842	0	1
18	142.0	1800	0	1842	0	1
18	143.0	1800	0	1842	0	1
18	144.0	1800	0	1842	0	1
18	143.0	1800	0	1842	0	1
18	143.0	1800	0	1842	0	1
18	143.0	1800	0	1842	0	1
18	142.0	1800	0	1842	0	1
18	143.0	1800	0	1842	0	1
18	144.0	1800	0	1842	0	1
18	142.0	1800	0	1842	0	1
18	143.0	1800	0	1842	0	1
18	144.0	1800	0	1842	0	1
18	142.0	1800	0	1842	0	1
18	144.0	1800	0	1842	0	1
18	143.0	1800	0	1842	0	1
18	142.0	1800	0	1842	0	1
18	143.0	1800	0	1842	0	1
18	143.0	1800	0	1842	0	1
18	142.0	1800	0	1842	0	1
18	144.0	1800	0	1842	0	0
18	129.0	1800	0	1842	0	0
18	56.0	1800	0	1842	0	0
18	56.0	1800	0	1842	0	0
18	56.0	1800	0	1842	0	0
19	56.0	1800	0	1973	0	1
19	127.0	1800	0	1973	0	1
19	145.0	1800	0	1973	0	1
19	143.0	1800	0	1973	0	1
19	144.0	1800	0	1973	0	1
19	144.0	1800	0	1973	0	1
19	144.0	1800	0	1973	0	1
19	145.0	1800	0	1973	0	1
19	145.0	1800	0	1973	0	1
19	143.0	1800	0	1973	0	1
19	145.0	1800	0	1973	0	1
19	144.0	1800	0	1973	0	1
19	145.0	1800	0	1973	0	1
19	145.0	1800	0	1973	0	1
19	144.0	1800	0	1973	0	1
19	145.0	1800	0	1973	0	1
19	145.0	1800	0	1973	0	1
19	144.0	1800	0	1973	0	1
19	144.0	1800	0	1973	0	1
19	143.0	1800	0	1973	0	1
19	144.0	1800	0	1973	0	0
19	56.0	1800	0	1973	0	0
19	56.0	1800	0	1973	0	0
19	56.0	1800	0	1973	0	0
19	56.0	1800	0	1973	0	0
20	56.0	1800	0	2105	0	1
20	145.0	1800	0	2105	0	1
20	146.0	1800	0	2105	0	1
20	146.0	1800	0	2105	0	1
20	145.0	1800	0	2105	0	1
20	145.0	1800	0	2105	0	1
20	146.0	1800	0	2105	0	1
20	145.0	1800	0	2105	0	1
20	146.0	1800	0	2105	0	1
20	145.0	1800	0	2105	0	1
20	145.0	1800	0	2105	0	1
20	146.0	1800	0	2105	0	1
20	145.0	1800	0	2105	0	1
20	145.0	1800	0	2105	0	1
20	146.0	1800	0	2105	0	1
20	146.0	1800	0	2105	0	1
20	146.0	1800	0	2105	0	1
20	146.0	1800	0	2105	0	1
20	145.0	1800	0	2105	0	1
20	146.0	1800	0	2105	0	1
20	146.0	1800	0	2105	0	0
20	106.0	1800	0	2105	0	0
20	56.0	1800	0	2105	0	0
20	56.0	1800	0	2105	0	0
20	56.0	1800	0	2105	0	0
21	56.0	1800	0	2236	0	1
21	146.0	1800	0	2236	0	1
21	146.0	1800	0	2236	0	1
21	145.0	1800	0	2236	0	1
21	146.0	1800	0	2236	0	1
21	145.0	1800	0	2236	0	1
21	146.0	1800	0	2236	0	1
21	146.0	1800	0	2236	0	1
21	145.0	1800	0	2236	0	1
21	145.0	1800	0	2236	0	1
21	146.0	1800	0	2236	0	1
21	145.0	1800	0	2236	0	1
21	145.0	1800	0	2236	0	1
21	145.0	1800	0	2236	0	1
21	145.0	1800	0	2236	0	1
21	146.0	1800	0	2236	0	1
21	145.0	1800	0	2236	0	1
21	145.0	1800	0	2236	0	1
21	146.0	1800	0	2236	0	1
21	145.0	1800	0	2236	0	1
21	146.0	1800	0	2236	0	0
21	56.0	1800	0	2236	0	0
21	56.0	1800	0	2236	0	0
21	56.0	1800	0	2236	0	0
21	56.0	1800	0	2236	0	0
22	56.0	1800	0	2368	0	1
22	56.0	1800	0	2368	0	1
22	146.0	1800	0	2368	0	1
22	146.0	1800	0	2368	0	1
22	145.0	1800	0	2368	0	1
22	146.0	1800	0	2368	0	1
22	146.0	1800	0	2368	0	1
22	145.0	1800	0	2368	0	1
22	146.0	1800	0	2368	0	1
22	146.0	1800	0	2368	0	1
22	145.0	1800	0	2368	0	1
22	146.0	1800	0	2368	0	1
22	145.0	1800	0	2368	0	1
22	145.0	1800	0	2368	0	1
22	146.0	1800	0	2368	0	1
22	144.0	1800	0	2368	0	1
22	145.0	1800	0	2368	0	1
22	145.0	1800	0	2368	0	1
22	145.0	1800	0	2368	0	1
22	146.0	1800	0	2368	0	1
22	145.0	1800	0	2368	0	0
22	88.0	1800	0	2368	0	0
22	56.0	1800	0	2368	0	0
22	56.0	1800	0	2368	0	0
22	56.0	1800	0	2368	0	0
23	56.0	1800	0	2500	0	1
23	147.0	1800	0	2500	0	1
23	146.0	1800	0	2500	0	1
23	146.0	1800	0	2500	0	1
23	147.0	1800	0	2500	0	1
23	146.0	1800	0	2500	0	1
23	146.0	1800	0	2500	0	1
23	147.0	1800	0	2500	0	1
23	146.0	1800	0	2500	0	1
23	147.0	1800	0	2500	0	1
23	147.0	1800	0	2500	0	1
23	146.0	1800	0	2500	0	1
23	147.0	1800	0	2500	0	1
23	147.0	1800	0	2500	0	1
23	147.0	1800	0	2500	0	1
23	147.0	1800	0	2500	0	1
23	146.0	1800	0	2500	0	1
23	147.0	1800	0	2500	0	1
23	147.0	1800	0	2500	0	1
23	145.0	1800	0	2500	0	1
