Stim	Lux	Yellow	Red	Blue	Blue2	Trig
1	67.0	0	0	0	0	1
1	67.0	0	0	0	0	1
1	67.0	0	0	0	0	1
1	67.0	0	0	0	0	1
1	67.0	0	0	0	0	1
1	67.0	0	0	0	0	1
1	67.0	0	0	0	0	1
1	67.0	0	0	0	0	1
1	67.0	0	0	0	0	1
1	67.0	0	0	0	0	1
1	67.0	0	0	0	0	1
1	67.0	0	0	0	0	1
1	67.0	0	0	0	0	1
1	67.0	0	0	0	0	1
1	67.0	0	0	0	0	1
1	67.0	0	0	0	0	1
1	67.0	0	0	0	0	1
1	67.0	0	0	0	0	1
1	67.0	0	0	0	0	1
1	67.0	0	0	0	0	1
1	67.0	0	0	0	0	0
1	67.0	0	0	0	0	0
1	67.0	0	0	0	0	0
1	67.0	0	0	0	0	0
1	67.0	0	0	0	0	0
2	67.0	0	0	0	0	1
2	67.0	0	0	0	0	1
2	67.0	0	0	0	0	1
2	67.0	0	0	0	0	1
2	67.0	0	0	0	0	1
2	67.0	0	0	0	0	1
2	67.0	0	0	0	0	1
2	67.0	0	0	0	0	1
2	67.0	0	0	0	0	1
2	67.0	0	0	0	0	1
2	67.0	0	0	0	0	1
2	67.0	0	0	0	0	1
2	67.0	0	0	0	0	1
2	67.0	0	0	0	0	1
2	67.0	0	0	0	0	1
2	67.0	0	0	0	0	1
2	67.0	0	0	0	0	1
2	67.0	0	0	0	0	1
2	67.0	0	0	0	0	1
2	67.0	0	0	0	0	1
2	67.0	0	0	0	0	0
2	67.0	0	0	0	0	0
2	67.0	0	0	0	0	0
2	67.0	0	0	0	0	0
2	67.0	0	0	0	0	0
3	67.0	0	0	0	0	1
3	67.0	0	0	0	0	1
3	67.0	0	0	0	0	1
3	67.0	0	0	0	0	1
3	67.0	0	0	0	0	1
3	67.0	0	0	0	0	1
3	67.0	0	0	0	0	1
3	67.0	0	0	0	0	1
3	67.0	0	0	0	0	1
3	67.0	0	0	0	0	1
3	67.0	0	0	0	0	1
3	67.0	0	0	0	0	1
3	67.0	0	0	0	0	1
3	67.0	0	0	0	0	1
3	67.0	0	0	0	0	1
3	67.0	0	0	0	0	1
3	67.0	0	0	0	0	1
3	67.0	0	0	0	0	1
3	67.0	0	0	0	0	1
3	67.0	0	0	0	0	1
3	67.0	0	0	0	0	0
3	67.0	0	0	0	0	0
3	67.0	0	0	0	0	0
3	67.0	0	0	0	0	0
3	67.0	0	0	0	0	0
4	67.0	0	0	0	0	1
4	67.0	0	0	0	0	1
4	67.0	0	0	0	0	1
4	67.0	0	0	0	0	1
4	67.0	0	0	0	0	1
4	67.0	0	0	0	0	1
4	67.0	0	0	0	0	1
4	67.0	0	0	0	0	1
4	67.0	0	0	0	0	1
4	67.0	0	0	0	0	1
4	67.0	0	0	0	0	1
4	67.0	0	0	0	0	1
4	67.0	0	0	0	0	1
4	67.0	0	0	0	0	1
4	67.0	0	0	0	0	1
4	67.0	0	0	0	0	1
4	67.0	0	0	0	0	1
4	67.0	0	0	0	0	1
4	67.0	0	0	0	0	1
4	67.0	0	0	0	0	1
4	67.0	0	0	0	0	0
4	67.0	0	0	0	0	0
4	67.0	0	0	0	0	0
4	67.0	0	0	0	0	0
4	67.0	0	0	0	0	0
5	67.0	0	0	131	0	1
5	68.0	0	0	131	0	1
5	68.0	0	0	131	0	1
5	69.0	0	0	131	0	1
5	69.0	0	0	131	0	1
5	69.0	0	0	131	0	1
5	68.0	0	0	131	0	1
5	68.0	0	0	131	0	1
5	68.0	0	0	131	0	1
5	69.0	0	0	131	0	1
5	69.0	0	0	131	0	1
5	69.0	0	0	131	0	1
5	68.0	0	0	131	0	1
5	68.0	0	0	131	0	1
5	69.0	0	0	131	0	1
5	69.0	0	0	131	0	1
5	69.0	0	0	131	0	1
5	68.0	0	0	131	0	1
5	68.0	0	0	131	0	1
5	69.0	0	0	131	0	1
5	69.0	0	0	131	0	0
5	67.0	0	0	131	0	0
5	67.0	0	0	131	0	0
5	67.0	0	0	131	0	0
5	67.0	0	0	131	0	0
6	71.0	0	0	263	0	1
6	79.0	0	0	263	0	1
6	79.0	0	0	263	0	1
6	79.0	0	0	263	0	1
6	79.0	0	0	263	0	1
6	79.0	0	0	263	0	1
6	79.0	0	0	263	0	1
6	79.0	0	0	263	0	1
6	79.0	0	0	263	0	1
6	79.0	0	0	263	0	1
6	79.0	0	0	263	0	1
6	79.0	0	0	263	0	1
6	79.0	0	0	263	0	1
6	79.0	0	0	263	0	1
6	79.0	0	0	263	0	1
6	79.0	0	0	263	0	1
6	79.0	0	0	263	0	1
6	79.0	0	0	263	0	1
6	79.0	0	0	263	0	1
6	79.0	0	0	263	0	1
6	79.0	0	0	263	0	0
6	67.0	0	0	263	0	0
6	67.0	0	0	263	0	0
6	67.0	0	0	263	0	0
6	67.0	0	0	263	0	0
7	67.0	0	0	394	0	1
7	91.0	0	0	394	0	1
7	91.0	0	0	394	0	1
7	91.0	0	0	394	0	1
7	91.0	0	0	394	0	1
7	91.0	0	0	394	0	1
7	91.0	0	0	394	0	1
7	91.0	0	0	394	0	1
7	91.0	0	0	394	0	1
7	91.0	0	0	394	0	1
7	91.0	0	0	394	0	1
7	91.0	0	0	394	0	1
7	91.0	0	0	394	0	1
7	91.0	0	0	394	0	1
7	91.0	0	0	394	0	1
7	91.0	0	0	394	0	1
7	91.0	0	0	394	0	1
7	91.0	0	0	394	0	1
7	91.0	0	0	394	0	1
7	91.0	0	0	394	0	1
7	91.0	0	0	394	0	0
7	67.0	0	0	394	0	0
7	67.0	0	0	394	0	0
7	67.0	0	0	394	0	0
7	67.0	0	0	394	0	0
8	89.0	0	0	526	0	1
8	104.0	0	0	526	0	1
8	104.0	0	0	526	0	1
8	104.0	0	0	526	0	1
8	104.0	0	0	526	0	1
8	104.0	0	0	526	0	1
8	104.0	0	0	526	0	1
8	104.0	0	0	526	0	1
8	104.0	0	0	526	0	1
8	104.0	0	0	526	0	1
8	104.0	0	0	526	0	1
8	104.0	0	0	526	0	1
8	104.0	0	0	526	0	1
8	104.0	0	0	526	0	1
8	104.0	0	0	526	0	1
8	104.0	0	0	526	0	1
8	104.0	0	0	526	0	1
8	104.0	0	0	526	0	1
8	105.0	0	0	526	0	1
8	104.0	0	0	526	0	1
8	104.0	0	0	526	0	0
8	67.0	0	0	526	0	0
8	67.0	0	0	526	0	0
8	67.0	0	0	526	0	0
8	67.0	0	0	526	0	0
9	67.0	0	0	657	0	1
9	117.0	0	0	657	0	1
9	117.0	0	0	657	0	1
9	118.0	0	0	657	0	1
9	117.0	0	0	657	0	1
9	118.0	0	0	657	0	1
9	118.0	0	0	657	0	1
9	117.0	0	0	657	0	1
9	118.0	0	0	657	0	1
9	118.0	0	0	657	0	1
9	117.0	0	0	657	0	1
9	118.0	0	0	657	0	1
9	117.0	0	0	657	0	1
9	118.0	0	0	657	0	1
9	118.0	0	0	657	0	1
9	117.0	0	0	657	0	1
9	117.0	0	0	657	0	1
9	117.0	0	0	657	0	1
9	117.0	0	0	657	0	1
9	118.0	0	0	657	0	1
9	109.0	0	0	657	0	0
9	67.0	0	0	657	0	0
9	67.0	0	0	657	0	0
9	67.0	0	0	657	0	0
9	67.0	0	0	657	0	0
10	67.0	0	0	789	0	1
10	118.0	0	0	789	0	1
10	130.0	0	0	789	0	1
10	130.0	0	0	789	0	1
10	131.0	0	0	789	0	1
10	130.0	0	0	789	0	1
10	130.0	0	0	789	0	1
10	131.0	0	0	789	0	1
10	131.0	0	0	789	0	1
10	131.0	0	0	789	0	1
10	131.0	0	0	789	0	1
10	130.0	0	0	789	0	1
10	131.0	0	0	789	0	1
10	131.0	0	0	789	0	1
10	130.0	0	0	789	0	1
10	131.0	0	0	789	0	1
10	130.0	0	0	789	0	1
10	130.0	0	0	789	0	1
10	131.0	0	0	789	0	1
10	130.0	0	0	789	0	1
10	130.0	0	0	789	0	0
10	67.0	0	0	789	0	0
10	67.0	0	0	789	0	0
10	67.0	0	0	789	0	0
10	67.0	0	0	789	0	0
11	67.0	0	0	921	0	1
11	143.0	0	0	921	0	1
11	144.0	0	0	921	0	1
11	144.0	0	0	921	0	1
11	143.0	0	0	921	0	1
11	143.0	0	0	921	0	1
11	143.0	0	0	921	0	1
11	143.0	0	0	921	0	1
11	144.0	0	0	921	0	1
11	143.0	0	0	921	0	1
11	143.0	0	0	921	0	1
11	144.0	0	0	921	0	1
11	143.0	0	0	921	0	1
11	144.0	0	0	921	0	1
11	144.0	0	0	921	0	1
11	143.0	0	0	921	0	1
11	144.0	0	0	921	0	1
11	144.0	0	0	921	0	1
11	143.0	0	0	921	0	1
11	144.0	0	0	921	0	1
11	145.0	0	0	921	0	0
11	67.0	0	0	921	0	0
11	67.0	0	0	921	0	0
11	67.0	0	0	921	0	0
11	67.0	0	0	921	0	0
12	67.0	0	0	1052	0	1
12	157.0	0	0	1052	0	1
12	157.0	0	0	1052	0	1
12	157.0	0	0	1052	0	1
12	157.0	0	0	1052	0	1
12	156.0	0	0	1052	0	1
12	157.0	0	0	1052	0	1
12	157.0	0	0	1052	0	1
12	156.0	0	0	1052	0	1
12	156.0	0	0	1052	0	1
12	156.0	0	0	1052	0	1
12	156.0	0	0	1052	0	1
12	157.0	0	0	1052	0	1
12	156.0	0	0	1052	0	1
12	156.0	0	0	1052	0	1
12	157.0	0	0	1052	0	1
12	156.0	0	0	1052	0	1
12	156.0	0	0	1052	0	1
12	156.0	0	0	1052	0	1
12	156.0	0	0	1052	0	1
12	157.0	0	0	1052	0	0
12	67.0	0	0	1052	0	0
12	67.0	0	0	1052	0	0
12	67.0	0	0	1052	0	0
12	67.0	0	0	1052	0	0
13	67.0	0	0	1184	0	1
13	169.0	0	0	1184	0	1
13	171.0	0	0	1184	0	1
13	170.0	0	0	1184	0	1
13	169.0	0	0	1184	0	1
13	170.0	0	0	1184	0	1
13	170.0	0	0	1184	0	1
13	170.0	0	0	1184	0	1
13	170.0	0	0	1184	0	1
13	169.0	0	0	1184	0	1
13	169.0	0	0	1184	0	1
13	171.0	0	0	1184	0	1
13	169.0	0	0	1184	0	1
13	169.0	0	0	1184	0	1
13	170.0	0	0	1184	0	1
13	169.0	0	0	1184	0	1
13	170.0	0	0	1184	0	1
13	169.0	0	0	1184	0	1
13	169.0	0	0	1184	0	1
13	170.0	0	0	1184	0	1
13	170.0	0	0	1184	0	0
13	103.0	0	0	1184	0	0
13	67.0	0	0	1184	0	0
13	67.0	0	0	1184	0	0
13	67.0	0	0	1184	0	0
14	67.0	0	0	1315	0	1
14	183.0	0	0	1315	0	1
14	182.0	0	0	1315	0	1
14	182.0	0	0	1315	0	1
14	183.0	0	0	1315	0	1
14	182.0	0	0	1315	0	1
14	184.0	0	0	1315	0	1
14	183.0	0	0	1315	0	1
14	182.0	0	0	1315	0	1
14	184.0	0	0	1315	0	1
14	184.0	0	0	1315	0	1
14	182.0	0	0	1315	0	1
14	183.0	0	0	1315	0	1
14	182.0	0	0	1315	0	1
14	184.0	0	0	1315	0	1
14	184.0	0	0	1315	0	1
14	182.0	0	0	1315	0	1
14	184.0	0	0	1315	0	1
14	184.0	0	0	1315	0	1
14	182.0	0	0	1315	0	1
14	184.0	0	0	1315	0	0
14	67.0	0	0	1315	0	0
14	67.0	0	0	1315	0	0
14	67.0	0	0	1315	0	0
14	67.0	0	0	1315	0	0
15	67.0	0	0	1447	0	1
15	195.0	0	0	1447	0	1
15	197.0	0	0	1447	0	1
15	195.0	0	0	1447	0	1
15	195.0	0	0	1447	0	1
15	197.0	0	0	1447	0	1
15	195.0	0	0	1447	0	1
15	195.0	0	0	1447	0	1
15	197.0	0	0	1447	0	1
15	195.0	0	0	1447	0	1
15	197.0	0	0	1447	0	1
15	196.0	0	0	1447	0	1
15	195.0	0	0	1447	0	1
15	197.0	0	0	1447	0	1
15	197.0	0	0	1447	0	1
15	195.0	0	0	1447	0	1
15	197.0	0	0	1447	0	1
15	195.0	0	0	1447	0	1
15	197.0	0	0	1447	0	1
15	197.0	0	0	1447	0	1
15	195.0	0	0	1447	0	0
15	67.0	0	0	1447	0	0
15	67.0	0	0	1447	0	0
15	67.0	0	0	1447	0	0
15	67.0	0	0	1447	0	0
16	67.0	0	0	1578	0	1
16	210.0	0	0	1578	0	1
16	208.0	0	0	1578	0	1
16	208.0	0	0	1578	0	1
16	211.0	0	0	1578	0	1
16	208.0	0	0	1578	0	1
16	211.0	0	0	1578	0	1
16	208.0	0	0	1578	0	1
16	208.0	0	0	1578	0	1
16	210.0	0	0	1578	0	1
16	208.0	0	0	1578	0	1
16	208.0	0	0	1578	0	1
16	210.0	0	0	1578	0	1
16	208.0	0	0	1578	0	1
16	210.0	0	0	1578	0	1
16	210.0	0	0	1578	0	1
16	208.0	0	0	1578	0	1
16	210.0	0	0	1578	0	1
16	210.0	0	0	1578	0	1
16	208.0	0	0	1578	0	1
16	210.0	0	0	1578	0	0
16	67.0	0	0	1578	0	0
16	67.0	0	0	1578	0	0
16	67.0	0	0	1578	0	0
16	67.0	0	0	1578	0	0
17	67.0	0	0	1710	0	1
17	161.0	0	0	1710	0	1
17	224.0	0	0	1710	0	1
17	221.0	0	0	1710	0	1
17	223.0	0	0	1710	0	1
17	224.0	0	0	1710	0	1
17	221.0	0	0	1710	0	1
17	224.0	0	0	1710	0	1
17	224.0	0	0	1710	0	1
17	221.0	0	0	1710	0	1
17	224.0	0	0	1710	0	1
17	221.0	0	0	1710	0	1
17	222.0	0	0	1710	0	1
17	224.0	0	0	1710	0	1
17	221.0	0	0	1710	0	1
17	222.0	0	0	1710	0	1
17	223.0	0	0	1710	0	1
17	222.0	0	0	1710	0	1
17	224.0	0	0	1710	0	1
17	221.0	0	0	1710	0	1
17	222.0	0	0	1710	0	0
17	67.0	0	0	1710	0	0
17	67.0	0	0	1710	0	0
17	67.0	0	0	1710	0	0
17	67.0	0	0	1710	0	0
18	67.0	0	0	1842	0	1
18	235.0	0	0	1842	0	1
18	234.0	0	0	1842	0	1
18	238.0	0	0	1842	0	1
18	235.0	0	0	1842	0	1
18	234.0	0	0	1842	0	1
18	237.0	0	0	1842	0	1
18	234.0	0	0	1842	0	1
18	237.0	0	0	1842	0	1
18	238.0	0	0	1842	0	1
18	234.0	0	0	1842	0	1
18	237.0	0	0	1842	0	1
18	237.0	0	0	1842	0	1
18	235.0	0	0	1842	0	1
18	237.0	0	0	1842	0	1
18	235.0	0	0	1842	0	1
18	235.0	0	0	1842	0	1
18	237.0	0	0	1842	0	1
18	235.0	0	0	1842	0	1
18	235.0	0	0	1842	0	1
18	237.0	0	0	1842	0	0
18	207.0	0	0	1842	0	0
18	67.0	0	0	1842	0	0
18	67.0	0	0	1842	0	0
18	67.0	0	0	1842	0	0
19	67.0	0	0	1973	0	1
19	213.0	0	0	1973	0	1
19	250.0	0	0	1973	0	1
19	248.0	0	0	1973	0	1
19	250.0	0	0	1973	0	1
19	249.0	0	0	1973	0	1
19	248.0	0	0	1973	0	1
19	250.0	0	0	1973	0	1
19	251.0	0	0	1973	0	1
19	248.0	0	0	1973	0	1
19	250.0	0	0	1973	0	1
19	248.0	0	0	1973	0	1
19	250.0	0	0	1973	0	1
19	250.0	0	0	1973	0	1
19	248.0	0	0	1973	0	1
19	250.0	0	0	1973	0	1
19	250.0	0	0	1973	0	1
19	248.0	0	0	1973	0	1
19	248.0	0	0	1973	0	1
19	247.0	0	0	1973	0	1
19	248.0	0	0	1973	0	0
19	67.0	0	0	1973	0	0
19	67.0	0	0	1973	0	0
19	67.0	0	0	1973	0	0
19	67.0	0	0	1973	0	0
20	67.0	0	0	2105	0	1
20	261.0	0	0	2105	0	1
20	264.0	0	0	2105	0	1
20	265.0	0	0	2105	0	1
20	261.0	0	0	2105	0	1
20	261.0	0	0	2105	0	1
20	263.0	0	0	2105	0	1
20	261.0	0	0	2105	0	1
20	264.0	0	0	2105	0	1
20	261.0	0	0	2105	0	1
20	261.0	0	0	2105	0	1
20	263.0	0	0	2105	0	1
20	261.0	0	0	2105	0	1
20	261.0	0	0	2105	0	1
20	263.0	0	0	2105	0	1
20	263.0	0	0	2105	0	1
20	263.0	0	0	2105	0	1
20	263.0	0	0	2105	0	1
20	262.0	0	0	2105	0	1
20	264.0	0	0	2105	0	1
20	264.0	0	0	2105	0	0
20	175.0	0	0	2105	0	0
20	67.0	0	0	2105	0	0
20	67.0	0	0	2105	0	0
20	67.0	0	0	2105	0	0
21	67.0	0	0	2236	0	1
21	277.0	0	0	2236	0	1
21	277.0	0	0	2236	0	1
21	274.0	0	0	2236	0	1
21	277.0	0	0	2236	0	1
21	274.0	0	0	2236	0	1
21	277.0	0	0	2236	0	1
21	277.0	0	0	2236	0	1
21	274.0	0	0	2236	0	1
21	275.0	0	0	2236	0	1
21	277.0	0	0	2236	0	1
21	275.0	0	0	2236	0	1
21	275.0	0	0	2236	0	1
21	274.0	0	0	2236	0	1
21	275.0	0	0	2236	0	1
21	277.0	0	0	2236	0	1
21	274.0	0	0	2236	0	1
21	275.0	0	0	2236	0	1
21	277.0	0	0	2236	0	1
21	275.0	0	0	2236	0	1
21	277.0	0	0	2236	0	0
21	67.0	0	0	2236	0	0
21	67.0	0	0	2236	0	0
21	67.0	0	0	2236	0	0
21	66.0	0	0	2236	0	0
22	67.0	0	0	2368	0	1
22	67.0	0	0	2368	0	1
22	291.0	0	0	2368	0	1
22	291.0	0	0	2368	0	1
22	288.0	0	0	2368	0	1
22	290.0	0	0	2368	0	1
22	290.0	0	0	2368	0	1
22	288.0	0	0	2368	0	1
22	291.0	0	0	2368	0	1
22	290.0	0	0	2368	0	1
22	288.0	0	0	2368	0	1
22	290.0	0	0	2368	0	1
22	287.0	0	0	2368	0	1
22	288.0	0	0	2368	0	1
22	290.0	0	0	2368	0	1
22	287.0	0	0	2368	0	1
22	288.0	0	0	2368	0	1
22	288.0	0	0	2368	0	1
22	288.0	0	0	2368	0	1
22	290.0	0	0	2368	0	1
22	288.0	0	0	2368	0	0
22	145.0	0	0	2368	0	0
22	67.0	0	0	2368	0	0
22	67.0	0	0	2368	0	0
22	67.0	0	0	2368	0	0
23	67.0	0	0	2500	0	1
23	304.0	0	0	2500	0	1
23	301.0	0	0	2500	0	1
23	302.0	0	0	2500	0	1
23	304.0	0	0	2500	0	1
23	301.0	0	0	2500	0	1
23	301.0	0	0	2500	0	1
23	305.0	0	0	2500	0	1
23	302.0	0	0	2500	0	1
23	304.0	0	0	2500	0	1
23	304.0	0	0	2500	0	1
23	302.0	0	0	2500	0	1
23	304.0	0	0	2500	0	1
23	304.0	0	0	2500	0	1
23	304.0	0	0	2500	0	1
23	304.0	0	0	2500	0	1
23	301.0	0	0	2500	0	1
23	303.0	0	0	2500	0	1
23	304.0	0	0	2500	0	1
23	301.0	0	0	2500	0	1
