Stim	Lux	Yellow	Red	Blue	Blue2	Trig
1	56.0	0	0	0	0	1
1	56.0	0	0	0	0	1
1	56.0	0	0	0	0	1
1	56.0	0	0	0	0	1
1	56.0	0	0	0	0	1
1	56.0	0	0	0	0	1
1	56.0	0	0	0	0	1
1	56.0	0	0	0	0	1
1	56.0	0	0	0	0	1
1	56.0	0	0	0	0	1
1	56.0	0	0	0	0	1
1	56.0	0	0	0	0	1
1	56.0	0	0	0	0	1
1	56.0	0	0	0	0	1
1	56.0	0	0	0	0	1
1	56.0	0	0	0	0	1
1	56.0	0	0	0	0	1
1	56.0	0	0	0	0	1
1	56.0	0	0	0	0	1
1	56.0	0	0	0	0	1
1	56.0	0	0	0	0	0
1	56.0	0	0	0	0	0
1	56.0	0	0	0	0	0
1	56.0	0	0	0	0	0
1	56.0	0	0	0	0	0
2	56.0	0	0	0	0	1
2	56.0	0	0	0	0	1
2	56.0	0	0	0	0	1
2	56.0	0	0	0	0	1
2	56.0	0	0	0	0	1
2	56.0	0	0	0	0	1
2	56.0	0	0	0	0	1
2	56.0	0	0	0	0	1
2	56.0	0	0	0	0	1
2	56.0	0	0	0	0	1
2	56.0	0	0	0	0	1
2	56.0	0	0	0	0	1
2	56.0	0	0	0	0	1
2	56.0	0	0	0	0	1
2	56.0	0	0	0	0	1
2	56.0	0	0	0	0	1
2	56.0	0	0	0	0	1
2	56.0	0	0	0	0	1
2	56.0	0	0	0	0	1
2	56.0	0	0	0	0	1
2	56.0	0	0	0	0	0
2	56.0	0	0	0	0	0
2	56.0	0	0	0	0	0
2	56.0	0	0	0	0	0
2	56.0	0	0	0	0	0
3	56.0	0	0	0	0	1
3	56.0	0	0	0	0	1
3	56.0	0	0	0	0	1
3	56.0	0	0	0	0	1
3	56.0	0	0	0	0	1
3	56.0	0	0	0	0	1
3	56.0	0	0	0	0	1
3	56.0	0	0	0	0	1
3	56.0	0	0	0	0	1
3	56.0	0	0	0	0	1
3	56.0	0	0	0	0	1
3	56.0	0	0	0	0	1
3	56.0	0	0	0	0	1
3	56.0	0	0	0	0	1
3	56.0	0	0	0	0	1
3	56.0	0	0	0	0	1
3	56.0	0	0	0	0	1
3	56.0	0	0	0	0	1
3	56.0	0	0	0	0	1
3	56.0	0	0	0	0	1
3	56.0	0	0	0	0	0
3	56.0	0	0	0	0	0
3	56.0	0	0	0	0	0
3	56.0	0	0	0	0	0
3	56.0	0	0	0	0	0
4	56.0	0	0	0	0	1
4	56.0	0	0	0	0	1
4	56.0	0	0	0	0	1
4	56.0	0	0	0	0	1
4	56.0	0	0	0	0	1
4	56.0	0	0	0	0	1
4	56.0	0	0	0	0	1
4	56.0	0	0	0	0	1
4	56.0	0	0	0	0	1
4	56.0	0	0	0	0	1
4	56.0	0	0	0	0	1
4	56.0	0	0	0	0	1
4	56.0	0	0	0	0	1
4	56.0	0	0	0	0	1
4	56.0	0	0	0	0	1
4	56.0	0	0	0	0	1
4	56.0	0	0	0	0	1
4	56.0	0	0	0	0	1
4	56.0	0	0	0	0	1
4	56.0	0	0	0	0	1
4	56.0	0	0	0	0	0
4	56.0	0	0	0	0	0
4	56.0	0	0	0	0	0
4	56.0	0	0	0	0	0
4	56.0	0	0	0	0	0
5	56.0	0	0	131	0	1
5	56.0	0	0	131	0	1
5	56.0	0	0	131	0	1
5	56.0	0	0	131	0	1
5	56.0	0	0	131	0	1
5	56.0	0	0	131	0	1
5	56.0	0	0	131	0	1
5	56.0	0	0	131	0	1
5	56.0	0	0	131	0	1
5	56.0	0	0	131	0	1
5	56.0	0	0	131	0	1
5	56.0	0	0	131	0	1
5	56.0	0	0	131	0	1
5	56.0	0	0	131	0	1
5	56.0	0	0	131	0	1
5	56.0	0	0	131	0	1
5	56.0	0	0	131	0	1
5	56.0	0	0	131	0	1
5	56.0	0	0	131	0	1
5	56.0	0	0	131	0	1
5	56.0	0	0	131	0	0
5	56.0	0	0	131	0	0
5	56.0	0	0	131	0	0
5	56.0	0	0	131	0	0
5	56.0	0	0	131	0	0
6	56.0	0	0	263	0	1
6	57.0	0	0	263	0	1
6	57.0	0	0	263	0	1
6	57.0	0	0	263	0	1
6	57.0	0	0	263	0	1
6	57.0	0	0	263	0	1
6	57.0	0	0	263	0	1
6	57.0	0	0	263	0	1
6	57.0	0	0	263	0	1
6	57.0	0	0	263	0	1
6	57.0	0	0	263	0	1
6	57.0	0	0	263	0	1
6	57.0	0	0	263	0	1
6	57.0	0	0	263	0	1
6	57.0	0	0	263	0	1
6	57.0	0	0	263	0	1
6	57.0	0	0	263	0	1
6	57.0	0	0	263	0	1
6	57.0	0	0	263	0	1
6	57.0	0	0	263	0	1
6	57.0	0	0	263	0	0
6	56.0	0	0	263	0	0
6	56.0	0	0	263	0	0
6	56.0	0	0	263	0	0
6	56.0	0	0	263	0	0
7	56.0	0	0	394	0	1
7	58.0	0	0	394	0	1
7	58.0	0	0	394	0	1
7	58.0	0	0	394	0	1
7	58.0	0	0	394	0	1
7	58.0	0	0	394	0	1
7	58.0	0	0	394	0	1
7	58.0	0	0	394	0	1
7	58.0	0	0	394	0	1
7	58.0	0	0	394	0	1
7	58.0	0	0	394	0	1
7	58.0	0	0	394	0	1
7	58.0	0	0	394	0	1
7	58.0	0	0	394	0	1
7	58.0	0	0	394	0	1
7	58.0	0	0	394	0	1
7	58.0	0	0	394	0	1
7	58.0	0	0	394	0	1
7	58.0	0	0	394	0	1
7	58.0	0	0	394	0	1
7	58.0	0	0	394	0	0
7	56.0	0	0	394	0	0
7	56.0	0	0	394	0	0
7	56.0	0	0	394	0	0
7	56.0	0	0	394	0	0
8	58.0	0	0	526	0	1
8	58.0	0	0	526	0	1
8	59.0	0	0	526	0	1
8	58.0	0	0	526	0	1
8	58.0	0	0	526	0	1
8	58.0	0	0	526	0	1
8	59.0	0	0	526	0	1
8	58.0	0	0	526	0	1
8	58.0	0	0	526	0	1
8	58.0	0	0	526	0	1
8	58.0	0	0	526	0	1
8	58.0	0	0	526	0	1
8	59.0	0	0	526	0	1
8	59.0	0	0	526	0	1
8	58.0	0	0	526	0	1
8	58.0	0	0	526	0	1
8	58.0	0	0	526	0	1
8	59.0	0	0	526	0	1
8	59.0	0	0	526	0	1
8	58.0	0	0	526	0	1
8	58.0	0	0	526	0	0
8	56.0	0	0	526	0	0
8	56.0	0	0	526	0	0
8	56.0	0	0	526	0	0
8	56.0	0	0	526	0	0
9	56.0	0	0	657	0	1
9	59.0	0	0	657	0	1
9	59.0	0	0	657	0	1
9	59.0	0	0	657	0	1
9	59.0	0	0	657	0	1
9	59.0	0	0	657	0	1
9	59.0	0	0	657	0	1
9	59.0	0	0	657	0	1
9	59.0	0	0	657	0	1
9	59.0	0	0	657	0	1
9	59.0	0	0	657	0	1
9	59.0	0	0	657	0	1
9	59.0	0	0	657	0	1
9	59.0	0	0	657	0	1
9	59.0	0	0	657	0	1
9	59.0	0	0	657	0	1
9	59.0	0	0	657	0	1
9	60.0	0	0	657	0	1
9	59.0	0	0	657	0	1
9	59.0	0	0	657	0	1
9	59.0	0	0	657	0	0
9	56.0	0	0	657	0	0
9	56.0	0	0	657	0	0
9	56.0	0	0	657	0	0
9	56.0	0	0	657	0	0
10	56.0	0	0	789	0	1
10	59.0	0	0	789	0	1
10	60.0	0	0	789	0	1
10	60.0	0	0	789	0	1
10	60.0	0	0	789	0	1
10	60.0	0	0	789	0	1
10	60.0	0	0	789	0	1
10	60.0	0	0	789	0	1
10	60.0	0	0	789	0	1
10	60.0	0	0	789	0	1
10	60.0	0	0	789	0	1
10	60.0	0	0	789	0	1
10	60.0	0	0	789	0	1
10	60.0	0	0	789	0	1
10	60.0	0	0	789	0	1
10	60.0	0	0	789	0	1
10	60.0	0	0	789	0	1
10	60.0	0	0	789	0	1
10	60.0	0	0	789	0	1
10	60.0	0	0	789	0	1
10	60.0	0	0	789	0	0
10	56.0	0	0	789	0	0
10	56.0	0	0	789	0	0
10	56.0	0	0	789	0	0
10	56.0	0	0	789	0	0
11	56.0	0	0	921	0	1
11	61.0	0	0	921	0	1
11	61.0	0	0	921	0	1
11	61.0	0	0	921	0	1
11	61.0	0	0	921	0	1
11	61.0	0	0	921	0	1
11	61.0	0	0	921	0	1
11	61.0	0	0	921	0	1
11	61.0	0	0	921	0	1
11	61.0	0	0	921	0	1
11	61.0	0	0	921	0	1
11	61.0	0	0	921	0	1
11	61.0	0	0	921	0	1
11	61.0	0	0	921	0	1
11	61.0	0	0	921	0	1
11	61.0	0	0	921	0	1
11	61.0	0	0	921	0	1
11	61.0	0	0	921	0	1
11	61.0	0	0	921	0	1
11	61.0	0	0	921	0	1
11	61.0	0	0	921	0	0
11	56.0	0	0	921	0	0
11	56.0	0	0	921	0	0
11	56.0	0	0	921	0	0
11	56.0	0	0	921	0	0
12	56.0	0	0	1052	0	1
12	62.0	0	0	1052	0	1
12	62.0	0	0	1052	0	1
12	62.0	0	0	1052	0	1
12	62.0	0	0	1052	0	1
12	61.0	0	0	1052	0	1
12	62.0	0	0	1052	0	1
12	62.0	0	0	1052	0	1
12	62.0	0	0	1052	0	1
12	62.0	0	0	1052	0	1
12	61.0	0	0	1052	0	1
12	61.0	0	0	1052	0	1
12	62.0	0	0	1052	0	1
12	62.0	0	0	1052	0	1
12	62.0	0	0	1052	0	1
12	62.0	0	0	1052	0	1
12	62.0	0	0	1052	0	1
12	61.0	0	0	1052	0	1
12	61.0	0	0	1052	0	1
12	62.0	0	0	1052	0	1
12	62.0	0	0	1052	0	0
12	56.0	0	0	1052	0	0
12	56.0	0	0	1052	0	0
12	56.0	0	0	1052	0	0
12	56.0	0	0	1052	0	0
13	56.0	0	0	1184	0	1
13	62.0	0	0	1184	0	1
13	62.0	0	0	1184	0	1
13	62.0	0	0	1184	0	1
13	62.0	0	0	1184	0	1
13	62.0	0	0	1184	0	1
13	62.0	0	0	1184	0	1
13	62.0	0	0	1184	0	1
13	62.0	0	0	1184	0	1
13	62.0	0	0	1184	0	1
13	62.0	0	0	1184	0	1
13	62.0	0	0	1184	0	1
13	62.0	0	0	1184	0	1
13	62.0	0	0	1184	0	1
13	62.0	0	0	1184	0	1
13	62.0	0	0	1184	0	1
13	62.0	0	0	1184	0	1
13	62.0	0	0	1184	0	1
13	62.0	0	0	1184	0	1
13	62.0	0	0	1184	0	1
13	62.0	0	0	1184	0	0
13	58.0	0	0	1184	0	0
13	56.0	0	0	1184	0	0
13	56.0	0	0	1184	0	0
13	56.0	0	0	1184	0	0
14	56.0	0	0	1315	0	1
14	63.0	0	0	1315	0	1
14	63.0	0	0	1315	0	1
14	63.0	0	0	1315	0	1
14	63.0	0	0	1315	0	1
14	63.0	0	0	1315	0	1
14	63.0	0	0	1315	0	1
14	63.0	0	0	1315	0	1
14	63.0	0	0	1315	0	1
14	63.0	0	0	1315	0	1
14	63.0	0	0	1315	0	1
14	63.0	0	0	1315	0	1
14	63.0	0	0	1315	0	1
14	63.0	0	0	1315	0	1
14	63.0	0	0	1315	0	1
14	63.0	0	0	1315	0	1
14	63.0	0	0	1315	0	1
14	63.0	0	0	1315	0	1
14	63.0	0	0	1315	0	1
14	63.0	0	0	1315	0	1
14	63.0	0	0	1315	0	0
14	56.0	0	0	1315	0	0
14	56.0	0	0	1315	0	0
14	56.0	0	0	1315	0	0
14	56.0	0	0	1315	0	0
15	56.0	0	0	1447	0	1
15	64.0	0	0	1447	0	1
15	64.0	0	0	1447	0	1
15	64.0	0	0	1447	0	1
15	64.0	0	0	1447	0	1
15	64.0	0	0	1447	0	1
15	64.0	0	0	1447	0	1
15	64.0	0	0	1447	0	1
15	64.0	0	0	1447	0	1
15	64.0	0	0	1447	0	1
15	64.0	0	0	1447	0	1
15	64.0	0	0	1447	0	1
15	64.0	0	0	1447	0	1
15	64.0	0	0	1447	0	1
15	64.0	0	0	1447	0	1
15	64.0	0	0	1447	0	1
15	64.0	0	0	1447	0	1
15	64.0	0	0	1447	0	1
15	64.0	0	0	1447	0	1
15	64.0	0	0	1447	0	1
15	64.0	0	0	1447	0	0
15	56.0	0	0	1447	0	0
15	56.0	0	0	1447	0	0
15	56.0	0	0	1447	0	0
15	56.0	0	0	1447	0	0
16	56.0	0	0	1578	0	1
16	65.0	0	0	1578	0	1
16	65.0	0	0	1578	0	1
16	65.0	0	0	1578	0	1
16	65.0	0	0	1578	0	1
16	65.0	0	0	1578	0	1
16	65.0	0	0	1578	0	1
16	65.0	0	0	1578	0	1
16	65.0	0	0	1578	0	1
16	65.0	0	0	1578	0	1
16	65.0	0	0	1578	0	1
16	65.0	0	0	1578	0	1
16	65.0	0	0	1578	0	1
16	65.0	0	0	1578	0	1
16	65.0	0	0	1578	0	1
16	65.0	0	0	1578	0	1
16	65.0	0	0	1578	0	1
16	65.0	0	0	1578	0	1
16	65.0	0	0	1578	0	1
16	65.0	0	0	1578	0	1
16	65.0	0	0	1578	0	0
16	56.0	0	0	1578	0	0
16	56.0	0	0	1578	0	0
16	56.0	0	0	1578	0	0
16	56.0	0	0	1578	0	0
17	56.0	0	0	1710	0	1
17	62.0	0	0	1710	0	1
17	65.0	0	0	1710	0	1
17	65.0	0	0	1710	0	1
17	65.0	0	0	1710	0	1
17	65.0	0	0	1710	0	1
17	66.0	0	0	1710	0	1
17	65.0	0	0	1710	0	1
17	65.0	0	0	1710	0	1
17	65.0	0	0	1710	0	1
17	65.0	0	0	1710	0	1
17	66.0	0	0	1710	0	1
17	66.0	0	0	1710	0	1
17	65.0	0	0	1710	0	1
17	65.0	0	0	1710	0	1
17	65.0	0	0	1710	0	1
17	65.0	0	0	1710	0	1
17	66.0	0	0	1710	0	1
17	65.0	0	0	1710	0	1
17	65.0	0	0	1710	0	1
17	65.0	0	0	1710	0	0
17	56.0	0	0	1710	0	0
17	56.0	0	0	1710	0	0
17	56.0	0	0	1710	0	0
17	56.0	0	0	1710	0	0
18	56.0	0	0	1842	0	1
18	66.0	0	0	1842	0	1
18	66.0	0	0	1842	0	1
18	66.0	0	0	1842	0	1
18	66.0	0	0	1842	0	1
18	66.0	0	0	1842	0	1
18	66.0	0	0	1842	0	1
18	66.0	0	0	1842	0	1
18	66.0	0	0	1842	0	1
18	66.0	0	0	1842	0	1
18	66.0	0	0	1842	0	1
18	66.0	0	0	1842	0	1
18	67.0	0	0	1842	0	1
18	66.0	0	0	1842	0	1
18	66.0	0	0	1842	0	1
18	66.0	0	0	1842	0	1
18	66.0	0	0	1842	0	1
18	66.0	0	0	1842	0	1
18	66.0	0	0	1842	0	1
18	66.0	0	0	1842	0	1
18	66.0	0	0	1842	0	0
18	65.0	0	0	1842	0	0
18	56.0	0	0	1842	0	0
18	56.0	0	0	1842	0	0
18	56.0	0	0	1842	0	0
19	56.0	0	0	1973	0	1
19	65.0	0	0	1973	0	1
19	67.0	0	0	1973	0	1
19	67.0	0	0	1973	0	1
19	67.0	0	0	1973	0	1
19	67.0	0	0	1973	0	1
19	67.0	0	0	1973	0	1
19	67.0	0	0	1973	0	1
19	67.0	0	0	1973	0	1
19	67.0	0	0	1973	0	1
19	67.0	0	0	1973	0	1
19	67.0	0	0	1973	0	1
19	67.0	0	0	1973	0	1
19	67.0	0	0	1973	0	1
19	67.0	0	0	1973	0	1
19	67.0	0	0	1973	0	1
19	67.0	0	0	1973	0	1
19	67.0	0	0	1973	0	1
19	67.0	0	0	1973	0	1
19	67.0	0	0	1973	0	1
19	67.0	0	0	1973	0	0
19	56.0	0	0	1973	0	0
19	56.0	0	0	1973	0	0
19	56.0	0	0	1973	0	0
19	56.0	0	0	1973	0	0
20	56.0	0	0	2105	0	1
20	68.0	0	0	2105	0	1
20	68.0	0	0	2105	0	1
20	68.0	0	0	2105	0	1
20	68.0	0	0	2105	0	1
20	68.0	0	0	2105	0	1
20	68.0	0	0	2105	0	1
20	68.0	0	0	2105	0	1
20	68.0	0	0	2105	0	1
20	68.0	0	0	2105	0	1
20	68.0	0	0	2105	0	1
20	68.0	0	0	2105	0	1
20	68.0	0	0	2105	0	1
20	68.0	0	0	2105	0	1
20	68.0	0	0	2105	0	1
20	68.0	0	0	2105	0	1
20	68.0	0	0	2105	0	1
20	68.0	0	0	2105	0	1
20	68.0	0	0	2105	0	1
20	68.0	0	0	2105	0	1
20	68.0	0	0	2105	0	0
20	62.0	0	0	2105	0	0
20	56.0	0	0	2105	0	0
20	56.0	0	0	2105	0	0
20	56.0	0	0	2105	0	0
21	56.0	0	0	2236	0	1
21	68.0	0	0	2236	0	1
21	68.0	0	0	2236	0	1
21	68.0	0	0	2236	0	1
21	69.0	0	0	2236	0	1
21	68.0	0	0	2236	0	1
21	68.0	0	0	2236	0	1
21	68.0	0	0	2236	0	1
21	68.0	0	0	2236	0	1
21	68.0	0	0	2236	0	1
21	69.0	0	0	2236	0	1
21	68.0	0	0	2236	0	1
21	68.0	0	0	2236	0	1
21	68.0	0	0	2236	0	1
21	68.0	0	0	2236	0	1
21	69.0	0	0	2236	0	1
21	68.0	0	0	2236	0	1
21	68.0	0	0	2236	0	1
21	68.0	0	0	2236	0	1
21	68.0	0	0	2236	0	1
21	69.0	0	0	2236	0	0
21	56.0	0	0	2236	0	0
21	56.0	0	0	2236	0	0
21	56.0	0	0	2236	0	0
21	56.0	0	0	2236	0	0
22	56.0	0	0	2368	0	1
22	56.0	0	0	2368	0	1
22	69.0	0	0	2368	0	1
22	69.0	0	0	2368	0	1
22	69.0	0	0	2368	0	1
22	69.0	0	0	2368	0	1
22	69.0	0	0	2368	0	1
22	69.0	0	0	2368	0	1
22	69.0	0	0	2368	0	1
22	69.0	0	0	2368	0	1
22	69.0	0	0	2368	0	1
22	69.0	0	0	2368	0	1
22	69.0	0	0	2368	0	1
22	69.0	0	0	2368	0	1
22	69.0	0	0	2368	0	1
22	69.0	0	0	2368	0	1
22	69.0	0	0	2368	0	1
22	69.0	0	0	2368	0	1
22	69.0	0	0	2368	0	1
22	69.0	0	0	2368	0	1
22	69.0	0	0	2368	0	0
22	60.0	0	0	2368	0	0
22	56.0	0	0	2368	0	0
22	56.0	0	0	2368	0	0
22	56.0	0	0	2368	0	0
23	56.0	0	0	2500	0	1
23	70.0	0	0	2500	0	1
23	70.0	0	0	2500	0	1
23	70.0	0	0	2500	0	1
23	70.0	0	0	2500	0	1
23	70.0	0	0	2500	0	1
23	70.0	0	0	2500	0	1
23	70.0	0	0	2500	0	1
23	70.0	0	0	2500	0	1
23	70.0	0	0	2500	0	1
23	70.0	0	0	2500	0	1
23	70.0	0	0	2500	0	1
23	70.0	0	0	2500	0	1
23	70.0	0	0	2500	0	1
23	70.0	0	0	2500	0	1
23	70.0	0	0	2500	0	1
23	70.0	0	0	2500	0	1
23	70.0	0	0	2500	0	1
23	70.0	0	0	2500	0	1
23	70.0	0	0	2500	0	1
